

TREE # 1

  0  0.0000   6425.913228  x:  0.02300   0.01009   0.04005   0.09403   0.04177   0.07710   0.02886   0.03172   0.07559   0.05417   0.10699   0.10250   0.10244   0.10600   0.01886   0.05151   0.08378   0.07880   0.10921   0.05172   0.03918   0.99970   0.90353  
  1 99.0000   6258.001079  x:  0.01270   0.00000   0.02739   0.07703   0.02756   0.06167   0.06733   0.06492   0.05976   0.05415   0.10056   0.09914   0.09799   0.10452   0.02486   0.08894   0.08014   0.07116   0.12077   0.10199   0.07873   1.00931   0.89820  
  2 2729.4667   6196.285338  x:  0.00000   0.04824   0.01423   0.05597   0.01109   0.04291   0.09541   0.08999   0.04052   0.05426   0.09302   0.09534   0.09300   0.10316   0.02928   0.12135   0.07592   0.06182   0.13297   0.14464   0.11098   1.02117   0.89157  
  3 6415.1924   6155.719801  x:  0.00000   0.04578   0.00906   0.02015   0.00118   0.01290   0.08176   0.08069   0.01029   0.05567   0.08222   0.09066   0.08570   0.10086   0.02209   0.12686   0.07036   0.04775   0.14455   0.15146   0.10998   1.04258   0.87930  
  4 954.2657   6148.258493  x:  0.00000   0.04546   0.00812   0.00986   0.00513   0.00495   0.07831   0.07840   0.00241   0.05612   0.07914   0.08935   0.08366   0.10023   0.02043   0.12872   0.06881   0.04378   0.14792   0.15381   0.11004   1.04896   0.87564  
  5 6314.9510   6144.351343  x:  0.00000   0.04533   0.00964   0.00277   0.00535   0.00675   0.07607   0.07664   0.00407   0.05677   0.07676   0.08842   0.08226   0.09981   0.02037   0.13022   0.06770   0.04093   0.15075   0.15575   0.11007   1.05525   0.87200  
  6 822.1106   6128.999281  x:  0.00000   0.04451   0.01918   0.00884   0.00666   0.01132   0.05836   0.06246   0.00632   0.06195   0.05751   0.08094   0.07166   0.09700   0.02278   0.14214   0.05911   0.01894   0.17418   0.17134   0.10982   1.11057   0.83985  
  7 869.3084   6104.142324  x:  0.00000   0.04331   0.00367   0.01065   0.00816   0.01122   0.04920   0.04998   0.01334   0.06566   0.04711   0.07446   0.06462   0.09395   0.02978   0.14867   0.05508   0.04864   0.21047   0.18329   0.09963   1.23830   0.76350  
  8 843.3267   6076.556509  x:  0.00000   0.04364   0.04146   0.01128   0.00636   0.00433   0.05321   0.04718   0.00896   0.06812   0.04854   0.07005   0.06259   0.09200   0.03509   0.15157   0.05642   0.09655   0.26650   0.19369   0.08056   1.48041   0.61650  
  9 3708.0663   6062.498721  x:  0.00000   0.04364   0.04100   0.01142   0.00672   0.01372   0.05556   0.05197   0.00000   0.06716   0.05356   0.07169   0.06509   0.09241   0.03050   0.14869   0.05817   0.09730   0.27665   0.19072   0.07859   1.54794   0.57454  
 10 2805.5777   6025.245380  x:  0.00000   0.04376   0.03248   0.01294   0.00771   0.01339   0.06527   0.07248   0.00523   0.06181   0.07500   0.08029   0.07634   0.09489   0.00671   0.13569   0.06527   0.08092   0.30088   0.17468   0.07797   1.75912   0.44210  
 11 6453.2630   6004.760608  x:  0.00000   0.04315   0.02418   0.01111   0.00731   0.00956   0.07286   0.08551   0.00675   0.05695   0.09178   0.08900   0.08678   0.09800   0.02958   0.12213   0.07289   0.06007   0.30952   0.15533   0.08210   1.91881   0.34257  
 12 5006.5022   5990.040929  x:  0.00000   0.04368   0.02534   0.01053   0.00709   0.00919   0.08770   0.05575   0.00503   0.06421   0.07610   0.09158   0.08820   0.10817   0.02458   0.12452   0.07192   0.06188   0.24533   0.14238   0.11699   2.04068   0.31179  
 13 416.4509   5973.881920  x:  0.00000   0.04408   0.02456   0.00990   0.00663   0.00803   0.07552   0.07535   0.00555   0.06364   0.05906   0.08768   0.08176   0.10863   0.02541   0.13511   0.06657   0.06162   0.15162   0.14913   0.10718   2.19128   0.31875  
 14 585.2897   5967.058254  x:  0.00000   0.04412   0.02156   0.00963   0.00678   0.00791   0.08158   0.06006   0.00542   0.06036   0.08346   0.08707   0.08260   0.10398   0.02702   0.13738   0.06986   0.05289   0.12636   0.16173   0.10074   2.28067   0.35763  
 15 368.1008   5959.525078  x:  0.00000   0.04421   0.02085   0.00917   0.00652   0.00654   0.08609   0.06941   0.00555   0.06373   0.07172   0.09475   0.09146   0.10685   0.02876   0.11999   0.07277   0.04991   0.13356   0.14318   0.12139   2.40025   0.44015  
 16 300.8198   5959.344611  x:  0.00000   0.04415   0.02079   0.00918   0.00655   0.00662   0.08747   0.06944   0.00562   0.06007   0.07185   0.09395   0.08974   0.10892   0.02887   0.12412   0.07091   0.04974   0.13442   0.13890   0.12092   2.40315   0.44242  
 17 47.2826   5959.331619  x:  0.00000   0.04414   0.02071   0.00917   0.00655   0.00658   0.08756   0.06963   0.00561   0.06149   0.07228   0.09369   0.08934   0.10962   0.02891   0.12486   0.07103   0.04966   0.13452   0.13831   0.12068   2.40338   0.44259  
 18  9.1232   5959.176522  x:  0.00000   0.04407   0.02047   0.00908   0.00656   0.00660   0.08668   0.06956   0.00563   0.06017   0.07193   0.09290   0.08912   0.11649   0.02883   0.12426   0.07489   0.04925   0.13508   0.14039   0.12011   2.40631   0.44288  
 19  1.7528   5956.126455  x:  0.00000   0.04355   0.01827   0.00841   0.00675   0.00650   0.08805   0.07119   0.00557   0.06146   0.07633   0.09496   0.09329   0.13019   0.02975   0.11780   0.05368   0.04461   0.14205   0.15042   0.11542   2.45943   0.44553  
 20 14.8552   5937.904268  x:  0.00000   0.04077   0.00722   0.00571   0.00798   0.00723   0.08422   0.07973   0.00543   0.05780   0.08476   0.09839   0.09280   0.10148   0.02924   0.13745   0.06875   0.01823   0.18340   0.16825   0.10331   2.77263   0.46080  
 21 284.0226   5936.824523  x:  0.00000   0.04055   0.00796   0.00581   0.00802   0.00745   0.07357   0.08293   0.00550   0.05574   0.09388   0.09465   0.08773   0.09977   0.02927   0.13786   0.06781   0.01983   0.18578   0.16925   0.11306   2.79258   0.46162  
 22 163.4466   5936.791120  x:  0.00000   0.04058   0.00789   0.00583   0.00804   0.00749   0.07458   0.08316   0.00552   0.05564   0.09386   0.09242   0.08581   0.09939   0.02928   0.13630   0.06779   0.01961   0.18580   0.16918   0.11310   2.79322   0.46163  
 23 17.1175   5936.028638  x:  0.00000   0.04031   0.00805   0.00580   0.00828   0.00793   0.07441   0.08336   0.00559   0.05592   0.09276   0.08052   0.09647   0.09841   0.02935   0.13897   0.06762   0.02056   0.18659   0.16956   0.11303   2.81267   0.46335  
 24  0.7016   5921.590789  x:  0.00000   0.03625   0.01275   0.00760   0.01277   0.01860   0.09072   0.08671   0.00708   0.06108   0.07247   0.08972   0.07444   0.08880   0.02995   0.15479   0.07072   0.04471   0.20388   0.19952   0.10245   3.22746   0.49988  
 25 100.6546   5906.804917  x:  0.00000   0.02147   0.00676   0.00279   0.01516   0.01587   0.08216   0.09390   0.00461   0.06090   0.06099   0.08391   0.08677   0.11910   0.02497   0.16954   0.06005   0.03833   0.17664   0.22080   0.13164   4.00415   0.51122  
 26  0.4962   5898.714172  x:  0.00000   0.00575   0.01207   0.00630   0.01638   0.01006   0.08784   0.08958   0.00209   0.05867   0.07534   0.08688   0.08415   0.09774   0.02252   0.16927   0.06583   0.03658   0.17861   0.22448   0.14296   4.46692   0.49408  
 27  0.2902   5898.521133  x:  0.00157   0.00508   0.01229   0.00645   0.01643   0.00981   0.08808   0.08939   0.00198   0.05857   0.07596   0.08700   0.08403   0.09682   0.02242   0.16926   0.06608   0.03651   0.17869   0.22464   0.14345   4.48677   0.49334  
 28 3843.2011   5897.833606  x:  0.00183   0.00255   0.01248   0.00599   0.01634   0.00894   0.09242   0.08873   0.00210   0.05992   0.07202   0.08789   0.08302   0.09968   0.02384   0.16600   0.06722   0.03654   0.17992   0.22224   0.13760   4.50592   0.49156  
 29  0.0270   5897.521736  x:  0.00177   0.00400   0.01244   0.00561   0.01598   0.00889   0.09538   0.08853   0.00259   0.06087   0.06948   0.08853   0.08234   0.10182   0.02547   0.16295   0.06770   0.03661   0.18102   0.21882   0.13184   4.43354   0.49039  
 30  0.1724   5897.451512  x:  0.00187   0.00350   0.01205   0.00531   0.01582   0.00882   0.09507   0.08881   0.00290   0.06076   0.07095   0.08846   0.08265   0.10061   0.02664   0.16192   0.06676   0.03588   0.18132   0.21627   0.12944   4.42224   0.48926  
 31  0.0103   5897.444370  x:  0.00191   0.00346   0.01212   0.00536   0.01578   0.00899   0.09402   0.08866   0.00299   0.06041   0.07087   0.08819   0.08280   0.10078   0.02675   0.16207   0.06677   0.03583   0.18065   0.21544   0.13021   4.42519   0.48954  
 32  0.0020   5897.441868  x:  0.00191   0.00350   0.01218   0.00529   0.01567   0.00886   0.09382   0.08832   0.00300   0.06056   0.07063   0.08822   0.08262   0.10062   0.02679   0.16193   0.06687   0.03597   0.18096   0.21480   0.13015   4.42775   0.48939  
 33  0.0014   5897.439906  x:  0.00190   0.00352   0.01211   0.00537   0.01563   0.00896   0.09381   0.08816   0.00304   0.06069   0.07075   0.08834   0.08261   0.10093   0.02680   0.16187   0.06678   0.03615   0.18121   0.21467   0.12993   4.44000   0.48956  
 34  0.0049   5897.438847  x:  0.00189   0.00353   0.01208   0.00537   0.01559   0.00892   0.09383   0.08822   0.00303   0.06054   0.07071   0.08825   0.08274   0.10066   0.02673   0.16186   0.06675   0.03610   0.18099   0.21477   0.12986   4.45150   0.48963  
 35  0.0068   5897.438714  x:  0.00189   0.00353   0.01211   0.00535   0.01558   0.00892   0.09383   0.08827   0.00303   0.06056   0.07075   0.08823   0.08265   0.10075   0.02674   0.16181   0.06680   0.03604   0.18095   0.21480   0.12985   4.45338   0.48973  
 36  0.0014   5897.438697  x:  0.00189   0.00353   0.01212   0.00535   0.01558   0.00893   0.09384   0.08827   0.00303   0.06057   0.07074   0.08825   0.08268   0.10073   0.02674   0.16181   0.06681   0.03602   0.18098   0.21479   0.12985   4.45365   0.48977  
 37  0.0002   5897.438694  x:  0.00189   0.00353   0.01212   0.00535   0.01557   0.00893   0.09384   0.08827   0.00303   0.06056   0.07074   0.08825   0.08268   0.10073   0.02674   0.16182   0.06679   0.03601   0.18100   0.21479   0.12986   4.45363   0.48977  
 38  0.0000   5897.438692  x:  0.00189   0.00353   0.01212   0.00535   0.01556   0.00893   0.09385   0.08828   0.00303   0.06057   0.07073   0.08825   0.08268   0.10073   0.02674   0.16182   0.06680   0.03601   0.18100   0.21480   0.12986   4.45350   0.48975  
 39  0.0000   5897.438691  x:  0.00189   0.00353   0.01212   0.00535   0.01556   0.00893   0.09384   0.08828   0.00303   0.06057   0.07074   0.08825   0.08268   0.10073   0.02674   0.16182   0.06680   0.03601   0.18099   0.21480   0.12986   4.45345   0.48976  
 40  0.0000   5897.438691  x:  0.00189   0.00353   0.01212   0.00535   0.01556   0.00893   0.09384   0.08828   0.00303   0.06057   0.07074   0.08825   0.08268   0.10073   0.02674   0.16182   0.06680   0.03602   0.18099   0.21480   0.12986   4.45345   0.48976  
 41  0.0000   5897.438691  x:  0.00189   0.00353   0.01212   0.00535   0.01556   0.00893   0.09384   0.08828   0.00303   0.06057   0.07074   0.08825   0.08268   0.10073   0.02674   0.16182   0.06680   0.03602   0.18099   0.21480   0.12986   4.45345   0.48976  
 42  0.0000   5897.438691  x:  0.00189   0.00353   0.01212   0.00535   0.01556   0.00893   0.09384   0.08828   0.00303   0.06057   0.07074   0.08825   0.08268   0.10073   0.02674   0.16182   0.06680   0.03602   0.18099   0.21480   0.12986   4.45345   0.48976  
 43  0.0000   5897.438691  x:  0.00189   0.00353   0.01212   0.00535   0.01556   0.00893   0.09384   0.08828   0.00303   0.06057   0.07074   0.08825   0.08268   0.10073   0.02674   0.16182   0.06680   0.03602   0.18099   0.21480   0.12986   4.45345   0.48976  
check convergence!
