

TREE # 1

  0  0.0000  14444.795169  x:  0.09872   0.07961   0.08593   0.01500   0.07347   0.05334   0.06365   0.07247   0.02655   0.09751   0.05068   0.09950   0.09582   0.01811   0.10358   0.04641   0.06232   0.03899   0.08334   0.01158   0.04115   0.03469   0.03286   0.07913   0.03744   0.09135   0.07507   0.05571   0.09712   0.08149   0.04885   0.02993   0.05725   0.01384   0.07487   0.05263   0.07555   0.09389   0.01873   0.01177   0.09375   0.10625   0.09327   0.05004   0.06460   0.10475   0.01761   0.04888   0.04711   0.07118   0.02480   0.07717   0.04969   0.07858   0.08539   0.07815   0.07600   0.07012   0.08920   0.93179   1.17238  
  1 99.0000  12693.969707  x:  0.12833   0.11072   0.11776   0.10175   0.03844   0.02575   0.02878   0.03528   0.00057   0.06042   0.01963   0.06420   0.06936   0.03439   0.08518   0.00912   0.02507   0.11826   0.18634   0.15474   0.49018   0.10505   0.24179   0.07352   0.04963   0.20351   0.14811   0.11392   0.15731   0.06606   0.05056   0.00000   0.02234   0.02839   0.04621   0.07741   0.07648   0.06702   0.02501   0.05573   0.05810   0.10213   0.07506   0.16250   0.15747   0.10680   0.38160   0.27372   0.03523   0.06687   0.18921   0.19989   0.44458   0.10830   0.10706   0.07172   0.07751   0.10816   0.19113   0.99944   1.12574  
  2 8361.4145  12630.961281  x:  0.13404   0.11666   0.12360   0.11363   0.02990   0.01996   0.02059   0.02630   0.02854   0.05142   0.01319   0.05568   0.06329   0.03609   0.08062   0.00000   0.01596   0.13069   0.20415   0.17513   0.55925   0.11481   0.27406   0.07132   0.05111   0.22346   0.16109   0.12378   0.16854   0.06249   0.05106   0.09269   0.01487   0.02953   0.03968   0.08179   0.07696   0.06049   0.02521   0.06069   0.04935   0.10147   0.07072   0.18032   0.17320   0.10637   0.43576   0.30869   0.03192   0.06491   0.21409   0.22044   0.50615   0.11353   0.11112   0.07033   0.07783   0.11522   0.20948   1.01516   1.11422  
  3 17636.0807  12536.560852  x:  0.13877   0.12121   0.12723   0.10631   0.01504   0.01503   0.00727   0.01041   0.02290   0.03559   0.00729   0.04133   0.05445   0.03195   0.07270   0.00000   0.00000   0.13069   0.21171   0.16736   0.55925   0.10914   0.27379   0.06487   0.04870   0.23411   0.16774   0.12681   0.17634   0.05722   0.05039   0.09435   0.00214   0.02493   0.02990   0.08327   0.07911   0.04930   0.02145   0.05191   0.03392   0.10163   0.06368   0.18148   0.17846   0.10248   0.42787   0.30959   0.02485   0.05869   0.21153   0.22656   0.50937   0.11588   0.11391   0.06867   0.07817   0.11990   0.22012   1.03945   1.09374  
  4 1564.9022  12489.113860  x:  0.14147   0.12350   0.12911   0.10218   0.00535   0.01567   0.00253   0.00000   0.02029   0.02523   0.01183   0.03258   0.04992   0.03110   0.06821   0.00000   0.00000   0.13064   0.21607   0.16250   0.55957   0.10570   0.27376   0.06092   0.04732   0.23994   0.17132   0.12847   0.18063   0.05457   0.05030   0.09507   0.00734   0.02426   0.02553   0.08398   0.08092   0.04181   0.02103   0.04758   0.02380   0.10232   0.05909   0.18223   0.18146   0.10013   0.42310   0.31032   0.02031   0.05500   0.21001   0.23016   0.51160   0.11722   0.11526   0.06789   0.07833   0.12223   0.22602   1.05422   1.08033  
  5 7253.3772  12467.619234  x:  0.14277   0.12447   0.12992   0.10021   0.00000   0.01663   0.00602   0.00000   0.01940   0.01951   0.01284   0.02820   0.04806   0.03133   0.06610   0.00000   0.00000   0.13058   0.21819   0.15991   0.55983   0.10393   0.27378   0.05890   0.04665   0.24263   0.17293   0.12923   0.18262   0.05349   0.05026   0.09531   0.00816   0.02459   0.02418   0.08425   0.08209   0.03755   0.02135   0.04589   0.01821   0.10296   0.05656   0.18262   0.18289   0.09893   0.42060   0.31073   0.01787   0.05318   0.20921   0.23193   0.51282   0.11787   0.11580   0.06759   0.07840   0.12320   0.22878   1.06181   1.07292  
  6 9537.8903  12419.070355  x:  0.14511   0.12458   0.13030   0.09726   0.00000   0.02229   0.00473   0.00000   0.02211   0.00088   0.01006   0.01940   0.04871   0.03796   0.06304   0.00000   0.00000   0.13012   0.22202   0.15252   0.56143   0.09952   0.27418   0.05402   0.04553   0.24579   0.17449   0.13006   0.18516   0.05395   0.05046   0.09431   0.00782   0.03099   0.03047   0.08393   0.08759   0.02215   0.02612   0.04773   0.00000   0.10782   0.04826   0.18363   0.18518   0.09615   0.41381   0.31227   0.01075   0.04963   0.20710   0.23534   0.51653   0.11900   0.11546   0.06797   0.07839   0.12310   0.23262   1.08042   1.04878  
  7 4127.8739  12417.363201  x:  0.14518   0.12454   0.13027   0.09723   0.00000   0.02214   0.00474   0.00000   0.02223   0.00000   0.01020   0.01926   0.04883   0.03803   0.06301   0.00000   0.00000   0.13011   0.22212   0.15221   0.56154   0.09937   0.27422   0.05387   0.04551   0.24582   0.17449   0.13007   0.18519   0.05402   0.05046   0.09427   0.00776   0.03099   0.03066   0.08391   0.08786   0.02132   0.02604   0.04789   0.00000   0.10809   0.04785   0.18367   0.18523   0.09606   0.41355   0.31235   0.01048   0.04956   0.20702   0.23543   0.51670   0.11904   0.11541   0.06800   0.07839   0.12305   0.23268   1.08109   1.04764  
  8 5354.1304  12385.841416  x:  0.14678   0.12386   0.12958   0.09677   0.00000   0.02027   0.00511   0.00000   0.02362   0.00000   0.00846   0.01815   0.05097   0.03808   0.06281   0.00000   0.00000   0.12983   0.22420   0.14545   0.56409   0.09613   0.27504   0.05090   0.04527   0.24595   0.17431   0.13022   0.18567   0.05525   0.05055   0.09375   0.00961   0.03002   0.03289   0.08359   0.09376   0.00000   0.02425   0.05081   0.00000   0.11432   0.03783   0.18457   0.18609   0.09427   0.40773   0.31413   0.00479   0.04835   0.20532   0.23725   0.52050   0.11985   0.11454   0.06850   0.07830   0.12208   0.23379   1.09520   1.02068  
  9 20684.7130  12359.180789  x:  0.14850   0.12373   0.12892   0.09682   0.00000   0.02360   0.00474   0.00000   0.02348   0.00000   0.01134   0.01933   0.05170   0.03763   0.06311   0.00000   0.00000   0.12981   0.22598   0.13842   0.56711   0.09327   0.27600   0.04890   0.04525   0.24567   0.17410   0.13039   0.18598   0.05560   0.05027   0.09382   0.00721   0.03020   0.03267   0.08376   0.09957   0.00000   0.02530   0.05214   0.00000   0.12094   0.02618   0.18544   0.18661   0.09286   0.40168   0.31599   0.00000   0.04814   0.20360   0.23856   0.52444   0.12073   0.11405   0.06864   0.07827   0.12164   0.23457   1.10817   0.98845  
 10 8364.3889  12208.216571  x:  0.15881   0.12688   0.12631   0.09835   0.00000   0.02181   0.00408   0.00000   0.02296   0.00000   0.02242   0.02009   0.04891   0.04991   0.06502   0.00000   0.00000   0.13185   0.23435   0.09505   0.58712   0.08007   0.28193   0.04447   0.04555   0.24309   0.17370   0.13149   0.18764   0.05103   0.04728   0.09399   0.00000   0.04765   0.03450   0.08704   0.11048   0.00000   0.02422   0.05574   0.00000   0.14093   0.05561   0.19001   0.18772   0.08770   0.36257   0.32641   0.00000   0.05255   0.19292   0.24247   0.54734   0.12584   0.11436   0.06811   0.07843   0.12267   0.23809   1.17427   0.74345  
 11 2818.9222  12129.711937  x:  0.15963   0.13178   0.13066   0.09656   0.00000   0.00121   0.00517   0.00000   0.02850   0.00000   0.02565   0.01141   0.04530   0.05816   0.06179   0.00000   0.00000   0.13445   0.23560   0.08117   0.59593   0.08235   0.28365   0.04895   0.04474   0.24825   0.17827   0.13319   0.19193   0.04763   0.04717   0.09186   0.00110   0.05142   0.05182   0.08774   0.10031   0.00000   0.04019   0.04984   0.00000   0.13120   0.04461   0.19187   0.18861   0.08850   0.34240   0.32899   0.00000   0.05381   0.18894   0.24266   0.55503   0.12610   0.11890   0.06732   0.07886   0.12760   0.24196   1.19004   0.57695  
 12 3367.4303  12076.915177  x:  0.15884   0.13494   0.13512   0.09435   0.00000   0.00446   0.00549   0.00000   0.03799   0.00000   0.02844   0.00000   0.04680   0.05984   0.05823   0.00000   0.00000   0.13666   0.23632   0.07163   0.60357   0.08598   0.28508   0.05243   0.04363   0.25432   0.18281   0.13467   0.19618   0.04741   0.04826   0.08851   0.00038   0.04020   0.07312   0.08680   0.08778   0.00000   0.03642   0.04853   0.00000   0.11708   0.03790   0.19372   0.18998   0.08929   0.32560   0.33104   0.00000   0.05305   0.18614   0.24344   0.56153   0.12560   0.12250   0.06763   0.07914   0.13104   0.24578   1.20182   0.42928  
 13 9946.4430  12061.885395  x:  0.15855   0.13690   0.13797   0.09235   0.00000   0.00620   0.00571   0.00000   0.04365   0.00000   0.02995   0.00015   0.04738   0.06150   0.05538   0.00000   0.00000   0.13782   0.23725   0.06635   0.60750   0.08775   0.28574   0.05377   0.04274   0.25872   0.18591   0.13571   0.19921   0.04717   0.04896   0.08650   0.00011   0.03422   0.08583   0.08620   0.08048   0.00000   0.03428   0.04756   0.00000   0.10849   0.03453   0.19478   0.19122   0.08945   0.31608   0.33209   0.00000   0.05182   0.18452   0.24440   0.56508   0.12538   0.12466   0.06780   0.07932   0.13320   0.24879   1.20957   0.34840  
 14 68356.1126  12057.091862  x:  0.16124   0.13630   0.14050   0.09039   0.00000   0.00611   0.00597   0.00000   0.03847   0.00000   0.02827   0.00015   0.04062   0.06038   0.06046   0.00000   0.00000   0.14226   0.23591   0.06844   0.61173   0.09785   0.28546   0.05349   0.04058   0.26874   0.18962   0.13750   0.20499   0.05463   0.05134   0.08810   0.00162   0.04704   0.09156   0.08742   0.10811   0.00000   0.01837   0.04722   0.00000   0.11649   0.03549   0.19753   0.19637   0.08912   0.29555   0.33196   0.00000   0.04998   0.18411   0.25011   0.56893   0.12901   0.12511   0.07092   0.07884   0.13244   0.25602   1.19951   0.33648  
 15 112.4400  12051.067427  x:  0.16424   0.12829   0.13934   0.08641   0.00000   0.00642   0.00616   0.00000   0.03286   0.00000   0.02728   0.00015   0.05217   0.04996   0.06359   0.00000   0.00000   0.14682   0.23535   0.06293   0.62455   0.10879   0.28593   0.04225   0.03755   0.28112   0.19114   0.13858   0.21041   0.05635   0.05291   0.08973   0.00263   0.02862   0.09566   0.08457   0.11862   0.00000   0.03779   0.06377   0.00000   0.12750   0.04881   0.20328   0.20568   0.08447   0.25061   0.33593   0.00000   0.04016   0.18170   0.26427   0.58370   0.13334   0.12005   0.07486   0.07769   0.12423   0.26526   1.19942   0.33579  
 16 128.4461  12042.398627  x:  0.16389   0.12067   0.13293   0.08632   0.00000   0.00706   0.00661   0.00000   0.03700   0.00000   0.02517   0.00016   0.06419   0.05536   0.05868   0.00000   0.00000   0.14547   0.23587   0.04450   0.64707   0.11146   0.28701   0.02653   0.04062   0.27991   0.18578   0.13726   0.20806   0.04477   0.05086   0.08810   0.00490   0.03468   0.09973   0.08138   0.08553   0.00000   0.02165   0.06852   0.00000   0.12666   0.04290   0.20836   0.21057   0.07892   0.19425   0.34647   0.00000   0.03350   0.17534   0.27895   0.61018   0.13447   0.11373   0.07089   0.07843   0.11808   0.26506   1.22013   0.35019  
 17 141.8498  12034.607509  x:  0.16058   0.12848   0.13252   0.08504   0.00000   0.00814   0.00724   0.00000   0.05572   0.00000   0.02327   0.00018   0.06116   0.06071   0.04883   0.00000   0.00000   0.13340   0.24253   0.03166   0.65657   0.09686   0.28334   0.03568   0.04140   0.26256   0.18085   0.13610   0.20604   0.06778   0.05847   0.08165   0.00725   0.01617   0.10925   0.08485   0.08856   0.00000   0.02275   0.06242   0.00000   0.10922   0.04777   0.20588   0.20458   0.08299   0.18560   0.35436   0.00000   0.03922   0.16318   0.28041   0.62572   0.13074   0.11756   0.07002   0.08055   0.12708   0.25496   1.27616   0.36832  
 18 112.9307  12028.604474  x:  0.15722   0.12809   0.13410   0.08186   0.00000   0.00869   0.00753   0.00000   0.07114   0.00000   0.02135   0.00019   0.07014   0.03118   0.05176   0.00000   0.00000   0.12515   0.24916   0.04263   0.65046   0.08483   0.27682   0.03609   0.03856   0.25455   0.18076   0.13495   0.20420   0.07065   0.05409   0.07653   0.00899   0.02660   0.11422   0.07843   0.08516   0.00000   0.02448   0.06900   0.00000   0.10190   0.05335   0.20196   0.19864   0.08758   0.20406   0.35431   0.00000   0.03457   0.15409   0.27714   0.62582   0.12576   0.11727   0.07391   0.07835   0.12522   0.24965   1.33417   0.37669  
 19 184.4751  12023.646693  x:  0.15704   0.12293   0.13459   0.08149   0.00000   0.00915   0.00797   0.00000   0.07953   0.00000   0.01920   0.00020   0.07801   0.04383   0.06087   0.00000   0.00000   0.12478   0.25212   0.06327   0.63300   0.07700   0.27126   0.03136   0.03887   0.25579   0.18363   0.13496   0.20198   0.05390   0.04798   0.07372   0.01131   0.01588   0.11262   0.07660   0.08226   0.00000   0.02060   0.07498   0.00000   0.11509   0.05658   0.19823   0.19407   0.08940   0.23676   0.34802   0.00000   0.03274   0.15257   0.27070   0.61437   0.12470   0.11435   0.07505   0.07562   0.11802   0.24964   1.38659   0.38073  
 20 194.6596  12022.376225  x:  0.15840   0.12031   0.13169   0.08436   0.00000   0.00914   0.00803   0.00000   0.08133   0.00000   0.01864   0.00020   0.08581   0.04379   0.05467   0.00000   0.00000   0.12905   0.24850   0.06223   0.62243   0.07538   0.27473   0.02981   0.04154   0.26027   0.18300   0.13563   0.20149   0.05286   0.06207   0.07300   0.01155   0.01753   0.10844   0.08337   0.08021   0.00000   0.01951   0.08230   0.00000   0.11591   0.05683   0.19915   0.19641   0.08342   0.24906   0.34403   0.00000   0.03720   0.16154   0.26987   0.60645   0.12799   0.11292   0.07191   0.07884   0.11782   0.25212   1.40006   0.38118  
 21 92.1998  12021.634350  x:  0.15974   0.12102   0.12983   0.08776   0.00000   0.00916   0.00807   0.00000   0.08283   0.00000   0.01836   0.00020   0.09076   0.04516   0.04969   0.00000   0.00000   0.13327   0.24392   0.05511   0.61385   0.07612   0.28221   0.03080   0.04143   0.26315   0.18098   0.13576   0.20165   0.05637   0.05288   0.07249   0.01195   0.01820   0.10469   0.08018   0.08124   0.00000   0.01882   0.08671   0.00000   0.11261   0.05667   0.20186   0.20063   0.07552   0.25677   0.34170   0.00000   0.03648   0.17273   0.26991   0.59986   0.12985   0.11308   0.07013   0.08001   0.11999   0.25371   1.40609   0.38164  
 22 63.5971  12021.276190  x:  0.15961   0.12331   0.13178   0.08704   0.00000   0.00918   0.00805   0.00000   0.08561   0.00000   0.01836   0.00020   0.08971   0.04536   0.05657   0.00000   0.00000   0.13370   0.24336   0.04996   0.60955   0.07975   0.28973   0.03052   0.03981   0.26210   0.18047   0.13490   0.20184   0.05656   0.05567   0.07151   0.01188   0.01803   0.10403   0.08035   0.08015   0.00000   0.01889   0.08520   0.00000   0.11200   0.05669   0.20478   0.20366   0.07227   0.25863   0.34279   0.00000   0.03068   0.17908   0.26951   0.59654   0.12798   0.11366   0.07323   0.07729   0.12023   0.25317   1.40897   0.38233  
 23 25.9030  12020.353001  x:  0.15793   0.12165   0.13340   0.07838   0.00000   0.00932   0.00807   0.00000   0.09599   0.00000   0.01838   0.00020   0.08377   0.04093   0.05368   0.00000   0.00000   0.13124   0.24750   0.04920   0.60266   0.09126   0.30528   0.02656   0.04344   0.25894   0.18342   0.13459   0.20246   0.05206   0.05413   0.06791   0.01195   0.01671   0.10688   0.08025   0.08138   0.00000   0.02008   0.07909   0.00000   0.11647   0.05795   0.20978   0.20696   0.07277   0.25631   0.34944   0.00000   0.03810   0.18805   0.26775   0.59056   0.12680   0.11216   0.07348   0.07802   0.11792   0.25269   1.41403   0.38363  
 24 21.6047  12015.450927  x:  0.15975   0.10920   0.12961   0.09584   0.00000   0.00935   0.00776   0.00000   0.12458   0.00000   0.01836   0.00020   0.07557   0.04273   0.04628   0.00000   0.00000   0.12607   0.26300   0.06858   0.58832   0.09943   0.33230   0.02956   0.02742   0.27179   0.19279   0.14279   0.21221   0.05466   0.05657   0.05801   0.01149   0.01733   0.09213   0.08021   0.08372   0.00000   0.02100   0.07670   0.00000   0.11535   0.05696   0.20403   0.20111   0.08320   0.23846   0.37351   0.00000   0.02121   0.18934   0.26223   0.57650   0.12911   0.11421   0.05950   0.08465   0.11839   0.26271   1.42551   0.38588  
 25 24.9538  12004.048981  x:  0.17277   0.12905   0.13749   0.10985   0.00000   0.00965   0.00707   0.00000   0.17250   0.00000   0.01683   0.00020   0.06903   0.04761   0.06081   0.00000   0.00000   0.12574   0.27829   0.09049   0.57108   0.07889   0.35562   0.01920   0.04887   0.31442   0.20682   0.15174   0.22867   0.05843   0.05288   0.04139   0.01160   0.02055   0.05567   0.07879   0.08273   0.00000   0.02392   0.08364   0.00000   0.10323   0.05013   0.18097   0.19532   0.08907   0.21128   0.40842   0.00000   0.03589   0.18254   0.26823   0.56182   0.14454   0.11928   0.08863   0.07727   0.12610   0.29096   1.44401   0.39002  
 26 108.8727  11977.198931  x:  0.17683   0.15046   0.14738   0.06286   0.00000   0.01002   0.00538   0.00000   0.21282   0.00000   0.01207   0.00019   0.05147   0.04525   0.04112   0.00000   0.00000   0.13453   0.26714   0.09041   0.57154   0.02571   0.34821   0.01584   0.02257   0.34982   0.19655   0.13621   0.23598   0.03789   0.05256   0.02830   0.01199   0.02223   0.01634   0.08847   0.09375   0.00000   0.02663   0.07063   0.00000   0.12086   0.04416   0.16469   0.21542   0.07530   0.21649   0.42550   0.00000   0.02319   0.16770   0.29912   0.56892   0.13669   0.11682   0.08237   0.06208   0.12865   0.31188   1.45883   0.38803  
 27 111.4783  11942.013609  x:  0.18928   0.15672   0.14555   0.05891   0.00000   0.01141   0.00355   0.00000   0.17831   0.00000   0.00788   0.00020   0.02399   0.02652   0.05934   0.00000   0.00000   0.14789   0.25983   0.07331   0.56997   0.02588   0.30290   0.02544   0.04181   0.39307   0.20288   0.13862   0.25213   0.02482   0.04963   0.04079   0.01254   0.01728   0.04345   0.09016   0.09058   0.00000   0.03303   0.02111   0.00000   0.13477   0.03855   0.17504   0.24548   0.04693   0.22884   0.40663   0.00000   0.00689   0.13957   0.34371   0.58325   0.13654   0.12392   0.05372   0.09692   0.14238   0.34375   1.53217   0.39664  
 28 221.4680  11916.090178  x:  0.18859   0.16017   0.15779   0.03922   0.03510   0.01195   0.00116   0.00000   0.10193   0.00000   0.00262   0.00019   0.02099   0.03638   0.06497   0.00000   0.00000   0.14357   0.27335   0.05891   0.56811   0.07963   0.25274   0.02637   0.01616   0.41134   0.22159   0.14196   0.27112   0.03591   0.05103   0.06761   0.01242   0.02214   0.03097   0.08432   0.08071   0.00000   0.03303   0.01232   0.00000   0.12374   0.02476   0.20429   0.27394   0.04532   0.23585   0.37386   0.00000   0.02520   0.11125   0.38016   0.59863   0.12471   0.13624   0.04585   0.09928   0.15337   0.36545   1.62500   0.40191  
 29 515.4822  11903.872584  x:  0.18456   0.16384   0.16562   0.03488   0.01588   0.01216   0.00037   0.00000   0.06680   0.00000   0.00069   0.00019   0.01246   0.04117   0.05822   0.00000   0.00000   0.13751   0.28183   0.05233   0.56695   0.09809   0.23842   0.02770   0.01249   0.41040   0.23187   0.14354   0.27778   0.03171   0.05094   0.07984   0.01252   0.02395   0.02775   0.08616   0.08016   0.00000   0.03177   0.02700   0.00000   0.11606   0.01881   0.21525   0.28199   0.04985   0.23683   0.36133   0.00000   0.02555   0.10450   0.38865   0.60300   0.11855   0.14184   0.04787   0.09617   0.15874   0.36917   1.65598   0.40347  
 30 786.4819  11899.320053  x:  0.18227   0.16593   0.17044   0.03368   0.00409   0.01217   0.00009   0.00000   0.05249   0.00000   0.00027   0.00019   0.02079   0.04357   0.05315   0.00000   0.00000   0.13476   0.28592   0.05155   0.56666   0.10430   0.23391   0.02681   0.01037   0.41032   0.23690   0.14399   0.28098   0.03046   0.05127   0.08481   0.01241   0.02493   0.02772   0.08740   0.08220   0.00000   0.03096   0.02339   0.00000   0.11260   0.01737   0.21893   0.28495   0.05265   0.23691   0.35651   0.00000   0.02515   0.10323   0.39144   0.60456   0.11624   0.14380   0.05063   0.09193   0.16040   0.37091   1.66634   0.40422  
 31 796.1142  11897.390132  x:  0.18126   0.16687   0.17325   0.03220   0.00000   0.01217   0.00003   0.00000   0.04707   0.00000   0.00045   0.00019   0.02204   0.04441   0.05048   0.00000   0.00000   0.13418   0.28708   0.05228   0.56626   0.10660   0.23123   0.02555   0.00820   0.41188   0.23911   0.14394   0.28274   0.03063   0.05165   0.08668   0.01227   0.02510   0.03005   0.08754   0.08245   0.00000   0.03030   0.02324   0.00000   0.11048   0.01667   0.22024   0.28677   0.05343   0.23727   0.35370   0.00000   0.02523   0.10292   0.39318   0.60499   0.11536   0.14442   0.05197   0.08909   0.16079   0.37254   1.66974   0.40508  
 32 675.3092  11893.673467  x:  0.18055   0.17574   0.18457   0.03737   0.00000   0.01241   0.00011   0.00000   0.03315   0.00000   0.00071   0.00019   0.02703   0.04252   0.03959   0.00000   0.00000   0.13122   0.29356   0.04911   0.56511   0.10600   0.22889   0.02705   0.00626   0.41199   0.24746   0.14420   0.28844   0.01981   0.04998   0.09142   0.01246   0.02458   0.04290   0.09540   0.08514   0.00000   0.02847   0.02663   0.00000   0.11110   0.01563   0.22177   0.28946   0.05848   0.23671   0.34734   0.00000   0.02216   0.10445   0.39336   0.60489   0.11329   0.14892   0.05392   0.07855   0.16717   0.37635   1.67419   0.40784  
 33 284.4248  11891.315247  x:  0.17617   0.17484   0.18882   0.04298   0.00000   0.01238   0.00009   0.00000   0.02598   0.00000   0.00064   0.00019   0.02352   0.04156   0.03129   0.00000   0.00000   0.12865   0.29695   0.05006   0.56551   0.09744   0.23230   0.02205   0.01768   0.40793   0.25177   0.14334   0.28894   0.02257   0.04952   0.09391   0.01243   0.02424   0.04586   0.09773   0.08529   0.00000   0.02860   0.02572   0.00000   0.11382   0.01626   0.22020   0.28813   0.06092   0.23605   0.34354   0.00000   0.01250   0.11132   0.38992   0.60486   0.11282   0.14633   0.05539   0.07234   0.16454   0.37459   1.67241   0.40678  
 34 192.9860  11889.647319  x:  0.17064   0.17125   0.19256   0.04337   0.00000   0.01241   0.00008   0.00000   0.01429   0.00000   0.00059   0.00019   0.02117   0.04107   0.03453   0.00000   0.00000   0.12610   0.30301   0.05164   0.56719   0.08018   0.23971   0.01659   0.01308   0.40297   0.25845   0.14453   0.29137   0.02287   0.04888   0.09797   0.01246   0.02355   0.05164   0.09818   0.08553   0.00000   0.02862   0.02489   0.00000   0.11044   0.01586   0.21725   0.28585   0.06119   0.23262   0.33708   0.00000   0.01422   0.12426   0.38482   0.60589   0.11755   0.14233   0.05560   0.07608   0.16213   0.37403   1.67206   0.40637  
 35 114.7108  11889.178971  x:  0.16888   0.16942   0.19309   0.03880   0.00000   0.01239   0.00009   0.00000   0.01499   0.00000   0.00064   0.00019   0.02261   0.04197   0.03669   0.00000   0.00000   0.12595   0.30523   0.05292   0.56944   0.07553   0.24172   0.01997   0.01613   0.40021   0.26250   0.14636   0.29307   0.02114   0.04927   0.09774   0.01242   0.02380   0.05011   0.09692   0.08710   0.00000   0.02842   0.02618   0.00000   0.10817   0.01566   0.21748   0.28513   0.06042   0.23051   0.33129   0.00000   0.01182   0.12852   0.38176   0.60733   0.11931   0.14147   0.05506   0.08066   0.16188   0.37352   1.67148   0.40628  
 36 77.0752  11888.655308  x:  0.16734   0.16886   0.19535   0.04261   0.00000   0.01243   0.00008   0.00000   0.01981   0.00000   0.00062   0.00019   0.02170   0.04202   0.03579   0.00000   0.00000   0.12759   0.30776   0.05451   0.57394   0.07380   0.24002   0.02033   0.01446   0.39607   0.26970   0.14781   0.29679   0.01993   0.05037   0.09611   0.01240   0.02383   0.04731   0.09431   0.08753   0.00000   0.02877   0.02491   0.00000   0.10819   0.01557   0.22152   0.28742   0.05770   0.22732   0.31505   0.00000   0.01302   0.13251   0.37748   0.61087   0.11965   0.14099   0.05694   0.08055   0.16115   0.37381   1.67409   0.40638  
 37 49.9566  11888.294155  x:  0.16912   0.17070   0.19697   0.04054   0.00000   0.01247   0.00010   0.00000   0.01928   0.00000   0.00065   0.00019   0.02276   0.04232   0.03584   0.00000   0.00000   0.12902   0.30961   0.05589   0.57653   0.07453   0.23974   0.01912   0.01378   0.39480   0.27461   0.14830   0.30001   0.02470   0.04971   0.09629   0.01243   0.02421   0.04648   0.09534   0.08448   0.00000   0.02863   0.02506   0.00000   0.11068   0.01516   0.22400   0.28914   0.05781   0.22604   0.30566   0.00000   0.01340   0.13272   0.37306   0.61240   0.11933   0.14219   0.05454   0.07830   0.16247   0.37540   1.67698   0.40648  
 38 51.9917  11886.866456  x:  0.17649   0.17003   0.18720   0.03874   0.00000   0.01251   0.00011   0.00000   0.01643   0.00000   0.00068   0.00018   0.02241   0.04417   0.03436   0.00000   0.00000   0.13081   0.30289   0.05509   0.58449   0.08221   0.24283   0.00999   0.01452   0.39490   0.27296   0.14452   0.30272   0.02223   0.05209   0.09742   0.01232   0.02416   0.04153   0.09147   0.08865   0.00000   0.02947   0.02269   0.00000   0.10105   0.01437   0.22734   0.29273   0.06087   0.22570   0.29474   0.00000   0.01172   0.12532   0.35593   0.61582   0.11813   0.14253   0.05718   0.07868   0.16235   0.37722   1.68806   0.40458  
 39 23.0689  11885.605844  x:  0.17342   0.16675   0.18376   0.03884   0.00000   0.01258   0.00011   0.00000   0.01060   0.00000   0.00070   0.00018   0.02179   0.04570   0.03273   0.00000   0.00000   0.12805   0.29768   0.05462   0.58800   0.08780   0.24184   0.02123   0.01494   0.39967   0.27166   0.14306   0.30586   0.02228   0.05300   0.09949   0.01231   0.02484   0.03732   0.08983   0.08710   0.00000   0.02989   0.02021   0.00000   0.09884   0.01377   0.22899   0.29811   0.06076   0.22266   0.29183   0.00000   0.01430   0.12348   0.35003   0.61824   0.11619   0.13980   0.06136   0.07356   0.15659   0.37965   1.70237   0.40291  
 40 62.1555  11883.322496  x:  0.15461   0.16635   0.18961   0.04264   0.00000   0.01270   0.00012   0.00000   0.01023   0.00000   0.00078   0.00017   0.02400   0.04816   0.03755   0.00000   0.00000   0.11776   0.29290   0.04953   0.58978   0.10083   0.22414   0.01798   0.01695   0.40337   0.27247   0.14668   0.30637   0.02274   0.04818   0.09970   0.01248   0.02643   0.02460   0.09987   0.08885   0.00000   0.03156   0.01960   0.00000   0.09492   0.01390   0.23180   0.30392   0.06261   0.22062   0.29391   0.00000   0.01492   0.12900   0.35325   0.62170   0.11512   0.14177   0.05655   0.07857   0.15586   0.37729   1.72076   0.39795  
 41 64.5900  11881.786714  x:  0.15607   0.16815   0.19313   0.04199   0.00000   0.01280   0.00013   0.00000   0.00766   0.00000   0.00081   0.00016   0.02419   0.04875   0.03320   0.00000   0.00000   0.12292   0.29822   0.04567   0.58838   0.10888   0.21404   0.01763   0.01443   0.39801   0.27438   0.15457   0.30128   0.02355   0.05104   0.10062   0.01265   0.02681   0.01921   0.09201   0.08526   0.00000   0.03219   0.01846   0.00000   0.10190   0.01435   0.23157   0.29552   0.06179   0.22087   0.29886   0.00000   0.01153   0.13430   0.35986   0.62263   0.12393   0.14699   0.06281   0.08429   0.16300   0.36954   1.72882   0.39388  
 42 55.1598  11880.565110  x:  0.16592   0.16574   0.19143   0.04270   0.00000   0.01295   0.00012   0.00000   0.00636   0.00000   0.00080   0.00016   0.02429   0.04815   0.03608   0.00000   0.00000   0.13075   0.30628   0.04153   0.58685   0.11140   0.21256   0.01800   0.01670   0.39237   0.27861   0.15737   0.29710   0.02043   0.05160   0.10106   0.01295   0.02664   0.01648   0.09076   0.08703   0.00000   0.03341   0.01831   0.00000   0.09774   0.01430   0.23264   0.28541   0.06044   0.21999   0.29893   0.00000   0.01266   0.13604   0.36720   0.62396   0.12707   0.14694   0.05391   0.07400   0.16556   0.36415   1.73480   0.39068  
 43 54.5745  11879.338854  x:  0.17791   0.16313   0.18229   0.04385   0.00000   0.01313   0.00012   0.00000   0.00683   0.00000   0.00081   0.00015   0.02400   0.04669   0.03694   0.00000   0.00000   0.13432   0.31243   0.03520   0.58669   0.11143   0.21918   0.02005   0.01570   0.38810   0.28392   0.15495   0.29484   0.02062   0.04496   0.10091   0.01346   0.02658   0.01391   0.10589   0.08435   0.00000   0.03437   0.01799   0.00000   0.09812   0.01414   0.23591   0.27524   0.06312   0.22091   0.29377   0.00000   0.01103   0.13243   0.36995   0.62555   0.12510   0.14458   0.06018   0.07798   0.16545   0.36413   1.73783   0.38698  
 44 51.6579  11878.376916  x:  0.17759   0.17120   0.17557   0.04684   0.00000   0.01329   0.00011   0.00000   0.00516   0.00000   0.00082   0.00015   0.02532   0.04585   0.03803   0.00000   0.00000   0.12743   0.31173   0.03074   0.58874   0.10773   0.23020   0.01970   0.01710   0.38741   0.28542   0.15165   0.29691   0.01950   0.04675   0.10150   0.01384   0.02645   0.01271   0.10028   0.08207   0.00000   0.03484   0.01994   0.00000   0.10488   0.01492   0.23816   0.27249   0.06612   0.22104   0.28980   0.00000   0.01230   0.12710   0.36256   0.62609   0.12017   0.14787   0.05670   0.08279   0.16868   0.37032   1.73907   0.38398  
 45 38.9432  11877.869215  x:  0.17521   0.17274   0.16968   0.04597   0.00000   0.01342   0.00010   0.00000   0.00613   0.00000   0.00080   0.00014   0.02474   0.04407   0.03892   0.00000   0.00000   0.12529   0.30749   0.02775   0.59320   0.10779   0.23036   0.02015   0.01683   0.38637   0.28100   0.15635   0.29741   0.01828   0.04580   0.10120   0.01409   0.02602   0.01346   0.10221   0.08055   0.00000   0.03532   0.01982   0.00000   0.10767   0.01528   0.23805   0.27261   0.06979   0.21958   0.28948   0.00000   0.01101   0.12990   0.34799   0.62680   0.13015   0.15133   0.05614   0.07854   0.17062   0.37587   1.74274   0.38270  
 46 34.6785  11877.406988  x:  0.17775   0.17504   0.17470   0.04666   0.00000   0.01353   0.00009   0.00000   0.00560   0.00000   0.00079   0.00014   0.02481   0.04302   0.03867   0.00000   0.00000   0.13297   0.30550   0.03168   0.59844   0.10772   0.22716   0.02087   0.01756   0.38314   0.27347   0.15733   0.29697   0.01775   0.04471   0.10140   0.01425   0.02563   0.01382   0.10514   0.08017   0.00000   0.03564   0.02061   0.00000   0.10784   0.01550   0.23535   0.27537   0.06568   0.21367   0.29518   0.00000   0.01109   0.13522   0.32995   0.62552   0.12626   0.15199   0.05537   0.08091   0.17071   0.37942   1.74895   0.38143  
 47 27.8589  11876.847875  x:  0.18507   0.16788   0.18158   0.04721   0.00000   0.01361   0.00010   0.00000   0.00658   0.00000   0.00081   0.00014   0.02523   0.04262   0.03872   0.00000   0.00000   0.13113   0.30899   0.02260   0.60351   0.10711   0.22067   0.02148   0.01783   0.38650   0.27657   0.15324   0.29814   0.01860   0.04580   0.10106   0.01428   0.02541   0.01355   0.10099   0.07929   0.00000   0.03533   0.02078   0.00000   0.10771   0.01520   0.23259   0.27918   0.06993   0.21527   0.30036   0.00000   0.01198   0.13907   0.32106   0.62160   0.12387   0.14868   0.05540   0.08220   0.17015   0.38193   1.75114   0.37931  
 48 12.2788  11873.472363  x:  0.18981   0.16512   0.17655   0.04885   0.00000   0.01387   0.00011   0.00000   0.00815   0.00000   0.00086   0.00010   0.02656   0.04023   0.03795   0.00000   0.00000   0.11327   0.31666   0.03190   0.62207   0.10630   0.22900   0.02144   0.01748   0.39262   0.27790   0.14207   0.28926   0.02073   0.04744   0.10046   0.01419   0.02310   0.01485   0.09919   0.07766   0.00000   0.03403   0.02297   0.00000   0.10466   0.01484   0.22499   0.28386   0.04530   0.20823   0.30788   0.00000   0.01196   0.13667   0.32885   0.59996   0.13109   0.14644   0.05718   0.08075   0.17980   0.36946   1.77488   0.36192  
 49 14.9746  11870.264356  x:  0.17779   0.17211   0.17023   0.05028   0.00000   0.01419   0.00012   0.00000   0.01007   0.00000   0.00091   0.00007   0.02732   0.03725   0.03799   0.00000   0.00000   0.13586   0.31384   0.03096   0.62559   0.09718   0.24553   0.02064   0.01782   0.39839   0.27162   0.15982   0.28647   0.02310   0.04991   0.09957   0.01402   0.02099   0.01685   0.09333   0.07596   0.00000   0.03257   0.02374   0.00000   0.10073   0.01434   0.22542   0.28360   0.06435   0.20010   0.30956   0.00000   0.01388   0.13277   0.34908   0.58911   0.12238   0.14711   0.05733   0.08302   0.17152   0.36208   1.80319   0.34670  
 50 60.1549  11869.056153  x:  0.17501   0.17205   0.18010   0.05029   0.00000   0.01428   0.00012   0.00000   0.01093   0.00000   0.00093   0.00006   0.02764   0.03625   0.03671   0.00000   0.00000   0.13876   0.30250   0.02983   0.60595   0.10014   0.25010   0.02024   0.01798   0.39387   0.26818   0.15069   0.29861   0.02356   0.05084   0.09925   0.01394   0.02046   0.01667   0.09156   0.07591   0.00000   0.03197   0.02415   0.00000   0.09917   0.01419   0.22824   0.25787   0.06133   0.19944   0.31215   0.00000   0.01379   0.13226   0.35132   0.61366   0.12674   0.15037   0.05584   0.08436   0.16275   0.37449   1.81221   0.34272  
 51 31.4235  11868.235860  x:  0.17930   0.16590   0.17405   0.05002   0.00000   0.01426   0.00013   0.00000   0.01122   0.00000   0.00094   0.00006   0.02787   0.03572   0.03770   0.00000   0.00000   0.13311   0.30040   0.03420   0.58328   0.09695   0.24864   0.01902   0.01865   0.39185   0.26609   0.16030   0.29915   0.02406   0.05153   0.09909   0.01389   0.02010   0.01678   0.09018   0.07633   0.00000   0.03154   0.02430   0.00000   0.10012   0.01447   0.23054   0.26017   0.05946   0.19835   0.31543   0.00000   0.01500   0.13544   0.34857   0.63820   0.11787   0.14500   0.05910   0.08151   0.17520   0.37881   1.81393   0.34089  
 52 21.9693  11866.628415  x:  0.18301   0.17295   0.17078   0.05371   0.00000   0.01418   0.00013   0.00000   0.01146   0.00000   0.00098   0.00006   0.02886   0.03510   0.03855   0.00000   0.00000   0.13677   0.31171   0.03972   0.55391   0.09441   0.24974   0.02197   0.01891   0.39240   0.26670   0.15130   0.28811   0.02603   0.05223   0.09883   0.01382   0.01981   0.01575   0.08870   0.07821   0.00000   0.03058   0.02560   0.00000   0.09771   0.01438   0.23045   0.28626   0.06369   0.19693   0.31904   0.00000   0.01348   0.13039   0.34158   0.66696   0.13307   0.14260   0.05766   0.08547   0.16828   0.37220   1.81999   0.34119  
 53 23.0229  11861.346444  x:  0.17520   0.16312   0.16031   0.05385   0.00000   0.01400   0.00014   0.00000   0.01148   0.00000   0.00104   0.00008   0.03016   0.02959   0.03863   0.00000   0.00000   0.14423   0.32594   0.02418   0.54754   0.09870   0.25989   0.01912   0.01812   0.41918   0.27160   0.16872   0.27844   0.02875   0.05206   0.09864   0.01366   0.01923   0.01509   0.08967   0.08878   0.00000   0.02734   0.02781   0.00000   0.10010   0.01656   0.20403   0.28273   0.04093   0.20051   0.31841   0.00000   0.01705   0.12154   0.32297   0.68423   0.12844   0.17008   0.06251   0.08251   0.14466   0.35735   1.84477   0.35037  
 54 21.1689  11846.902390  x:  0.19528   0.15715   0.15131   0.06035   0.00000   0.01351   0.00016   0.00000   0.01298   0.00000   0.00119   0.00013   0.03305   0.01639   0.04626   0.00000   0.00000   0.14831   0.29520   0.03454   0.58105   0.10370   0.27152   0.02275   0.01963   0.45467   0.23673   0.15226   0.28539   0.03427   0.05564   0.09748   0.01319   0.01726   0.01029   0.08252   0.11187   0.00000   0.01966   0.03302   0.00000   0.11009   0.02278   0.19550   0.24798   0.06798   0.17984   0.30341   0.00000   0.01547   0.15866   0.33792   0.65971   0.14038   0.14501   0.06925   0.08160   0.16255   0.35246   1.95156   0.37698  
 55 62.3729  11843.834964  x:  0.19848   0.15707   0.15173   0.06384   0.00000   0.01330   0.00017   0.00000   0.01263   0.00000   0.00125   0.00014   0.03460   0.01543   0.04693   0.00000   0.00000   0.14850   0.28941   0.03460   0.58996   0.09329   0.26905   0.02095   0.02012   0.42865   0.23891   0.17148   0.29577   0.03742   0.05686   0.09737   0.01305   0.01710   0.00793   0.08078   0.11639   0.00000   0.01745   0.03487   0.00000   0.10700   0.02298   0.22365   0.24983   0.05576   0.18495   0.32212   0.00000   0.01440   0.14068   0.34170   0.63488   0.15146   0.12764   0.07166   0.08117   0.15238   0.37853   1.96190   0.38128  
 56 68.5698  11843.485063  x:  0.19701   0.15197   0.14547   0.06405   0.00000   0.01327   0.00017   0.00000   0.01258   0.00000   0.00127   0.00014   0.03488   0.01552   0.04789   0.00000   0.00000   0.15158   0.29077   0.03626   0.59071   0.09005   0.26621   0.02085   0.02138   0.41986   0.23992   0.16600   0.29752   0.03780   0.05709   0.09734   0.01303   0.01708   0.00782   0.08016   0.11671   0.00000   0.01718   0.03505   0.00000   0.10687   0.02296   0.22550   0.25345   0.05622   0.18454   0.32589   0.00000   0.01494   0.14244   0.34563   0.63051   0.15034   0.13811   0.07362   0.07994   0.15288   0.38831   1.96336   0.38162  
 57 31.5196  11843.290067  x:  0.19702   0.15578   0.14235   0.06405   0.00000   0.01326   0.00017   0.00000   0.01267   0.00000   0.00127   0.00014   0.03488   0.01572   0.04777   0.00000   0.00000   0.15074   0.29386   0.03520   0.59163   0.09409   0.26572   0.02108   0.02102   0.41340   0.23974   0.16669   0.29383   0.03802   0.05736   0.09731   0.01305   0.01715   0.00796   0.07964   0.11721   0.00000   0.01707   0.03499   0.00000   0.10658   0.02291   0.21485   0.25428   0.05635   0.18541   0.32404   0.00000   0.01418   0.14471   0.34896   0.63006   0.14928   0.13458   0.07310   0.08017   0.15092   0.39923   1.96495   0.38164  
 58  7.5081  11842.389942  x:  0.19728   0.14278   0.15966   0.06486   0.00000   0.01330   0.00017   0.00000   0.01239   0.00000   0.00128   0.00014   0.03499   0.01720   0.04795   0.00000   0.00000   0.15021   0.29185   0.03473   0.59255   0.09431   0.27793   0.02090   0.02239   0.40643   0.23353   0.16991   0.28318   0.03845   0.05671   0.09732   0.01318   0.01779   0.00811   0.08057   0.11810   0.00000   0.01682   0.03484   0.00000   0.10683   0.02331   0.20588   0.26007   0.05841   0.18601   0.31832   0.00000   0.01498   0.13566   0.35505   0.62964   0.15349   0.13675   0.07378   0.08033   0.15792   0.40990   1.97583   0.38272  
 59  6.0347  11830.660028  x:  0.22081   0.16014   0.15047   0.06550   0.00000   0.01393   0.00020   0.00000   0.01193   0.00000   0.00144   0.00017   0.03478   0.03521   0.04601   0.00000   0.00000   0.13803   0.29611   0.03440   0.59084   0.06695   0.29005   0.01762   0.02016   0.40144   0.26253   0.16738   0.28232   0.04116   0.05400   0.09615   0.01534   0.02641   0.02251   0.08611   0.13484   0.00000   0.01235   0.03230   0.00000   0.11687   0.02977   0.24172   0.23611   0.06405   0.17297   0.36165   0.00000   0.01885   0.15037   0.35983   0.61789   0.15566   0.13140   0.07350   0.08230   0.14675   0.39919   2.12698   0.39774  
 60 13.8913  11829.944787  x:  0.21123   0.15775   0.14728   0.06547   0.00000   0.01395   0.00021   0.00000   0.01173   0.00000   0.00146   0.00017   0.03512   0.03630   0.04680   0.00000   0.00000   0.14527   0.31084   0.03111   0.58983   0.06833   0.29084   0.01599   0.02165   0.40059   0.25230   0.16271   0.30281   0.04080   0.05364   0.09613   0.01548   0.02699   0.02322   0.08674   0.13504   0.00000   0.01194   0.03248   0.00000   0.11865   0.03000   0.23864   0.23663   0.06178   0.17586   0.36282   0.00000   0.01945   0.14554   0.35932   0.61652   0.15818   0.12230   0.07486   0.08118   0.15482   0.39510   2.13246   0.39827  
 61 38.4240  11829.879548  x:  0.21487   0.15793   0.14778   0.06564   0.00000   0.01394   0.00021   0.00000   0.01173   0.00000   0.00146   0.00017   0.03515   0.03648   0.04661   0.00000   0.00000   0.14232   0.31225   0.03180   0.58960   0.06816   0.29094   0.01562   0.02212   0.39931   0.24760   0.16478   0.30827   0.04065   0.05361   0.09612   0.01549   0.02703   0.02319   0.08688   0.13482   0.00000   0.01188   0.03250   0.00000   0.11861   0.02989   0.23735   0.23844   0.06214   0.17632   0.36180   0.00000   0.01961   0.14653   0.36107   0.61639   0.15841   0.12443   0.07465   0.08169   0.15181   0.39323   2.13262   0.39806  
 62  9.5437  11829.228959  x:  0.21639   0.15722   0.14728   0.06611   0.00000   0.01402   0.00021   0.00000   0.01190   0.00000   0.00147   0.00018   0.03507   0.03652   0.04628   0.00000   0.00000   0.14489   0.29618   0.03271   0.58864   0.06943   0.29500   0.01414   0.02142   0.39127   0.26306   0.16542   0.32170   0.04005   0.05312   0.09596   0.01567   0.02732   0.02238   0.08790   0.13404   0.00000   0.01225   0.03266   0.00000   0.12042   0.02929   0.22052   0.24758   0.06185   0.17709   0.36771   0.00000   0.01985   0.14480   0.36335   0.61819   0.15959   0.12349   0.07385   0.08176   0.15363   0.38298   2.14689   0.39900  
 63  1.2809  11817.861422  x:  0.19969   0.17373   0.15677   0.06121   0.00000   0.01504   0.00025   0.00000   0.01653   0.00000   0.00168   0.00021   0.03068   0.03723   0.03530   0.00000   0.00000   0.13203   0.33936   0.03832   0.57138   0.05580   0.32325   0.00992   0.02142   0.41320   0.25746   0.15955   0.29793   0.03636   0.04922   0.09234   0.01851   0.03038   0.01047   0.09450   0.13599   0.00000   0.01937   0.02604   0.00000   0.13620   0.01692   0.20491   0.25883   0.05715   0.18721   0.38260   0.00000   0.02345   0.15922   0.35477   0.63195   0.14463   0.13581   0.05973   0.08264   0.16282   0.38932   2.34728   0.41151  
 64 11.3496  11811.431112  x:  0.20327   0.15504   0.16496   0.06169   0.00000   0.01546   0.00029   0.00000   0.01089   0.00000   0.00185   0.00021   0.02976   0.02383   0.03461   0.00000   0.00000   0.12848   0.34568   0.02892   0.57408   0.05023   0.30250   0.01012   0.01777   0.43616   0.26501   0.15906   0.29197   0.03674   0.04485   0.09172   0.01863   0.02409   0.02183   0.10390   0.13243   0.00000   0.01831   0.02993   0.00000   0.13465   0.01357   0.20465   0.27815   0.05363   0.21453   0.36705   0.00000   0.01717   0.14986   0.37522   0.64551   0.15495   0.13537   0.06269   0.07785   0.15880   0.41257   2.48454   0.41119  
 65  0.3382  11804.810411  x:  0.20065   0.15556   0.16700   0.05969   0.00000   0.01541   0.00035   0.00000   0.01289   0.00000   0.00215   0.00023   0.02731   0.03004   0.03763   0.00000   0.00000   0.13559   0.34377   0.03223   0.60396   0.07522   0.27791   0.01785   0.01215   0.45608   0.26808   0.15220   0.29894   0.03421   0.04857   0.08648   0.01753   0.02038   0.01635   0.09698   0.12796   0.00000   0.01180   0.03311   0.00000   0.12934   0.02535   0.21186   0.28789   0.04726   0.22344   0.34540   0.00000   0.00862   0.14253   0.38433   0.67252   0.14713   0.13726   0.06293   0.07404   0.15416   0.40935   2.66255   0.41184  
 66  0.2265  11798.229503  x:  0.20654   0.15944   0.15165   0.06491   0.00000   0.01445   0.00044   0.00000   0.01459   0.00000   0.00264   0.00028   0.02744   0.03221   0.04382   0.00000   0.00000   0.14256   0.33111   0.03370   0.65279   0.08027   0.27681   0.02051   0.01841   0.43804   0.25038   0.16554   0.30538   0.03278   0.05368   0.07861   0.01526   0.01940   0.01453   0.08698   0.12643   0.00000   0.01690   0.03516   0.00000   0.13123   0.01090   0.22249   0.26328   0.04203   0.22081   0.35438   0.00000   0.00937   0.13309   0.38103   0.70366   0.15200   0.13908   0.06533   0.08451   0.16170   0.40168   2.79629   0.42001  
 67  0.1491  11790.457396  x:  0.20429   0.16124   0.15203   0.05616   0.00000   0.01278   0.00057   0.00000   0.01439   0.00000   0.00335   0.00035   0.02533   0.02400   0.03664   0.00000   0.00000   0.13318   0.34481   0.02994   0.71801   0.06678   0.30163   0.01406   0.02215   0.38717   0.25771   0.16985   0.31072   0.02779   0.05242   0.06545   0.00972   0.02171   0.01153   0.09133   0.12508   0.00000   0.01540   0.03054   0.00000   0.12222   0.02284   0.23807   0.25894   0.05472   0.20707   0.38140   0.00000   0.02160   0.13529   0.37160   0.75793   0.15338   0.13403   0.06399   0.09101   0.16249   0.39905   2.95160   0.41256  
 68  0.1678  11782.281236  x:  0.20098   0.15768   0.15489   0.05889   0.00000   0.01035   0.00069   0.00000   0.01141   0.00000   0.00398   0.00041   0.02709   0.02462   0.04224   0.00000   0.00000   0.13377   0.34226   0.02781   0.74834   0.06059   0.31973   0.01192   0.01847   0.40288   0.26206   0.16569   0.31148   0.02899   0.05085   0.05234   0.00077   0.02052   0.01371   0.09076   0.12151   0.00000   0.01084   0.02970   0.00000   0.12260   0.01653   0.24102   0.26271   0.05658   0.22042   0.40059   0.00000   0.01540   0.15516   0.36758   0.79284   0.15008   0.13071   0.06442   0.08195   0.15653   0.39811   2.97581   0.41046  
 69  0.0600  11778.536149  x:  0.20549   0.15875   0.15481   0.06398   0.00000   0.01056   0.00073   0.00000   0.01058   0.00000   0.00426   0.00046   0.03092   0.03065   0.04151   0.00000   0.00000   0.14104   0.34240   0.02767   0.74590   0.05693   0.32079   0.01411   0.01596   0.42119   0.25929   0.15895   0.30611   0.03150   0.04855   0.04383   0.00050   0.02002   0.01789   0.09224   0.11163   0.00000   0.02750   0.03258   0.00000   0.11930   0.02327   0.24478   0.26732   0.04912   0.24803   0.39604   0.00000   0.01111   0.16357   0.37863   0.80049   0.14780   0.12842   0.06345   0.07657   0.15483   0.40157   2.93030   0.41370  
 70  0.0818  11775.059596  x:  0.20919   0.16958   0.16074   0.06872   0.00000   0.01237   0.00073   0.00000   0.01166   0.00000   0.00430   0.00050   0.03353   0.03227   0.03802   0.00000   0.00000   0.14290   0.35192   0.02832   0.72143   0.06348   0.32530   0.01536   0.01690   0.43854   0.26535   0.15836   0.29519   0.03206   0.04494   0.03658   0.00496   0.02063   0.02014   0.09688   0.10160   0.00000   0.02565   0.03334   0.00000   0.12761   0.01858   0.22615   0.27315   0.03815   0.26592   0.39301   0.00000   0.01099   0.15822   0.38970   0.80044   0.14553   0.13819   0.05949   0.07778   0.16407   0.40753   2.81323   0.41832  
 71  0.1363  11767.978173  x:  0.20988   0.17818   0.16347   0.07024   0.00000   0.01286   0.00084   0.00000   0.01179   0.00000   0.00497   0.00060   0.03332   0.03148   0.03336   0.00000   0.00000   0.13848   0.36247   0.02823   0.75327   0.07238   0.33263   0.01540   0.01950   0.44254   0.27246   0.16518   0.29222   0.03113   0.04711   0.01030   0.00166   0.02209   0.01921   0.10297   0.10548   0.00000   0.01671   0.03190   0.00000   0.13775   0.01083   0.21115   0.27935   0.03298   0.27314   0.40096   0.00000   0.01422   0.14489   0.39861   0.84416   0.14880   0.14715   0.05812   0.08394   0.17362   0.41706   2.67017   0.40971  
 72  0.1244  11765.632888  x:  0.20768   0.17137   0.16016   0.06840   0.00000   0.01326   0.00088   0.00000   0.01053   0.00000   0.00516   0.00062   0.03166   0.03212   0.03523   0.00000   0.00000   0.13595   0.35950   0.02853   0.77124   0.06675   0.33103   0.01429   0.01862   0.44126   0.26906   0.16558   0.29689   0.03195   0.04916   0.00352   0.00192   0.02192   0.01786   0.10013   0.10939   0.00000   0.01661   0.03114   0.00000   0.13496   0.01508   0.21467   0.27827   0.03820   0.26847   0.40304   0.00000   0.01348   0.14472   0.39400   0.85354   0.15155   0.14350   0.06082   0.08261   0.16901   0.41602   2.65153   0.40459  
 73  0.0710  11764.218327  x:  0.20474   0.16238   0.15680   0.06525   0.00000   0.01345   0.00087   0.00000   0.00854   0.00000   0.00506   0.00060   0.02946   0.03176   0.03757   0.00000   0.00000   0.13385   0.35251   0.02864   0.77728   0.06235   0.32483   0.01331   0.01730   0.43722   0.26468   0.16509   0.30323   0.03277   0.05110   0.00774   0.00268   0.02140   0.01650   0.09680   0.11594   0.00000   0.01665   0.03055   0.00000   0.12998   0.01860   0.22172   0.27590   0.04513   0.25668   0.40177   0.00000   0.01262   0.14708   0.38654   0.84509   0.15444   0.13776   0.06403   0.08059   0.16238   0.41315   2.64991   0.40028  
 74  0.0970  11763.793086  x:  0.20408   0.16062   0.15930   0.06373   0.00000   0.01362   0.00089   0.00000   0.00863   0.00000   0.00511   0.00062   0.02826   0.02864   0.03817   0.00000   0.00000   0.13914   0.34755   0.03052   0.78195   0.06520   0.32273   0.01320   0.01715   0.43173   0.26443   0.16315   0.30805   0.03172   0.05121   0.00624   0.00281   0.02016   0.01671   0.09334   0.11984   0.00000   0.01595   0.03153   0.00000   0.12612   0.01855   0.23339   0.27456   0.04401   0.24978   0.40116   0.00000   0.01277   0.15079   0.38988   0.84230   0.15204   0.13487   0.06359   0.08098   0.15960   0.41300   2.65943   0.40098  
 75  0.0213  11763.711242  x:  0.20502   0.16178   0.15768   0.06363   0.00000   0.01385   0.00090   0.00000   0.00825   0.00000   0.00516   0.00063   0.02834   0.02854   0.03844   0.00000   0.00000   0.13863   0.34686   0.02985   0.78060   0.06523   0.32425   0.01342   0.01674   0.43583   0.26513   0.16380   0.30762   0.03172   0.05070   0.00535   0.00310   0.02015   0.01671   0.09442   0.12048   0.00000   0.01583   0.03204   0.00000   0.12531   0.01756   0.23137   0.27350   0.04438   0.25044   0.40023   0.00000   0.01252   0.15267   0.38907   0.83877   0.15148   0.13528   0.06307   0.08023   0.16036   0.41113   2.65285   0.40213  
 76  0.0064  11763.600529  x:  0.20600   0.16576   0.15775   0.06357   0.00000   0.01418   0.00092   0.00000   0.00888   0.00000   0.00526   0.00066   0.02885   0.02804   0.03917   0.00000   0.00000   0.13940   0.34853   0.03092   0.77298   0.06445   0.32590   0.01321   0.01778   0.43705   0.26625   0.16384   0.30640   0.03097   0.05097   0.00534   0.00343   0.02085   0.01689   0.09450   0.12118   0.00000   0.01595   0.03256   0.00000   0.12694   0.01769   0.22835   0.27312   0.04335   0.25126   0.39655   0.00000   0.01384   0.15036   0.38893   0.82918   0.14977   0.13697   0.06259   0.08131   0.16166   0.41018   2.65150   0.40399  
 77  0.0054  11763.250946  x:  0.20441   0.16242   0.15700   0.06170   0.00000   0.01497   0.00102   0.00000   0.00730   0.00000   0.00571   0.00076   0.02837   0.02832   0.03793   0.00000   0.00000   0.13652   0.34823   0.03037   0.75666   0.06451   0.32335   0.01296   0.01715   0.43489   0.26389   0.16332   0.30629   0.03030   0.05106   0.00577   0.00376   0.02034   0.01589   0.09483   0.12161   0.00000   0.01576   0.03281   0.00000   0.12682   0.01750   0.22529   0.27403   0.04561   0.24437   0.39295   0.00000   0.01374   0.14965   0.38372   0.80747   0.15160   0.13527   0.06350   0.08047   0.15970   0.41036   2.66128   0.40364  
 78  0.0081  11762.988462  x:  0.20485   0.16109   0.15893   0.06349   0.00000   0.01499   0.00111   0.00000   0.00856   0.00000   0.00614   0.00085   0.02840   0.02861   0.03852   0.00000   0.00000   0.13854   0.34623   0.03118   0.74300   0.06373   0.31930   0.01434   0.01674   0.42584   0.26292   0.16281   0.30672   0.03090   0.05138   0.00551   0.00308   0.01988   0.01665   0.09254   0.11948   0.00000   0.01599   0.03217   0.00000   0.12643   0.01815   0.23185   0.27095   0.04561   0.24111   0.39390   0.00000   0.01185   0.14920   0.38478   0.80164   0.14967   0.13584   0.06255   0.08102   0.16078   0.41049   2.67362   0.40444  
 79  0.0111  11762.812138  x:  0.20474   0.16136   0.15811   0.06364   0.00000   0.01473   0.00118   0.00000   0.00837   0.00000   0.00650   0.00092   0.02874   0.02916   0.03825   0.00000   0.00000   0.13870   0.34424   0.03012   0.73939   0.06683   0.31453   0.01330   0.01810   0.42924   0.26344   0.16274   0.30474   0.03170   0.05016   0.00519   0.00225   0.02007   0.01712   0.09477   0.11704   0.00000   0.01614   0.03148   0.00000   0.12624   0.01832   0.23135   0.27104   0.04593   0.24294   0.39316   0.00000   0.01380   0.15077   0.38588   0.80331   0.15201   0.13501   0.06367   0.08107   0.16020   0.40868   2.66918   0.40428  
 80  0.0064  11762.466970  x:  0.20421   0.16365   0.15702   0.06404   0.00000   0.01441   0.00136   0.00000   0.00784   0.00000   0.00733   0.00110   0.02809   0.02869   0.03855   0.00000   0.00000   0.13531   0.34765   0.02843   0.74684   0.06083   0.31705   0.01423   0.01668   0.43678   0.26590   0.16356   0.30448   0.03317   0.05052   0.00513   0.00221   0.02102   0.01695   0.09494   0.11783   0.00000   0.01666   0.03007   0.00000   0.12499   0.01776   0.22116   0.27453   0.04565   0.24445   0.39027   0.00000   0.01272   0.15151   0.38049   0.80399   0.15093   0.13566   0.06239   0.07895   0.15978   0.40560   2.65114   0.40506  
 81  0.0071  11761.583579  x:  0.20476   0.16283   0.15594   0.06290   0.00000   0.01325   0.00190   0.00000   0.00915   0.00000   0.00990   0.00165   0.02785   0.02728   0.03662   0.00000   0.00000   0.13789   0.34684   0.03093   0.76741   0.06859   0.31850   0.01327   0.01710   0.43446   0.26205   0.16339   0.30637   0.03249   0.05146   0.00609   0.00323   0.01960   0.01582   0.09421   0.12266   0.00000   0.01730   0.03118   0.00000   0.12199   0.01877   0.22804   0.27382   0.04557   0.24620   0.38790   0.00000   0.01459   0.15173   0.38509   0.81285   0.15088   0.13500   0.06352   0.08102   0.16111   0.40908   2.66275   0.40615  
 82  0.0067  11761.254030  x:  0.20420   0.16106   0.16012   0.06386   0.00000   0.01291   0.00221   0.00000   0.00859   0.00000   0.01140   0.00198   0.02830   0.02817   0.03971   0.00000   0.00000   0.13951   0.34725   0.03069   0.76459   0.06541   0.31928   0.01306   0.01730   0.43084   0.26432   0.16201   0.30720   0.03220   0.05055   0.00603   0.00300   0.02063   0.01683   0.09333   0.11987   0.00000   0.01563   0.03100   0.00000   0.12716   0.01774   0.23123   0.27356   0.04469   0.24607   0.39525   0.00000   0.01227   0.14978   0.38773   0.82044   0.15136   0.13595   0.06403   0.07983   0.15953   0.41026   2.65076   0.40271  
 83  0.0128  11761.168400  x:  0.20526   0.16190   0.15809   0.06363   0.00000   0.01312   0.00240   0.00000   0.00845   0.00000   0.01228   0.00217   0.02851   0.02889   0.03786   0.00000   0.00000   0.13807   0.34668   0.02981   0.76150   0.06425   0.32071   0.01387   0.01708   0.43322   0.26514   0.16384   0.30677   0.03144   0.05072   0.00586   0.00305   0.02004   0.01685   0.09453   0.11930   0.00000   0.01573   0.03181   0.00000   0.12620   0.01783   0.23026   0.27313   0.04469   0.24692   0.39604   0.00000   0.01283   0.15066   0.38731   0.82037   0.15158   0.13564   0.06269   0.08114   0.16105   0.41015   2.65279   0.40210  
 84  0.0055  11761.147345  x:  0.20467   0.16242   0.15818   0.06321   0.00000   0.01339   0.00251   0.00000   0.00845   0.00000   0.01279   0.00228   0.02826   0.02854   0.03836   0.00000   0.00000   0.13818   0.34690   0.03015   0.76184   0.06555   0.32152   0.01345   0.01712   0.43367   0.26478   0.16342   0.30664   0.03114   0.05105   0.00577   0.00306   0.02046   0.01664   0.09439   0.11976   0.00000   0.01612   0.03202   0.00000   0.12613   0.01796   0.22953   0.27325   0.04506   0.24626   0.39632   0.00000   0.01302   0.15093   0.38662   0.82016   0.15122   0.13558   0.06312   0.08043   0.16028   0.41100   2.65443   0.40193  
 85  0.0023  11761.135299  x:  0.20484   0.16208   0.15827   0.06360   0.00000   0.01377   0.00257   0.00000   0.00848   0.00000   0.01306   0.00235   0.02821   0.02849   0.03840   0.00000   0.00000   0.13857   0.34683   0.03058   0.76280   0.06465   0.32134   0.01341   0.01713   0.43349   0.26454   0.16325   0.30696   0.03129   0.05090   0.00593   0.00290   0.02011   0.01674   0.09390   0.12005   0.00000   0.01574   0.03199   0.00000   0.12590   0.01806   0.22988   0.27342   0.04477   0.24636   0.39606   0.00000   0.01291   0.15060   0.38676   0.82129   0.15125   0.13576   0.06316   0.08077   0.16059   0.41115   2.65311   0.40219  
 86  0.0011  11761.124335  x:  0.20507   0.16195   0.15818   0.06378   0.00000   0.01440   0.00256   0.00000   0.00852   0.00000   0.01296   0.00234   0.02830   0.02866   0.03814   0.00000   0.00000   0.13832   0.34717   0.03004   0.76341   0.06503   0.32101   0.01363   0.01709   0.43310   0.26449   0.16325   0.30664   0.03142   0.05063   0.00598   0.00287   0.02039   0.01670   0.09445   0.12005   0.00000   0.01611   0.03187   0.00000   0.12629   0.01788   0.23001   0.27333   0.04478   0.24703   0.39584   0.00000   0.01287   0.15085   0.38721   0.82168   0.15136   0.13550   0.06304   0.08052   0.16033   0.41023   2.65293   0.40252  
 87  0.0008  11761.116946  x:  0.20463   0.16216   0.15825   0.06341   0.00000   0.01480   0.00251   0.00000   0.00848   0.00000   0.01269   0.00230   0.02832   0.02848   0.03836   0.00000   0.00000   0.13819   0.34699   0.03020   0.76430   0.06515   0.32128   0.01336   0.01719   0.43317   0.26485   0.16352   0.30673   0.03134   0.05104   0.00585   0.00295   0.02019   0.01667   0.09420   0.11974   0.00000   0.01584   0.03185   0.00000   0.12611   0.01788   0.22986   0.27321   0.04491   0.24701   0.39621   0.00000   0.01301   0.15069   0.38699   0.82187   0.15137   0.13558   0.06319   0.08063   0.16041   0.41046   2.65286   0.40236  
 88  0.0007  11761.094821  x:  0.20469   0.16197   0.15809   0.06317   0.00000   0.01506   0.00247   0.00000   0.00859   0.00000   0.01232   0.00230   0.02847   0.02870   0.03828   0.00000   0.00000   0.13864   0.34623   0.03040   0.76548   0.06487   0.32204   0.01389   0.01703   0.43288   0.26407   0.16308   0.30660   0.03130   0.05070   0.00604   0.00296   0.02046   0.01684   0.09389   0.11933   0.00000   0.01602   0.03201   0.00000   0.12617   0.01839   0.23068   0.27424   0.04418   0.24642   0.39816   0.00000   0.01255   0.15093   0.38749   0.82567   0.15098   0.13576   0.06271   0.08100   0.16086   0.41220   2.65380   0.40081  
 89  0.0007  11760.908261  x:  0.20664   0.16250   0.15829   0.06289   0.00000   0.01500   0.00248   0.00000   0.00867   0.00000   0.01128   0.00256   0.02868   0.02941   0.03859   0.00000   0.00000   0.13926   0.34675   0.03137   0.76330   0.06408   0.32438   0.01332   0.01715   0.43761   0.26561   0.16345   0.30772   0.03136   0.05070   0.00619   0.00293   0.02038   0.01693   0.09473   0.11969   0.00000   0.01605   0.03286   0.00000   0.12629   0.01828   0.22867   0.27308   0.04536   0.24623   0.39902   0.00000   0.01278   0.15206   0.38765   0.82773   0.15128   0.13602   0.06292   0.08054   0.15980   0.41349   2.65214   0.40014  
 90  0.0010  11760.564162  x:  0.20857   0.16336   0.15856   0.06265   0.00000   0.01447   0.00255   0.00000   0.00854   0.00000   0.00792   0.00350   0.02836   0.02941   0.03865   0.00000   0.00000   0.13992   0.34845   0.03137   0.75955   0.06390   0.32690   0.01264   0.01705   0.44199   0.26711   0.16419   0.30871   0.03151   0.05080   0.00612   0.00270   0.02034   0.01716   0.09553   0.12207   0.00000   0.01584   0.03394   0.00000   0.12626   0.01760   0.22784   0.27179   0.04660   0.24509   0.39835   0.00000   0.01305   0.15242   0.38768   0.82703   0.15231   0.13598   0.06334   0.08002   0.15948   0.41413   2.65319   0.40002  
 91  0.0057  11760.323911  x:  0.20534   0.16211   0.15782   0.06380   0.00000   0.01386   0.00325   0.00000   0.00841   0.00000   0.00948   0.00463   0.02781   0.02850   0.03820   0.00000   0.00000   0.13879   0.34797   0.03045   0.76071   0.06420   0.32317   0.01306   0.01708   0.43536   0.26475   0.16313   0.30700   0.03093   0.05082   0.00584   0.00263   0.02026   0.01654   0.09389   0.12140   0.00000   0.01579   0.03300   0.00000   0.12620   0.01738   0.22979   0.27303   0.04500   0.24680   0.39549   0.00000   0.01315   0.15046   0.38686   0.82127   0.15179   0.13505   0.06340   0.08043   0.15990   0.41074   2.65640   0.40242  
 92  0.0064  11760.261171  x:  0.20445   0.16208   0.15810   0.06368   0.00000   0.01427   0.00330   0.00000   0.00843   0.00000   0.00821   0.00503   0.02818   0.02837   0.03827   0.00000   0.00000   0.13816   0.34716   0.03003   0.76340   0.06509   0.32153   0.01358   0.01711   0.43234   0.26429   0.16314   0.30662   0.03113   0.05091   0.00589   0.00288   0.02024   0.01664   0.09403   0.11997   0.00000   0.01593   0.03217   0.00000   0.12623   0.01785   0.23030   0.27355   0.04443   0.24739   0.39620   0.00000   0.01292   0.15021   0.38704   0.82148   0.15134   0.13553   0.06314   0.08074   0.16065   0.41062   2.65452   0.40218  
 93  0.0048  11760.256338  x:  0.20478   0.16211   0.15821   0.06361   0.00000   0.01414   0.00339   0.00000   0.00849   0.00000   0.00836   0.00518   0.02839   0.02855   0.03827   0.00000   0.00000   0.13822   0.34694   0.03022   0.76381   0.06503   0.32115   0.01349   0.01718   0.43317   0.26465   0.16340   0.30672   0.03130   0.05083   0.00589   0.00293   0.02028   0.01667   0.09428   0.11973   0.00000   0.01592   0.03189   0.00000   0.12613   0.01800   0.22987   0.27330   0.04484   0.24692   0.39637   0.00000   0.01296   0.15084   0.38693   0.82180   0.15122   0.13562   0.06307   0.08062   0.16037   0.41056   2.65340   0.40210  
 94  0.0013  11760.256025  x:  0.20480   0.16213   0.15822   0.06355   0.00000   0.01420   0.00341   0.00000   0.00848   0.00000   0.00834   0.00522   0.02841   0.02851   0.03828   0.00000   0.00000   0.13834   0.34701   0.03019   0.76369   0.06501   0.32127   0.01351   0.01717   0.43333   0.26466   0.16337   0.30672   0.03134   0.05087   0.00588   0.00293   0.02026   0.01671   0.09425   0.11984   0.00000   0.01595   0.03190   0.00000   0.12612   0.01797   0.22991   0.27336   0.04481   0.24676   0.39630   0.00000   0.01292   0.15081   0.38696   0.82176   0.15133   0.13562   0.06311   0.08064   0.16045   0.41071   2.65422   0.40208  
 95  0.0007  11760.255993  x:  0.20482   0.16211   0.15819   0.06353   0.00000   0.01420   0.00341   0.00000   0.00849   0.00000   0.00834   0.00523   0.02840   0.02853   0.03827   0.00000   0.00000   0.13833   0.34700   0.03021   0.76360   0.06500   0.32132   0.01349   0.01716   0.43336   0.26466   0.16337   0.30673   0.03135   0.05086   0.00589   0.00293   0.02028   0.01669   0.09421   0.11984   0.00000   0.01594   0.03190   0.00000   0.12613   0.01795   0.22991   0.27335   0.04480   0.24679   0.39626   0.00000   0.01291   0.15078   0.38700   0.82180   0.15135   0.13560   0.06311   0.08065   0.16043   0.41069   2.65434   0.40207  
 96  0.0001  11760.255944  x:  0.20484   0.16214   0.15822   0.06349   0.00000   0.01418   0.00341   0.00000   0.00849   0.00000   0.00835   0.00523   0.02840   0.02851   0.03828   0.00000   0.00000   0.13830   0.34701   0.03019   0.76352   0.06504   0.32136   0.01349   0.01717   0.43327   0.26468   0.16337   0.30676   0.03138   0.05087   0.00589   0.00292   0.02027   0.01670   0.09426   0.11983   0.00000   0.01594   0.03190   0.00000   0.12612   0.01795   0.22993   0.27335   0.04479   0.24688   0.39624   0.00000   0.01290   0.15071   0.38708   0.82185   0.15137   0.13563   0.06311   0.08065   0.16046   0.41071   2.65412   0.40204  
 97  0.0001  11760.255555  x:  0.20479   0.16211   0.15820   0.06333   0.00000   0.01419   0.00340   0.00000   0.00848   0.00000   0.00832   0.00523   0.02841   0.02851   0.03832   0.00000   0.00000   0.13837   0.34693   0.03022   0.76357   0.06493   0.32137   0.01349   0.01720   0.43318   0.26463   0.16330   0.30671   0.03145   0.05085   0.00588   0.00293   0.02025   0.01669   0.09424   0.11971   0.00000   0.01597   0.03192   0.00000   0.12607   0.01796   0.22997   0.27342   0.04477   0.24699   0.39623   0.00000   0.01295   0.15067   0.38715   0.82197   0.15129   0.13557   0.06311   0.08066   0.16038   0.41059   2.65367   0.40207  
 98  0.0001  11760.253218  x:  0.20479   0.16208   0.15820   0.06277   0.00000   0.01425   0.00330   0.00000   0.00848   0.00000   0.00829   0.00525   0.02849   0.02853   0.03840   0.00000   0.00000   0.13845   0.34693   0.03013   0.76377   0.06493   0.32133   0.01355   0.01722   0.43291   0.26444   0.16331   0.30643   0.03175   0.05081   0.00584   0.00295   0.02024   0.01667   0.09411   0.11948   0.00000   0.01593   0.03207   0.00000   0.12603   0.01802   0.22987   0.27344   0.04484   0.24692   0.39637   0.00000   0.01302   0.15062   0.38701   0.82213   0.15088   0.13556   0.06310   0.08063   0.16045   0.41010   2.65321   0.40227  
 99  0.0002  11760.239569  x:  0.20506   0.16201   0.15834   0.06330   0.00000   0.01414   0.00295   0.00000   0.00850   0.00000   0.00854   0.00545   0.02855   0.02860   0.03819   0.00000   0.00000   0.13823   0.34739   0.03024   0.76399   0.06502   0.32051   0.01348   0.01708   0.43315   0.26460   0.16322   0.30649   0.03167   0.05093   0.00589   0.00290   0.02024   0.01678   0.09429   0.11994   0.00000   0.01590   0.03205   0.00000   0.12668   0.01791   0.22963   0.27340   0.04487   0.24604   0.39611   0.00000   0.01283   0.15079   0.38634   0.82150   0.15113   0.13559   0.06304   0.08070   0.16043   0.41047   2.65669   0.40243  
100  0.0005  11760.235588  x:  0.20474   0.16218   0.15821   0.06352   0.00000   0.01419   0.00287   0.00000   0.00849   0.00000   0.00848   0.00562   0.02844   0.02849   0.03824   0.00000   0.00000   0.13821   0.34696   0.03019   0.76387   0.06517   0.32123   0.01352   0.01714   0.43335   0.26474   0.16340   0.30677   0.03138   0.05085   0.00589   0.00292   0.02030   0.01671   0.09418   0.11984   0.00000   0.01591   0.03188   0.00000   0.12615   0.01793   0.22986   0.27329   0.04484   0.24678   0.39622   0.00000   0.01290   0.15082   0.38691   0.82175   0.15143   0.13571   0.06311   0.08067   0.16053   0.41070   2.65459   0.40203  
101  0.0016  11760.235441  x:  0.20478   0.16213   0.15820   0.06350   0.00000   0.01420   0.00287   0.00000   0.00849   0.00000   0.00848   0.00562   0.02843   0.02851   0.03827   0.00000   0.00000   0.13832   0.34697   0.03021   0.76368   0.06500   0.32131   0.01349   0.01716   0.43333   0.26467   0.16336   0.30673   0.03136   0.05087   0.00588   0.00293   0.02027   0.01670   0.09424   0.11981   0.00000   0.01594   0.03189   0.00000   0.12612   0.01795   0.22992   0.27336   0.04479   0.24681   0.39623   0.00000   0.01291   0.15079   0.38702   0.82177   0.15136   0.13561   0.06311   0.08065   0.16043   0.41069   2.65430   0.40204  
102  0.0005  11760.235437  x:  0.20480   0.16213   0.15821   0.06350   0.00000   0.01420   0.00287   0.00000   0.00849   0.00000   0.00848   0.00562   0.02842   0.02851   0.03827   0.00000   0.00000   0.13833   0.34700   0.03020   0.76363   0.06501   0.32131   0.01350   0.01716   0.43333   0.26466   0.16337   0.30673   0.03136   0.05086   0.00589   0.00293   0.02027   0.01670   0.09423   0.11983   0.00000   0.01594   0.03190   0.00000   0.12612   0.01796   0.22991   0.27336   0.04480   0.24681   0.39627   0.00000   0.01291   0.15077   0.38701   0.82179   0.15134   0.13561   0.06311   0.08065   0.16044   0.41069   2.65427   0.40206  
103  0.0001  11760.235437  x:  0.20480   0.16213   0.15820   0.06350   0.00000   0.01420   0.00287   0.00000   0.00849   0.00000   0.00848   0.00562   0.02842   0.02851   0.03827   0.00000   0.00000   0.13833   0.34700   0.03020   0.76363   0.06501   0.32131   0.01350   0.01716   0.43333   0.26466   0.16337   0.30673   0.03136   0.05086   0.00589   0.00293   0.02027   0.01669   0.09423   0.11983   0.00000   0.01594   0.03190   0.00000   0.12612   0.01796   0.22991   0.27336   0.04480   0.24681   0.39627   0.00000   0.01291   0.15077   0.38700   0.82180   0.15134   0.13561   0.06311   0.08065   0.16044   0.41069   2.65428   0.40206  
104  0.0000  11760.235437  x:  0.20480   0.16213   0.15820   0.06350   0.00000   0.01420   0.00287   0.00000   0.00849   0.00000   0.00848   0.00562   0.02842   0.02851   0.03827   0.00000   0.00000   0.13832   0.34700   0.03020   0.76363   0.06501   0.32131   0.01350   0.01716   0.43333   0.26466   0.16337   0.30673   0.03136   0.05086   0.00589   0.00293   0.02027   0.01669   0.09423   0.11983   0.00000   0.01594   0.03190   0.00000   0.12612   0.01796   0.22991   0.27336   0.04480   0.24681   0.39627   0.00000   0.01291   0.15077   0.38700   0.82181   0.15134   0.13561   0.06311   0.08065   0.16044   0.41069   2.65428   0.40206  