

TREE # 1

  0  0.0000  40623.337999  x:  0.06746   0.02349   0.06248   0.01210   0.08224   0.02535   0.06262   0.07657   0.07845   0.07373   0.03405   0.02028   0.01143   0.07983   0.05774   0.09811   0.09007   0.10946   0.09734   0.01083   0.04533   0.10639   0.10981   0.10441   0.09349   0.02974   0.09383   0.09189   0.09902   0.06622   0.06819   0.09626   0.01655   0.97280   0.94937  
  1 99.0000  37539.892467  x:  0.12417   0.26978   0.11797   0.37347   0.10515   0.01081   0.04488   0.10608   0.09720   0.10217   0.18695   0.14645   0.09400   0.07503   0.08075   0.10141   0.11897   0.09257   0.08571   0.30995   0.07153   0.13302   0.10788   0.13159   0.09511   0.01144   0.07112   0.07250   0.07612   0.05934   0.05461   0.13659   0.21686   1.00287   0.92616  
  2 35807.8311  37102.193357  x:  0.14010   0.27740   0.13616   0.37155   0.11918   0.01549   0.02194   0.12293   0.09959   0.12183   0.20291   0.13751   0.07390   0.06281   0.09694   0.10482   0.14137   0.06568   0.06848   0.29252   0.07499   0.16207   0.09053   0.14772   0.09446   0.00000   0.03380   0.04247   0.03824   0.05168   0.03676   0.17489   0.21789   1.05258   0.87888  
  3 4286.6564  36906.040043  x:  0.15152   0.28302   0.14917   0.37036   0.12918   0.01861   0.00591   0.13495   0.10128   0.13587   0.21443   0.13117   0.05951   0.05408   0.10845   0.10724   0.15739   0.04645   0.05621   0.28013   0.07744   0.18283   0.07804   0.15927   0.09403   0.00595   0.00716   0.02111   0.01125   0.04628   0.02417   0.20224   0.21874   1.08842   0.84472  
  4 181278.9799  36811.332283  x:  0.15818   0.28708   0.15648   0.37012   0.13444   0.01859   0.02383   0.14140   0.10189   0.14371   0.22176   0.12743   0.05091   0.04947   0.11422   0.10834   0.16659   0.03671   0.05069   0.27213   0.07829   0.19465   0.06994   0.16608   0.09330   0.00743   0.00765   0.01469   0.00149   0.04475   0.02228   0.21752   0.21963   1.11320   0.81984  
  5 9320.8394  36659.608128  x:  0.17415   0.29697   0.17390   0.36957   0.14681   0.01724   0.04831   0.15665   0.10326   0.16243   0.23945   0.11848   0.03060   0.03885   0.12779   0.11091   0.18862   0.01520   0.03858   0.25262   0.08016   0.22295   0.05039   0.18253   0.09152   0.01025   0.01095   0.00472   0.02084   0.04173   0.01984   0.25399   0.22183   1.17395   0.75834  
  6 23537.5393  36513.289505  x:  0.19209   0.30851   0.19324   0.36894   0.16020   0.01388   0.06294   0.17333   0.10444   0.18337   0.25975   0.10854   0.01003   0.02898   0.14238   0.11358   0.21343   0.00589   0.03023   0.22967   0.08181   0.25481   0.02863   0.20109   0.08918   0.01285   0.01468   0.03535   0.02962   0.03988   0.02139   0.29507   0.22447   1.24636   0.68330  
  7 24561.6132  36345.979411  x:  0.20948   0.31964   0.21172   0.36741   0.17263   0.00981   0.07552   0.18903   0.10517   0.20371   0.27971   0.09908   0.00000   0.02362   0.15581   0.11599   0.23778   0.03564   0.03092   0.20564   0.08289   0.28600   0.00913   0.21933   0.08645   0.01511   0.01785   0.04586   0.03694   0.03994   0.02597   0.33528   0.22683   1.32213   0.60256  
  8 25821.1353  36209.580190  x:  0.22031   0.32543   0.22310   0.36403   0.18018   0.00752   0.08276   0.19866   0.10535   0.21668   0.29186   0.09302   0.01699   0.02368   0.16392   0.11746   0.25333   0.04610   0.03288   0.18809   0.08330   0.30604   0.00000   0.23107   0.08449   0.01648   0.02007   0.05248   0.04108   0.04090   0.02966   0.36108   0.22729   1.37369   0.54621  
  9 34664.8925  35816.427562  x:  0.25303   0.34955   0.25439   0.35657   0.19664   0.00927   0.09601   0.22180   0.10306   0.25530   0.33535   0.07952   0.02985   0.05804   0.17917   0.11958   0.29955   0.05915   0.07231   0.12693   0.08442   0.36916   0.09737   0.27133   0.07552   0.02034   0.03418   0.06467   0.04860   0.06013   0.05482   0.44193   0.23702   1.58864   0.28574  
 10 13078.3701  35748.390063  x:  0.24877   0.34969   0.24445   0.35417   0.18617   0.00000   0.09144   0.21075   0.10040   0.24841   0.33538   0.09310   0.02665   0.05650   0.16333   0.11718   0.29136   0.05546   0.06999   0.13290   0.07697   0.35369   0.08406   0.26811   0.07244   0.01963   0.03610   0.06142   0.04605   0.06079   0.05002   0.43568   0.23481   1.63917   0.22886  
 11 2182.1398  35735.158697  x:  0.24736   0.34981   0.24107   0.35348   0.18273   0.00459   0.09014   0.20704   0.09960   0.24607   0.33540   0.09767   0.02570   0.05593   0.15800   0.11643   0.28857   0.05456   0.06921   0.13505   0.07453   0.34831   0.07914   0.26702   0.07150   0.01949   0.03686   0.06069   0.04547   0.06100   0.04852   0.43351   0.23413   1.65630   0.21118  
 12 18591.2900  35479.962617  x:  0.24251   0.36357   0.18401   0.33285   0.13327   0.00656   0.07183   0.15015   0.11252   0.22004   0.35364   0.15896   0.01420   0.07917   0.06818   0.12582   0.25513   0.03945   0.08711   0.14345   0.05820   0.23663   0.05255   0.27496   0.08179   0.01720   0.04320   0.04902   0.03601   0.07996   0.05671   0.42400   0.22966   2.17433   0.26519  
 13 1512.2416  35371.618127  x:  0.22271   0.36102   0.14769   0.32994   0.12876   0.00693   0.07410   0.13866   0.11621   0.18703   0.33635   0.15785   0.01932   0.05763   0.13934   0.12539   0.22070   0.04764   0.06192   0.16830   0.07318   0.17472   0.07021   0.25566   0.07767   0.01654   0.03849   0.05214   0.03782   0.04856   0.03374   0.37366   0.22866   2.44136   0.28332  
 14 2552.2417  35336.821681  x:  0.20827   0.35664   0.14919   0.34066   0.14789   0.00685   0.07137   0.15693   0.11442   0.16886   0.31271   0.13715   0.01915   0.04064   0.14421   0.11403   0.20531   0.04430   0.05693   0.18316   0.08360   0.18203   0.06637   0.23312   0.07721   0.01561   0.02790   0.04844   0.03580   0.06594   0.06243   0.32383   0.22953   2.53779   0.28729  
 15 1305.8849  35313.944774  x:  0.19730   0.35139   0.16218   0.35475   0.16126   0.00682   0.06877   0.17175   0.11177   0.16093   0.28889   0.11703   0.01720   0.05580   0.13487   0.10884   0.20093   0.04223   0.06467   0.19152   0.08780   0.20552   0.05907   0.21253   0.08321   0.01538   0.03343   0.04773   0.03479   0.05770   0.04403   0.27611   0.23137   2.60160   0.29136  
 16 1161.1497  35310.535250  x:  0.19535   0.34707   0.16850   0.36140   0.15567   0.00687   0.07019   0.16769   0.11057   0.16765   0.28129   0.11937   0.01874   0.04759   0.13065   0.11399   0.20572   0.04422   0.05904   0.18855   0.08323   0.21355   0.06339   0.20871   0.08895   0.01530   0.03104   0.04870   0.03555   0.05575   0.04138   0.26318   0.23293   2.61209   0.29259  
 17 303.1006  35309.683847  x:  0.19462   0.34342   0.17055   0.36625   0.15202   0.00692   0.06942   0.16477   0.11020   0.17223   0.27750   0.12181   0.01790   0.05042   0.13554   0.11558   0.20870   0.04315   0.06041   0.18645   0.08039   0.21467   0.06119   0.20741   0.08930   0.01524   0.03116   0.04802   0.03508   0.05627   0.04464   0.25867   0.23355   2.61478   0.29276  
 18 162.4909  35309.545449  x:  0.19445   0.34109   0.17044   0.36893   0.15185   0.00693   0.06916   0.16470   0.11035   0.17351   0.27626   0.12210   0.01792   0.04938   0.13609   0.11383   0.20922   0.04300   0.06149   0.18540   0.08006   0.21403   0.06106   0.20763   0.08856   0.01526   0.03188   0.04794   0.03496   0.05787   0.04338   0.25882   0.23377   2.61529   0.29293  
 19 61.7620  35309.448948  x:  0.19420   0.33789   0.16996   0.37240   0.15226   0.00692   0.06933   0.16514   0.11049   0.17421   0.27500   0.12192   0.01799   0.04983   0.13528   0.11234   0.20926   0.04316   0.06069   0.18441   0.08007   0.21302   0.06126   0.20816   0.08798   0.01526   0.03153   0.04802   0.03504   0.05667   0.04383   0.25985   0.23386   2.61568   0.29292  
 20 52.0026  35309.416901  x:  0.19399   0.33609   0.16985   0.37409   0.15249   0.00691   0.06944   0.16533   0.11031   0.17370   0.27471   0.12152   0.01799   0.04996   0.13515   0.11388   0.20881   0.04317   0.06074   0.18434   0.08030   0.21269   0.06122   0.20843   0.08831   0.01526   0.03137   0.04807   0.03510   0.05706   0.04364   0.26065   0.23354   2.61582   0.29280  
 21 25.1680  35309.408572  x:  0.19398   0.33556   0.17013   0.37440   0.15235   0.00692   0.06924   0.16518   0.11018   0.17333   0.27498   0.12155   0.01800   0.04963   0.13516   0.11397   0.20867   0.04311   0.06100   0.18445   0.08042   0.21292   0.06122   0.20845   0.08833   0.01526   0.03175   0.04798   0.03500   0.05671   0.04384   0.26087   0.23322   2.61590   0.29284  
 22  9.5131  35309.389330  x:  0.19399   0.33452   0.17093   0.37475   0.15187   0.00693   0.06935   0.16469   0.10987   0.17248   0.27594   0.12183   0.01800   0.04989   0.13534   0.11345   0.20850   0.04319   0.06065   0.18478   0.08059   0.21357   0.06131   0.20841   0.08815   0.01526   0.03158   0.04804   0.03506   0.05702   0.04372   0.26106   0.23238   2.61610   0.29296  
 23 11.0643  35309.320712  x:  0.19396   0.33349   0.17118   0.37474   0.15222   0.00691   0.06999   0.16501   0.11006   0.17260   0.27773   0.12212   0.01799   0.04960   0.13526   0.11341   0.20897   0.04309   0.06197   0.18506   0.08015   0.21321   0.06132   0.20823   0.08801   0.01524   0.03015   0.04825   0.03536   0.05654   0.04361   0.26031   0.23171   2.61652   0.29295  
 24  4.9441  35308.876616  x:  0.19388   0.32951   0.17118   0.37416   0.15488   0.00692   0.06879   0.16759   0.11173   0.17500   0.28575   0.12232   0.01804   0.04992   0.13481   0.11446   0.21187   0.04323   0.06045   0.18574   0.07840   0.21078   0.06185   0.20770   0.08820   0.01524   0.03212   0.04789   0.03481   0.05695   0.04360   0.25656   0.23001   2.61934   0.29290  
 25 32.8149  35302.668329  x:  0.19215   0.32286   0.16517   0.37155   0.14327   0.00716   0.06465   0.15897   0.11395   0.18479   0.30524   0.10547   0.01833   0.05133   0.13141   0.10980   0.21178   0.04201   0.06198   0.18159   0.09138   0.21036   0.05851   0.21196   0.10302   0.01470   0.03076   0.04601   0.03285   0.05766   0.04392   0.25425   0.24331   2.66009   0.29251  
 26 26.2624  35264.692235  x:  0.19502   0.31997   0.17006   0.35236   0.13788   0.00848   0.04279   0.15588   0.09694   0.19032   0.32570   0.11794   0.02046   0.05627   0.11288   0.12441   0.20413   0.03976   0.06324   0.15075   0.07515   0.22648   0.05778   0.22426   0.06792   0.01267   0.02717   0.03807   0.02333   0.05495   0.03755   0.27989   0.28238   2.90571   0.30741  
 27 300.1131  35244.473326  x:  0.20739   0.32456   0.17933   0.34173   0.14432   0.00906   0.03142   0.15981   0.11172   0.18900   0.30838   0.13835   0.02127   0.06077   0.10824   0.11659   0.22000   0.03889   0.06703   0.15663   0.06220   0.22481   0.06073   0.22874   0.10114   0.01163   0.02639   0.03424   0.01840   0.05525   0.03607   0.30825   0.26298   3.04619   0.31175  
 28 798.4301  35240.197127  x:  0.21251   0.33137   0.17906   0.34322   0.13940   0.00921   0.02932   0.15670   0.11954   0.19684   0.30107   0.13529   0.02165   0.06116   0.10264   0.12099   0.23155   0.03891   0.06754   0.16355   0.07461   0.22286   0.06218   0.22795   0.09088   0.01148   0.02591   0.03363   0.01754   0.05512   0.03569   0.31222   0.24174   3.07491   0.31223  
 29 313.0455  35239.583397  x:  0.21205   0.33639   0.17646   0.34663   0.13778   0.00925   0.02880   0.15594   0.11522   0.19878   0.30155   0.12934   0.02182   0.06106   0.10237   0.12045   0.23194   0.03880   0.06736   0.16389   0.06925   0.22258   0.06267   0.22981   0.09039   0.01141   0.02581   0.03338   0.01729   0.05514   0.03566   0.31270   0.23356   3.07903   0.31280  
 30 97.7476  35239.520758  x:  0.21151   0.33779   0.17548   0.34774   0.13834   0.00925   0.02874   0.15623   0.11450   0.19970   0.30214   0.13070   0.02180   0.06114   0.10252   0.12038   0.23031   0.03878   0.06736   0.16216   0.07032   0.22315   0.06257   0.23044   0.09107   0.01140   0.02580   0.03335   0.01726   0.05510   0.03559   0.31195   0.23142   3.07936   0.31284  
 31 29.1121  35239.514841  x:  0.21151   0.33798   0.17566   0.34793   0.13829   0.00925   0.02873   0.15609   0.11551   0.19952   0.30220   0.13055   0.02181   0.06113   0.10257   0.12042   0.22984   0.03878   0.06734   0.16188   0.07003   0.22324   0.06255   0.23094   0.09094   0.01140   0.02578   0.03335   0.01725   0.05509   0.03558   0.31170   0.23127   3.07937   0.31280  
 32  3.8287  35239.397313  x:  0.20781   0.33761   0.17604   0.34711   0.13819   0.00925   0.02875   0.15687   0.11534   0.19909   0.30129   0.13110   0.02180   0.06112   0.10280   0.12037   0.23107   0.03881   0.06740   0.16338   0.07054   0.22359   0.06247   0.23652   0.09060   0.01140   0.02565   0.03337   0.01725   0.05515   0.03566   0.31060   0.23120   3.08032   0.31276  
 33  1.3245  35233.971811  x:  0.19836   0.34149   0.19103   0.35090   0.15197   0.00936   0.02854   0.15162   0.11192   0.18939   0.29523   0.12554   0.02342   0.05879   0.11089   0.11915   0.23336   0.03959   0.06570   0.15775   0.07592   0.21185   0.06261   0.22915   0.08935   0.01099   0.01825   0.03307   0.01711   0.05659   0.03774   0.30709   0.22766   3.12134   0.31104  
 34  5.1116  35230.570551  x:  0.20306   0.33532   0.17855   0.34950   0.14621   0.00956   0.02884   0.16400   0.11525   0.18968   0.29059   0.12642   0.02428   0.05762   0.11747   0.11859   0.22705   0.04037   0.06508   0.16525   0.07364   0.22231   0.06334   0.22341   0.08751   0.01084   0.01390   0.03321   0.01726   0.05743   0.03912   0.30673   0.22457   3.14823   0.31109  
 35 144.7737  35230.522879  x:  0.20614   0.33457   0.17831   0.34912   0.14768   0.00955   0.02885   0.16269   0.11425   0.19016   0.29006   0.12634   0.02429   0.05764   0.11754   0.11858   0.22633   0.04039   0.06510   0.16609   0.07377   0.22244   0.06334   0.22507   0.08746   0.01084   0.01384   0.03322   0.01726   0.05746   0.03916   0.30564   0.22458   3.14860   0.31102  
 36 20.2813  35230.518098  x:  0.20681   0.33466   0.17853   0.34922   0.14716   0.00955   0.02883   0.16329   0.11400   0.18975   0.29001   0.12633   0.02429   0.05762   0.11754   0.11858   0.22648   0.04038   0.06509   0.16579   0.07393   0.22206   0.06332   0.22536   0.08751   0.01084   0.01383   0.03321   0.01725   0.05746   0.03916   0.30528   0.22461   3.14860   0.31099  
 37  3.0253  35230.223153  x:  0.20775   0.33474   0.17320   0.35061   0.14866   0.00958   0.02838   0.16175   0.11463   0.18434   0.29007   0.12667   0.02441   0.05727   0.11837   0.11852   0.23122   0.04037   0.06488   0.16376   0.07423   0.22452   0.06301   0.22520   0.08734   0.01082   0.01428   0.03302   0.01702   0.05745   0.03912   0.30362   0.22506   3.15038   0.31088  
 38  0.5100  35227.223761  x:  0.20722   0.32918   0.17599   0.34787   0.14935   0.00991   0.02503   0.16919   0.11368   0.18673   0.28500   0.12346   0.02599   0.05520   0.12589   0.11747   0.22042   0.04150   0.06348   0.16964   0.07538   0.22562   0.06307   0.22088   0.08563   0.01090   0.01964   0.03200   0.01540   0.05750   0.03904   0.30068   0.22416   3.17097   0.30867  
 39 13.1848  35223.463421  x:  0.20354   0.32773   0.17740   0.34185   0.15208   0.01080   0.02946   0.16838   0.11287   0.18333   0.28414   0.11949   0.03180   0.05206   0.12805   0.11595   0.22206   0.04705   0.06193   0.16273   0.07814   0.22703   0.06323   0.22201   0.08743   0.01156   0.01939   0.03415   0.01702   0.05433   0.03335   0.29804   0.22343   3.16449   0.30013  
 40  0.0104  35219.631419  x:  0.20190   0.32165   0.17666   0.32662   0.14938   0.01262   0.02534   0.16343   0.11293   0.18620   0.28903   0.12183   0.03822   0.05195   0.12372   0.11703   0.22296   0.05018   0.06276   0.15294   0.07781   0.22635   0.05768   0.22481   0.08815   0.01154   0.01795   0.03180   0.01427   0.05423   0.03942   0.29973   0.22597   3.19691   0.29758  
 41  0.0242  35217.651048  x:  0.20728   0.31676   0.17561   0.32255   0.14703   0.01373   0.02811   0.16510   0.11498   0.18786   0.28181   0.12309   0.04160   0.05559   0.12140   0.11768   0.22217   0.05190   0.06542   0.15495   0.07453   0.22509   0.05464   0.22299   0.08717   0.01217   0.01920   0.03213   0.01491   0.05723   0.03940   0.30100   0.21590   3.17117   0.30287  
 42  0.0222  35217.109515  x:  0.20360   0.31466   0.17626   0.31919   0.14846   0.01419   0.02716   0.16488   0.11422   0.18418   0.28086   0.12021   0.04349   0.05543   0.12029   0.11752   0.21939   0.05184   0.06488   0.15293   0.07500   0.22511   0.05267   0.22157   0.08759   0.01218   0.01901   0.03133   0.01425   0.05686   0.03719   0.29596   0.21942   3.16243   0.30706  
 43  0.0104  35216.807717  x:  0.20307   0.31477   0.17632   0.31792   0.14911   0.01415   0.02783   0.16512   0.11390   0.18418   0.28109   0.11962   0.04476   0.05365   0.12221   0.11736   0.22041   0.05113   0.06363   0.15143   0.07641   0.22614   0.05388   0.22205   0.08792   0.01243   0.01925   0.03124   0.01447   0.05573   0.03859   0.29614   0.21825   3.12813   0.30852  
 44  0.0176  35216.518804  x:  0.20423   0.31239   0.17579   0.31639   0.14811   0.01378   0.02695   0.16450   0.11460   0.18521   0.27982   0.12177   0.04562   0.05364   0.12234   0.11733   0.22095   0.04866   0.06393   0.15253   0.07617   0.22492   0.05422   0.22216   0.08775   0.01252   0.01872   0.03054   0.01415   0.05604   0.03740   0.29788   0.21592   3.10685   0.30750  
 45  0.0088  35216.353043  x:  0.20429   0.31320   0.17634   0.31574   0.14869   0.01338   0.02732   0.16538   0.11444   0.18470   0.27998   0.11941   0.04652   0.05468   0.12133   0.11752   0.21970   0.04715   0.06456   0.15104   0.07522   0.22502   0.05526   0.22198   0.08763   0.01275   0.01867   0.03075   0.01446   0.05652   0.03779   0.29767   0.21758   3.10580   0.30573  
 46  0.0023  35216.259664  x:  0.20306   0.31220   0.17624   0.31553   0.14854   0.01326   0.02734   0.16474   0.11402   0.18388   0.27954   0.12087   0.04760   0.05482   0.12134   0.11744   0.21995   0.04662   0.06466   0.15074   0.07597   0.22546   0.05589   0.22180   0.08774   0.01296   0.01899   0.03108   0.01458   0.05624   0.03791   0.29586   0.21628   3.12648   0.30660  
 47  0.0089  35216.228786  x:  0.20413   0.31259   0.17590   0.31487   0.14822   0.01318   0.02729   0.16471   0.11449   0.18477   0.28040   0.12006   0.04809   0.05425   0.12158   0.11748   0.22023   0.04636   0.06446   0.15063   0.07569   0.22491   0.05550   0.22190   0.08760   0.01306   0.01898   0.03128   0.01463   0.05640   0.03776   0.29697   0.21683   3.13287   0.30722  
 48  0.0033  35216.213345  x:  0.20379   0.31264   0.17615   0.31598   0.14853   0.01308   0.02737   0.16492   0.11443   0.18441   0.27998   0.12031   0.04813   0.05407   0.12154   0.11742   0.22007   0.04620   0.06430   0.15084   0.07567   0.22498   0.05446   0.22218   0.08777   0.01311   0.01890   0.03144   0.01468   0.05620   0.03784   0.29708   0.21690   3.13364   0.30699  
 49  0.0009  35216.205642  x:  0.20385   0.31336   0.17625   0.31611   0.14853   0.01304   0.02730   0.16499   0.11414   0.18457   0.28067   0.12047   0.04827   0.05427   0.12156   0.11753   0.22037   0.04627   0.06438   0.15089   0.07581   0.22586   0.05420   0.22211   0.08762   0.01315   0.01893   0.03151   0.01464   0.05631   0.03779   0.29702   0.21722   3.13204   0.30691  
 50  0.0008  35216.196180  x:  0.20396   0.31339   0.17615   0.31736   0.14838   0.01300   0.02720   0.16489   0.11438   0.18450   0.28064   0.12039   0.04878   0.05419   0.12145   0.11745   0.22012   0.04646   0.06439   0.15121   0.07572   0.22543   0.05451   0.22196   0.08769   0.01322   0.01893   0.03155   0.01455   0.05633   0.03786   0.29679   0.21738   3.12937   0.30685  
 51  0.0010  35216.194985  x:  0.20385   0.31381   0.17613   0.31724   0.14845   0.01301   0.02724   0.16489   0.11430   0.18445   0.28064   0.12054   0.04886   0.05419   0.12154   0.11747   0.22016   0.04651   0.06444   0.15118   0.07572   0.22519   0.05454   0.22213   0.08773   0.01323   0.01889   0.03154   0.01455   0.05628   0.03782   0.29690   0.21747   3.12989   0.30679  
 52  0.0006  35216.194223  x:  0.20388   0.31366   0.17610   0.31751   0.14847   0.01302   0.02730   0.16492   0.11425   0.18447   0.28079   0.12050   0.04890   0.05421   0.12159   0.11750   0.22017   0.04649   0.06443   0.15116   0.07573   0.22527   0.05454   0.22212   0.08768   0.01325   0.01888   0.03142   0.01453   0.05628   0.03782   0.29699   0.21750   3.13070   0.30677  
 53  0.0003  35216.194049  x:  0.20390   0.31379   0.17614   0.31745   0.14845   0.01303   0.02731   0.16492   0.11430   0.18447   0.28074   0.12052   0.04889   0.05419   0.12155   0.11747   0.22015   0.04647   0.06441   0.15123   0.07573   0.22528   0.05453   0.22211   0.08770   0.01325   0.01890   0.03138   0.01452   0.05629   0.03782   0.29694   0.21751   3.13073   0.30678  
 54  0.0002  35216.194035  x:  0.20389   0.31380   0.17614   0.31748   0.14845   0.01303   0.02731   0.16491   0.11430   0.18448   0.28074   0.12052   0.04889   0.05419   0.12154   0.11747   0.22018   0.04647   0.06442   0.15121   0.07572   0.22528   0.05453   0.22212   0.08771   0.01325   0.01891   0.03138   0.01453   0.05629   0.03782   0.29694   0.21752   3.13075   0.30677  
 55  0.0000  35216.194009  x:  0.20389   0.31380   0.17613   0.31748   0.14846   0.01305   0.02730   0.16491   0.11430   0.18448   0.28076   0.12053   0.04889   0.05418   0.12154   0.11748   0.22017   0.04646   0.06442   0.15123   0.07572   0.22527   0.05453   0.22211   0.08771   0.01326   0.01891   0.03139   0.01454   0.05629   0.03782   0.29693   0.21753   3.13070   0.30676  
 56  0.0000  35216.194005  x:  0.20390   0.31381   0.17614   0.31749   0.14845   0.01305   0.02729   0.16491   0.11430   0.18448   0.28075   0.12052   0.04889   0.05419   0.12154   0.11748   0.22017   0.04646   0.06441   0.15123   0.07572   0.22528   0.05453   0.22211   0.08771   0.01326   0.01890   0.03139   0.01454   0.05629   0.03782   0.29694   0.21752   3.13072   0.30677  
 57  0.0000  35216.194004  x:  0.20390   0.31380   0.17614   0.31749   0.14845   0.01305   0.02729   0.16491   0.11430   0.18448   0.28075   0.12052   0.04889   0.05419   0.12154   0.11747   0.22017   0.04646   0.06441   0.15123   0.07572   0.22528   0.05453   0.22211   0.08771   0.01326   0.01890   0.03139   0.01454   0.05629   0.03782   0.29694   0.21753   3.13072   0.30677  
 58  0.0000  35216.194002  x:  0.20390   0.31381   0.17614   0.31749   0.14845   0.01305   0.02729   0.16491   0.11430   0.18448   0.28075   0.12052   0.04888   0.05419   0.12154   0.11747   0.22017   0.04646   0.06441   0.15123   0.07572   0.22528   0.05453   0.22211   0.08771   0.01326   0.01890   0.03139   0.01453   0.05629   0.03782   0.29693   0.21752   3.13073   0.30677  
 59  0.0000  35216.194002  x:  0.20390   0.31380   0.17614   0.31748   0.14845   0.01305   0.02729   0.16491   0.11430   0.18448   0.28075   0.12052   0.04888   0.05419   0.12154   0.11747   0.22017   0.04646   0.06441   0.15123   0.07572   0.22528   0.05453   0.22211   0.08771   0.01327   0.01890   0.03139   0.01453   0.05629   0.03782   0.29694   0.21752   3.13072   0.30677  
 60  0.0000  35216.194002  x:  0.20390   0.31380   0.17614   0.31748   0.14845   0.01305   0.02729   0.16491   0.11430   0.18448   0.28075   0.12052   0.04888   0.05419   0.12154   0.11747   0.22017   0.04646   0.06441   0.15123   0.07572   0.22528   0.05453   0.22211   0.08771   0.01327   0.01890   0.03139   0.01453   0.05629   0.03782   0.29694   0.21752   3.13072   0.30677  
 61  0.0000  35216.194001  x:  0.20390   0.31380   0.17614   0.31748   0.14845   0.01305   0.02729   0.16491   0.11430   0.18448   0.28075   0.12052   0.04888   0.05419   0.12154   0.11747   0.22017   0.04646   0.06441   0.15123   0.07572   0.22528   0.05453   0.22211   0.08771   0.01327   0.01890   0.03139   0.01453   0.05629   0.03782   0.29694   0.21752   3.13072   0.30677  
 62  0.0000  35216.194001  x:  0.20390   0.31380   0.17614   0.31748   0.14845   0.01305   0.02729   0.16491   0.11430   0.18448   0.28075   0.12052   0.04888   0.05419   0.12154   0.11747   0.22017   0.04646   0.06441   0.15123   0.07572   0.22528   0.05453   0.22211   0.08771   0.01327   0.01890   0.03139   0.01453   0.05629   0.03782   0.29694   0.21752   3.13072   0.30677  