

TREE # 1

  0  0.0000   7890.492107  x:  0.02988   0.06252   0.03791   0.02920   0.03288   0.08171   0.05662   0.04303   0.06183   0.10116   0.06996   0.02242   0.08975   0.05188   0.07212   0.09274   0.03923   0.04433   0.01805   0.01149   0.05024   0.02165   0.01010   0.09282   0.05855   0.03000   0.06300   0.08271   0.03914   0.01698   0.08948   0.03329   0.04455   0.04395   0.02365   0.09969   0.04264   0.07330   0.07446   0.05793   0.03365   0.06651   0.07617   0.01718   0.10109   0.10406   0.07832   0.07499   0.02615   0.01297   0.09216   0.03872   0.07053   0.06305   0.08583   0.01175   0.10705   0.06773   0.09548   0.01796   0.05299   1.16167   1.13785  
  1 99.0000   7470.353460  x:  0.11977   0.06661   0.03234   0.05109   0.09374   0.08118   0.04969   0.03232   0.06603   0.10353   0.07298   0.01377   0.08105   0.04765   0.05986   0.08426   0.03257   0.03185   0.02350   0.03386   0.03876   0.02249   0.01406   0.08085   0.04607   0.01973   0.06295   0.06964   0.03193   0.01287   0.07597   0.01943   0.04004   0.03949   0.02128   0.08817   0.03283   0.05948   0.06093   0.04548   0.02052   0.05261   0.06456   0.00644   0.08834   0.09021   0.06551   0.06185   0.01216   0.00113   0.07827   0.03056   0.05744   0.04961   0.07332   0.00000   0.09349   0.05397   0.08376   0.01191   0.08886   1.16893   1.13297  
  2 4893.1458   7317.213317  x:  0.12331   0.06661   0.02734   0.05415   0.09936   0.08055   0.04464   0.02369   0.06690   0.10395   0.07446   0.00736   0.07384   0.04498   0.04947   0.07714   0.02812   0.02152   0.02464   0.03226   0.02905   0.02255   0.01304   0.07055   0.03545   0.01223   0.06295   0.05829   0.02711   0.01251   0.06415   0.00727   0.03729   0.03630   0.02060   0.07834   0.02541   0.04736   0.04913   0.03496   0.00953   0.04042   0.05480   0.00223   0.07730   0.07805   0.05447   0.05050   0.00000   0.01242   0.06608   0.02490   0.04612   0.03792   0.06292   0.02203   0.08190   0.04191   0.07378   0.01052   0.10137   1.17516   1.12879  
  3 3931.2013   7234.633906  x:  0.12118   0.06639   0.02471   0.05468   0.09954   0.08026   0.04210   0.01917   0.06712   0.10400   0.07523   0.00533   0.06979   0.04379   0.04349   0.07310   0.02615   0.01583   0.02498   0.03050   0.02361   0.02262   0.01278   0.06452   0.02932   0.00895   0.06296   0.05159   0.02496   0.01272   0.05713   0.00000   0.03614   0.03485   0.02051   0.07263   0.02172   0.04013   0.04215   0.02896   0.00370   0.03319   0.04925   0.00664   0.07080   0.07079   0.04802   0.04381   0.00000   0.01063   0.05880   0.02232   0.03948   0.03104   0.05670   0.02194   0.07489   0.03471   0.06799   0.01066   0.10628   1.17883   1.12634  
  4 11354.1677   7137.305141  x:  0.11701   0.06606   0.02155   0.05488   0.09864   0.07999   0.03916   0.01401   0.06725   0.10392   0.07626   0.00581   0.06435   0.04261   0.03530   0.06763   0.02428   0.00885   0.02534   0.02837   0.01664   0.02278   0.01300   0.05612   0.02097   0.00672   0.06301   0.04217   0.02287   0.01303   0.04715   0.00000   0.03511   0.03344   0.02060   0.06475   0.01777   0.02985   0.03231   0.02101   0.00000   0.02279   0.04166   0.00027   0.06169   0.06043   0.03905   0.03446   0.00000   0.00649   0.04842   0.01986   0.03022   0.02140   0.04801   0.01875   0.06489   0.02443   0.05996   0.01110   0.11139   1.18400   1.12290  
  5 24392.4623   7132.764564  x:  0.11678   0.06604   0.02136   0.05489   0.09860   0.07998   0.03898   0.01370   0.06726   0.10392   0.07633   0.00584   0.06402   0.04254   0.03481   0.06730   0.02417   0.00843   0.02537   0.02825   0.01622   0.02279   0.01301   0.05561   0.02047   0.00658   0.06301   0.04160   0.02275   0.01304   0.04655   0.00000   0.03505   0.03336   0.02061   0.06427   0.01753   0.02922   0.03171   0.02053   0.00015   0.02216   0.04120   0.00000   0.06113   0.05980   0.03851   0.03390   0.00000   0.00627   0.04779   0.01971   0.02966   0.02081   0.04748   0.01860   0.06429   0.02380   0.05948   0.01113   0.11171   1.18431   1.12269  
  6 116913.8635   6960.275371  x:  0.11442   0.06591   0.01802   0.05537   0.09864   0.08027   0.03634   0.01043   0.06709   0.10341   0.07832   0.02614   0.05447   0.04273   0.01955   0.05743   0.02519   0.00084   0.02629   0.02955   0.00618   0.02357   0.01705   0.03890   0.00521   0.01623   0.06320   0.02254   0.02351   0.01249   0.02572   0.00000   0.03602   0.03380   0.02147   0.04903   0.01667   0.00756   0.01154   0.00719   0.00060   0.00000   0.02723   0.00036   0.04270   0.03786   0.02095   0.01527   0.00000   0.00535   0.02579   0.02106   0.01128   0.00153   0.03050   0.01967   0.04341   0.00194   0.04388   0.01123   0.11631   1.19494   1.11570  
  7 16060.4667   6947.480583  x:  0.11423   0.06590   0.01775   0.05542   0.09866   0.08029   0.03612   0.01022   0.06708   0.10338   0.07848   0.02728   0.05366   0.04272   0.01822   0.05661   0.02524   0.00243   0.02635   0.02954   0.00555   0.02365   0.01722   0.03747   0.00408   0.01671   0.06321   0.02089   0.02352   0.01248   0.02390   0.00000   0.03605   0.03383   0.02151   0.04772   0.01658   0.00565   0.00983   0.00635   0.00062   0.00000   0.02607   0.00038   0.04111   0.03592   0.01947   0.01372   0.00000   0.00528   0.02385   0.02111   0.00975   0.00059   0.02906   0.01971   0.04157   0.00000   0.04253   0.01126   0.11675   1.19587   1.11508  
  8 18578.0147   6916.796595  x:  0.11378   0.06589   0.01711   0.05555   0.09871   0.08038   0.03560   0.01001   0.06704   0.10330   0.07890   0.03027   0.05137   0.04278   0.01442   0.05429   0.02545   0.00454   0.02646   0.02949   0.00437   0.02391   0.01755   0.03332   0.00145   0.01802   0.06325   0.01611   0.02363   0.01245   0.01857   0.00000   0.03619   0.03405   0.02158   0.04398   0.01657   0.00000   0.00494   0.00474   0.00068   0.00000   0.02284   0.00044   0.03647   0.03017   0.01532   0.00935   0.00000   0.00524   0.01809   0.02137   0.00550   0.00400   0.02493   0.01977   0.03615   0.00000   0.03867   0.01143   0.11781   1.19863   1.11327  
  9 17371.5712   6889.967639  x:  0.11359   0.06593   0.01682   0.05569   0.09881   0.08059   0.03539   0.01130   0.06696   0.10325   0.07931   0.03146   0.04861   0.04302   0.00960   0.05152   0.02578   0.00503   0.02642   0.02890   0.00681   0.02440   0.01692   0.02782   0.00693   0.01847   0.06333   0.00975   0.02384   0.01258   0.01107   0.00000   0.03638   0.03477   0.02141   0.03912   0.01734   0.00000   0.00000   0.00837   0.00068   0.00000   0.01946   0.00047   0.03017   0.02164   0.01069   0.00488   0.00000   0.00569   0.00953   0.02191   0.00161   0.00453   0.01977   0.01952   0.02825   0.00000   0.03355   0.01204   0.11871   1.20262   1.11065  
 10 5979.1149   6880.449325  x:  0.11351   0.06595   0.01670   0.05574   0.09885   0.08066   0.03529   0.01172   0.06693   0.10323   0.07946   0.03196   0.04758   0.04311   0.00781   0.05048   0.02590   0.00523   0.02642   0.02869   0.00760   0.02457   0.01671   0.02577   0.00874   0.01866   0.06335   0.00739   0.02391   0.01263   0.00830   0.00000   0.03644   0.03502   0.02136   0.03731   0.01760   0.00000   0.00002   0.00957   0.00068   0.00000   0.01818   0.00048   0.02784   0.01849   0.00894   0.00320   0.00000   0.00585   0.00638   0.02211   0.00013   0.00475   0.01784   0.01943   0.02534   0.00000   0.03165   0.01225   0.11906   1.20410   1.10968  
 11 37441.4525   6865.755124  x:  0.11335   0.06597   0.01645   0.05584   0.09892   0.08079   0.03510   0.01238   0.06688   0.10320   0.07974   0.03291   0.04574   0.04324   0.00468   0.04864   0.02609   0.00559   0.02642   0.02834   0.00878   0.02486   0.01639   0.02218   0.01140   0.01900   0.06340   0.00327   0.02402   0.01270   0.00345   0.00000   0.03656   0.03545   0.02126   0.03413   0.01800   0.00000   0.00004   0.01135   0.00068   0.00000   0.01591   0.00051   0.02374   0.01298   0.00589   0.00035   0.00000   0.00609   0.00086   0.02242   0.00086   0.00514   0.01446   0.01930   0.02024   0.00000   0.02830   0.01262   0.11972   1.20668   1.10799  
 12 32340.1886   6862.831569  x:  0.11333   0.06597   0.01641   0.05585   0.09893   0.08081   0.03507   0.01247   0.06688   0.10320   0.07978   0.03306   0.04546   0.04327   0.00422   0.04836   0.02612   0.00564   0.02642   0.02829   0.00892   0.02490   0.01635   0.02163   0.01173   0.01905   0.06341   0.00266   0.02403   0.01271   0.00273   0.00000   0.03657   0.03551   0.02125   0.03364   0.01806   0.00000   0.00004   0.01157   0.00068   0.00000   0.01557   0.00051   0.02311   0.01213   0.00545   0.00055   0.00000   0.00612   0.00000   0.02246   0.00093   0.00519   0.01395   0.01928   0.01945   0.00000   0.02779   0.01267   0.11983   1.20708   1.10772  
 13 19396.1751   6844.702312  x:  0.11347   0.06606   0.01667   0.05590   0.09897   0.08118   0.03538   0.01399   0.06673   0.10323   0.08001   0.03298   0.04276   0.04387   0.00600   0.04572   0.02656   0.00567   0.02647   0.02754   0.01002   0.02459   0.01596   0.01570   0.01165   0.01826   0.06370   0.00432   0.02442   0.01281   0.00271   0.00000   0.03722   0.03672   0.02099   0.02847   0.01949   0.00000   0.00004   0.01242   0.00068   0.00000   0.01484   0.00052   0.01618   0.00000   0.00959   0.00063   0.00000   0.00678   0.00000   0.02326   0.00102   0.00520   0.01053   0.01896   0.00898   0.00000   0.02235   0.01309   0.12005   1.21261   1.10409  
 14 1826.4645   6840.060380  x:  0.11385   0.06614   0.01724   0.05576   0.09882   0.08159   0.03611   0.01479   0.06655   0.10328   0.07998   0.03210   0.04157   0.04461   0.00587   0.04452   0.02699   0.00552   0.02660   0.02747   0.01050   0.02420   0.01634   0.01393   0.01100   0.01713   0.06393   0.00289   0.02487   0.01269   0.00651   0.00000   0.03796   0.03771   0.02089   0.02589   0.02071   0.00000   0.00004   0.01265   0.00067   0.00000   0.01707   0.00052   0.01351   0.00000   0.00695   0.00068   0.00000   0.00718   0.00000   0.02383   0.00103   0.00504   0.01322   0.01880   0.00134   0.00000   0.02016   0.01281   0.11917   1.21810   1.10045  
 15 960.7570   6835.338181  x:  0.11496   0.06637   0.01866   0.05535   0.09839   0.08284   0.03815   0.01668   0.06602   0.10344   0.07983   0.02972   0.03808   0.04681   0.00553   0.04096   0.02819   0.00509   0.02703   0.02734   0.01157   0.02311   0.01740   0.00956   0.00893   0.01398   0.06467   0.00264   0.02611   0.01252   0.00853   0.00000   0.04028   0.04064   0.02069   0.01863   0.02392   0.00000   0.00004   0.01299   0.00064   0.00000   0.02195   0.00049   0.00714   0.00000   0.00347   0.00069   0.00000   0.00810   0.00000   0.02534   0.00099   0.00456   0.01865   0.01832   0.00571   0.00000   0.01441   0.01234   0.11644   1.23610   1.08843  
 16 598.7992   6830.947635  x:  0.11581   0.06650   0.01931   0.05501   0.09804   0.08392   0.03957   0.01704   0.06559   0.10359   0.07970   0.02818   0.03551   0.04855   0.00296   0.03821   0.02893   0.00481   0.02749   0.02763   0.01161   0.02262   0.01831   0.00978   0.00756   0.01191   0.06526   0.00041   0.02685   0.01245   0.00607   0.00000   0.04217   0.04275   0.02071   0.01464   0.02573   0.00000   0.00004   0.01265   0.00063   0.00000   0.02453   0.00048   0.00903   0.00000   0.00680   0.00058   0.00000   0.00846   0.00000   0.02603   0.00086   0.00425   0.02271   0.01822   0.00576   0.00000   0.01265   0.01217   0.11407   1.25465   1.07592  
 17 1008.0141   6828.282742  x:  0.11637   0.06659   0.01965   0.05477   0.09780   0.08471   0.04051   0.01708   0.06528   0.10370   0.07963   0.02723   0.03361   0.04978   0.00080   0.03617   0.02941   0.00466   0.02784   0.02787   0.01156   0.02238   0.01896   0.01025   0.00690   0.01061   0.06568   0.00182   0.02732   0.01243   0.00347   0.00000   0.04350   0.04420   0.02076   0.01207   0.02686   0.00000   0.00004   0.01241   0.00062   0.00000   0.02603   0.00047   0.01078   0.00000   0.00757   0.00053   0.00000   0.00864   0.00000   0.02641   0.00080   0.00410   0.02553   0.01821   0.00519   0.00000   0.01174   0.01208   0.11242   1.26887   1.06630  
 18 6718.8968   6825.396727  x:  0.11679   0.06666   0.01979   0.05460   0.09762   0.08538   0.04118   0.01689   0.06503   0.10380   0.07961   0.02653   0.03197   0.05078   0.00221   0.03440   0.02973   0.00459   0.02815   0.02808   0.01139   0.02227   0.01942   0.01082   0.00658   0.00964   0.06603   0.00217   0.02763   0.01243   0.00074   0.00000   0.04457   0.04536   0.02082   0.01042   0.02762   0.00000   0.00003   0.01217   0.00061   0.00000   0.02684   0.00046   0.01238   0.00000   0.00733   0.00048   0.00000   0.00871   0.00000   0.02659   0.00075   0.00402   0.02758   0.01824   0.00463   0.00000   0.01135   0.01207   0.11115   1.28200   1.05739  
 19 5308.9300   6801.115871  x:  0.11930   0.06706   0.01731   0.05374   0.09661   0.09173   0.04452   0.01174   0.06294   0.10472   0.08039   0.02571   0.01392   0.05914   0.00622   0.01472   0.03139   0.00544   0.03113   0.02963   0.00906   0.02395   0.02105   0.01437   0.01232   0.00690   0.06918   0.00340   0.02875   0.01332   0.00662   0.00000   0.05370   0.05504   0.02169   0.00454   0.03111   0.00000   0.00005   0.01127   0.00063   0.00000   0.01805   0.00051   0.02741   0.00000   0.00477   0.00075   0.00000   0.00791   0.00000   0.02608   0.00104   0.00504   0.02780   0.01931   0.00628   0.00000   0.01177   0.01472   0.10294   1.42944   0.95675  
 20 3189.7282   6772.973093  x:  0.12217   0.06767   0.01541   0.05298   0.09553   0.10006   0.04888   0.00901   0.06060   0.10602   0.08122   0.02125   0.00649   0.06983   0.00611   0.00530   0.03296   0.00536   0.03456   0.03064   0.00790   0.02404   0.02132   0.01052   0.01336   0.00366   0.07314   0.00357   0.02978   0.01346   0.00613   0.00000   0.06461   0.06730   0.02202   0.02929   0.03627   0.00000   0.00005   0.00961   0.00060   0.00000   0.01250   0.00052   0.03083   0.00000   0.00424   0.00079   0.00000   0.00746   0.00000   0.02551   0.00103   0.00506   0.02912   0.02004   0.00631   0.00000   0.00968   0.01524   0.09369   1.64322   0.80981  
 21 7054.1503   6717.292058  x:  0.12545   0.06855   0.01107   0.05235   0.09433   0.11320   0.05402   0.00387   0.05737   0.10824   0.08292   0.01394   0.01591   0.08602   0.00689   0.02501   0.03396   0.00532   0.03996   0.03157   0.00536   0.02480   0.02071   0.00666   0.01600   0.00377   0.07916   0.00384   0.02986   0.01396   0.00739   0.00000   0.08085   0.08548   0.02225   0.03993   0.04142   0.00000   0.00005   0.00690   0.00055   0.00000   0.00200   0.00054   0.03707   0.00000   0.00231   0.00090   0.00000   0.00590   0.00000   0.02304   0.00106   0.00530   0.02641   0.02152   0.00634   0.00000   0.01008   0.01646   0.08277   2.00642   0.55944  
 22 17522.3276   6694.642816  x:  0.12520   0.06887   0.00714   0.05282   0.09437   0.11975   0.05407   0.00323   0.05654   0.10953   0.08443   0.01271   0.02043   0.09281   0.00689   0.03139   0.03269   0.00580   0.04189   0.03140   0.00364   0.02632   0.01894   0.00727   0.01853   0.00842   0.08176   0.00377   0.02802   0.01431   0.00767   0.00000   0.08755   0.09289   0.02235   0.04466   0.04009   0.00000   0.00005   0.00567   0.00053   0.00000   0.01709   0.00051   0.03951   0.00000   0.00107   0.00096   0.00000   0.00395   0.00000   0.01981   0.00111   0.00589   0.01627   0.02265   0.00649   0.00000   0.01393   0.01730   0.08240   2.22299   0.40963  
 23 23971.8217   6678.908193  x:  0.12058   0.06901   0.00983   0.05418   0.09515   0.12058   0.05038   0.01666   0.05900   0.11026   0.08530   0.01710   0.02395   0.09072   0.00671   0.02812   0.02939   0.00592   0.03908   0.03144   0.00866   0.02700   0.01971   0.01785   0.01596   0.01098   0.08039   0.00391   0.02518   0.01280   0.00741   0.00000   0.08472   0.08941   0.02238   0.04408   0.03219   0.00000   0.00005   0.00932   0.00052   0.00000   0.01475   0.00052   0.03111   0.00000   0.00353   0.00103   0.00000   0.00318   0.00000   0.01771   0.00118   0.00578   0.02343   0.02181   0.00677   0.00000   0.02122   0.01268   0.09253   2.34715   0.32517  
 24 4438.1830   6672.866842  x:  0.11868   0.06945   0.01883   0.05461   0.09674   0.11636   0.04816   0.00651   0.06314   0.11063   0.08386   0.02242   0.02692   0.08320   0.00684   0.02604   0.03051   0.00616   0.03219   0.03074   0.01009   0.02354   0.01817   0.01661   0.01498   0.00961   0.07656   0.00409   0.02829   0.01390   0.00748   0.00000   0.07624   0.08086   0.02164   0.04377   0.03081   0.00000   0.00005   0.01354   0.00052   0.00000   0.01518   0.00053   0.03130   0.00000   0.00437   0.00106   0.00000   0.01219   0.00000   0.02677   0.00122   0.00593   0.02732   0.01560   0.00707   0.00000   0.02234   0.01541   0.09732   2.39406   0.30463  
 25 756.9522   6666.879981  x:  0.11857   0.06967   0.02116   0.05296   0.09824   0.10584   0.04870   0.01632   0.06840   0.11133   0.08029   0.02470   0.02427   0.06749   0.00744   0.02905   0.03446   0.00598   0.02644   0.02878   0.00802   0.02164   0.01729   0.00883   0.01687   0.00660   0.07020   0.00435   0.03325   0.01257   0.00815   0.00000   0.05897   0.06359   0.01984   0.04441   0.03472   0.00000   0.00005   0.00985   0.00053   0.00000   0.01551   0.00049   0.04056   0.00000   0.00312   0.00108   0.00000   0.01285   0.00000   0.03408   0.00121   0.00592   0.02785   0.01479   0.00765   0.00000   0.01829   0.01399   0.09588   2.45231   0.30290  
 26 476.1763   6660.771542  x:  0.11915   0.06986   0.01815   0.05109   0.09812   0.09380   0.05034   0.01114   0.07104   0.11218   0.07755   0.02444   0.02348   0.05186   0.00775   0.02968   0.03719   0.00631   0.03076   0.02888   0.01209   0.02431   0.02040   0.01258   0.01777   0.01319   0.06588   0.00461   0.03518   0.01373   0.00830   0.00000   0.04239   0.04616   0.02039   0.04472   0.04089   0.00000   0.00005   0.00965   0.00053   0.00000   0.01609   0.00045   0.03853   0.00000   0.00457   0.00112   0.00000   0.00769   0.00000   0.03510   0.00126   0.00625   0.03088   0.01794   0.00785   0.00000   0.01126   0.01221   0.09131   2.51853   0.31514  
 27 723.1486   6655.425060  x:  0.11996   0.07071   0.01822   0.05117   0.09715   0.08344   0.05292   0.01051   0.07097   0.11310   0.07625   0.02673   0.02717   0.04356   0.00670   0.02657   0.03801   0.00604   0.03260   0.03146   0.00974   0.02397   0.01815   0.01049   0.01534   0.01162   0.06522   0.00426   0.03480   0.01201   0.00722   0.00000   0.03544   0.03612   0.02143   0.04301   0.04789   0.00000   0.00005   0.01399   0.00054   0.00000   0.01611   0.00040   0.03179   0.00000   0.00536   0.00108   0.00000   0.00419   0.00000   0.03349   0.00118   0.00589   0.03100   0.02045   0.00743   0.00000   0.02589   0.01806   0.08802   2.59330   0.34185  
 28 697.7425   6646.409123  x:  0.11724   0.07228   0.02490   0.05345   0.09694   0.07213   0.05194   0.01422   0.07077   0.11411   0.07575   0.03308   0.02928   0.04303   0.00631   0.02798   0.03425   0.00578   0.02485   0.03173   0.00923   0.02177   0.01523   0.02121   0.01538   0.00798   0.06587   0.00400   0.03090   0.01784   0.00714   0.00000   0.03948   0.03500   0.02037   0.04416   0.05011   0.00000   0.00005   0.01207   0.00055   0.00000   0.01698   0.00027   0.02803   0.00000   0.00438   0.00106   0.00000   0.01516   0.00000   0.03013   0.00113   0.00567   0.02466   0.01236   0.00719   0.00000   0.02776   0.00864   0.09603   2.72064   0.40022  
 29 806.8572   6642.408625  x:  0.11465   0.07255   0.02837   0.05395   0.09838   0.07112   0.04759   0.01709   0.07182   0.11389   0.07612   0.03633   0.02893   0.04517   0.00651   0.03029   0.03084   0.00603   0.02290   0.02960   0.01208   0.02213   0.01903   0.02229   0.01609   0.01011   0.06506   0.00413   0.02878   0.01167   0.00738   0.00000   0.04134   0.03761   0.01983   0.04603   0.04315   0.00000   0.00005   0.01036   0.00057   0.00000   0.01795   0.00022   0.02959   0.00000   0.00431   0.00108   0.00000   0.01848   0.00000   0.02931   0.00114   0.00589   0.02668   0.01004   0.00739   0.00000   0.02356   0.01908   0.10444   2.78265   0.43051  
 30 1045.0503   6639.188124  x:  0.11234   0.07176   0.02975   0.05264   0.09990   0.07746   0.04068   0.01626   0.07325   0.11228   0.07733   0.04211   0.02967   0.04815   0.00697   0.03093   0.02951   0.00673   0.02801   0.02763   0.01144   0.02315   0.01812   0.01361   0.01726   0.01218   0.06337   0.00452   0.02947   0.01078   0.00777   0.00000   0.04068   0.04109   0.02088   0.04672   0.02802   0.00000   0.00005   0.01489   0.00061   0.00000   0.01930   0.00020   0.03338   0.00000   0.00554   0.00116   0.00000   0.01571   0.00000   0.03187   0.00127   0.00652   0.03250   0.01120   0.00784   0.00000   0.02192   0.01428   0.10982   2.82636   0.45312  
 31 531.4780   6638.769340  x:  0.11285   0.07115   0.02908   0.05246   0.09991   0.08053   0.03994   0.01635   0.07338   0.11135   0.07774   0.04331   0.03026   0.04849   0.00696   0.03089   0.03034   0.00679   0.02584   0.02813   0.01243   0.02271   0.01783   0.01360   0.01755   0.01126   0.06321   0.00452   0.03009   0.01407   0.00776   0.00000   0.04009   0.04127   0.02036   0.04681   0.02407   0.00000   0.00005   0.01437   0.00063   0.00000   0.01950   0.00021   0.03296   0.00000   0.00567   0.00117   0.00000   0.01388   0.00000   0.03299   0.00127   0.00659   0.03297   0.01261   0.00781   0.00000   0.02150   0.01551   0.10903   2.83237   0.45628  
 32 166.8531   6638.548567  x:  0.11325   0.07047   0.02851   0.05255   0.09962   0.08327   0.03987   0.01574   0.07347   0.11040   0.07797   0.04402   0.03065   0.04844   0.00694   0.03083   0.03111   0.00683   0.02411   0.02837   0.01297   0.02216   0.01740   0.01467   0.01795   0.01006   0.06321   0.00453   0.03055   0.01204   0.00776   0.00000   0.03976   0.04095   0.02007   0.04675   0.02208   0.00000   0.00005   0.01385   0.00065   0.00000   0.01961   0.00021   0.03218   0.00000   0.00574   0.00117   0.00000   0.01282   0.00000   0.03420   0.00127   0.00665   0.03237   0.01334   0.00775   0.00000   0.02123   0.01490   0.10792   2.83508   0.45766  
 33 110.5845   6638.323817  x:  0.11336   0.06879   0.02860   0.05364   0.09936   0.08837   0.04011   0.01629   0.07418   0.10836   0.07790   0.04391   0.03032   0.04742   0.00681   0.03105   0.03080   0.00680   0.02617   0.02736   0.01263   0.02195   0.01852   0.01592   0.01818   0.00934   0.06301   0.00446   0.03032   0.01233   0.00767   0.00000   0.03982   0.03919   0.02056   0.04674   0.02247   0.00000   0.00005   0.01333   0.00065   0.00000   0.01954   0.00020   0.03136   0.00000   0.00556   0.00116   0.00000   0.01340   0.00000   0.03654   0.00125   0.00664   0.03117   0.01298   0.00765   0.00000   0.02189   0.01512   0.10827   2.83676   0.45804  
 34 34.3516   6637.976417  x:  0.11306   0.06644   0.02758   0.05399   0.09897   0.09311   0.04037   0.01637   0.07494   0.10579   0.07776   0.04250   0.02982   0.04629   0.00668   0.03065   0.02961   0.00669   0.02435   0.02848   0.01248   0.02331   0.01678   0.01519   0.01773   0.01231   0.06284   0.00437   0.02923   0.01231   0.00749   0.00000   0.03987   0.03769   0.01988   0.04640   0.02420   0.00000   0.00005   0.01346   0.00063   0.00000   0.01911   0.00017   0.03131   0.00000   0.00543   0.00114   0.00000   0.01392   0.00000   0.03684   0.00121   0.00651   0.03136   0.01244   0.00760   0.00000   0.02229   0.01488   0.10979   2.83826   0.45754  
 35 39.5630   6636.369445  x:  0.11137   0.06217   0.02287   0.05200   0.09835   0.09452   0.03957   0.01550   0.07622   0.10003   0.07708   0.04639   0.03176   0.04438   0.00639   0.02878   0.02979   0.00704   0.02240   0.03189   0.01116   0.02027   0.02276   0.01377   0.01885   0.01080   0.06228   0.00421   0.02869   0.01239   0.00726   0.00000   0.03561   0.03886   0.02112   0.04552   0.02515   0.00000   0.00005   0.01648   0.00066   0.00000   0.01862   0.00013   0.03074   0.00000   0.00502   0.00114   0.00000   0.01445   0.00000   0.02977   0.00115   0.00685   0.02900   0.01176   0.00729   0.00000   0.02123   0.01393   0.11535   2.84243   0.45216  
 36 33.8778   6632.932534  x:  0.11028   0.06036   0.02044   0.05194   0.09889   0.08940   0.03756   0.01443   0.07779   0.09403   0.07588   0.05736   0.03055   0.04247   0.00522   0.02832   0.03081   0.00735   0.02700   0.02992   0.01239   0.02386   0.01491   0.01553   0.02129   0.00625   0.06125   0.00368   0.02948   0.01230   0.00632   0.00000   0.03241   0.03868   0.01990   0.04392   0.02146   0.00000   0.00004   0.01532   0.00077   0.00000   0.01781   0.00008   0.02681   0.00000   0.00404   0.00109   0.00000   0.01368   0.00000   0.02163   0.00095   0.00723   0.02606   0.01151   0.00658   0.00000   0.01918   0.01599   0.12161   2.85035   0.44091  
 37 139.8968   6629.147386  x:  0.10958   0.06400   0.02173   0.05509   0.09992   0.08041   0.03505   0.01210   0.07798   0.09450   0.07641   0.06152   0.02628   0.04185   0.00375   0.02836   0.02723   0.00823   0.02412   0.02281   0.01053   0.02245   0.01760   0.01449   0.02784   0.00971   0.06124   0.00299   0.02615   0.01279   0.00479   0.00000   0.03582   0.03403   0.02064   0.04203   0.01440   0.00000   0.00003   0.01231   0.00085   0.00000   0.01651   0.00005   0.02047   0.00000   0.00383   0.00104   0.00000   0.00768   0.00000   0.02332   0.00077   0.00829   0.02318   0.01471   0.00562   0.00000   0.02171   0.01399   0.12553   2.86015   0.42975  
 38 196.7714   6626.764002  x:  0.10654   0.06668   0.02228   0.05602   0.10020   0.07893   0.03214   0.01146   0.07792   0.09837   0.07933   0.06501   0.02688   0.04162   0.00320   0.02746   0.02251   0.00886   0.02399   0.02622   0.00917   0.02410   0.01757   0.01490   0.03138   0.00752   0.06125   0.00274   0.02212   0.01292   0.00432   0.00000   0.03623   0.03076   0.02087   0.04126   0.01488   0.00000   0.00002   0.01225   0.00090   0.00000   0.01610   0.00010   0.01860   0.00000   0.00337   0.00103   0.00000   0.00282   0.00000   0.02691   0.00067   0.00896   0.02096   0.01733   0.00521   0.00000   0.01950   0.01393   0.13062   2.86840   0.42492  
 39 179.6226   6624.886342  x:  0.10538   0.07004   0.01844   0.05531   0.10033   0.07999   0.03035   0.01309   0.07678   0.10458   0.08314   0.06211   0.02790   0.04113   0.00254   0.02529   0.02492   0.00887   0.02590   0.02793   0.01019   0.02393   0.01736   0.01524   0.03232   0.01052   0.06139   0.00233   0.02308   0.01254   0.00369   0.00000   0.03303   0.02942   0.02113   0.04007   0.01067   0.00000   0.00001   0.01114   0.00088   0.00000   0.01503   0.00013   0.01664   0.00000   0.00251   0.00099   0.00000   0.00698   0.00000   0.02784   0.00053   0.00901   0.01795   0.01418   0.00476   0.00000   0.02085   0.01400   0.13199   2.87616   0.42211  
 40 173.5466   6624.304651  x:  0.10522   0.07064   0.01784   0.05544   0.10132   0.08216   0.02938   0.01252   0.07700   0.10620   0.08400   0.06199   0.02643   0.04067   0.00228   0.02583   0.02752   0.00892   0.02467   0.02378   0.00950   0.02354   0.01706   0.01600   0.03294   0.01164   0.06046   0.00221   0.02597   0.01270   0.00340   0.00000   0.03116   0.03091   0.02079   0.03994   0.01253   0.00000   0.00001   0.01116   0.00088   0.00000   0.01479   0.00015   0.01541   0.00000   0.00251   0.00098   0.00000   0.00643   0.00000   0.02574   0.00049   0.00911   0.01803   0.01430   0.00467   0.00000   0.02217   0.01380   0.13472   2.87883   0.42180  
 41 117.7229   6624.202579  x:  0.10538   0.06984   0.01873   0.05571   0.10104   0.08238   0.03151   0.01228   0.07726   0.10560   0.08342   0.06214   0.02604   0.03967   0.00227   0.02610   0.02791   0.00897   0.02448   0.02348   0.00925   0.02391   0.01729   0.01571   0.03316   0.01176   0.05994   0.00221   0.02630   0.01270   0.00338   0.00000   0.03190   0.03077   0.02092   0.03997   0.01158   0.00000   0.00001   0.01130   0.00088   0.00000   0.01484   0.00016   0.01529   0.00000   0.00258   0.00099   0.00000   0.00648   0.00000   0.02424   0.00050   0.00916   0.01808   0.01425   0.00465   0.00000   0.02219   0.01377   0.13509   2.87938   0.42190  
 42 37.3805   6624.087480  x:  0.10598   0.06809   0.01935   0.05601   0.10051   0.08149   0.03108   0.01224   0.07778   0.10331   0.08187   0.06163   0.02673   0.03973   0.00227   0.02549   0.02796   0.00892   0.02477   0.02286   0.01083   0.02289   0.01697   0.01526   0.03289   0.01212   0.05936   0.00218   0.02607   0.01268   0.00338   0.00000   0.03240   0.03114   0.02125   0.03980   0.01158   0.00000   0.00001   0.01051   0.00088   0.00000   0.01473   0.00017   0.01570   0.00000   0.00242   0.00099   0.00000   0.00619   0.00000   0.02391   0.00049   0.00910   0.01780   0.01442   0.00464   0.00000   0.02248   0.01354   0.13510   2.87992   0.42208  
 43 19.3380   6623.816963  x:  0.10682   0.06511   0.01875   0.05625   0.09977   0.07909   0.02885   0.01241   0.07854   0.09837   0.07922   0.06058   0.02581   0.04097   0.00223   0.02605   0.02835   0.00894   0.02479   0.02319   0.00916   0.02320   0.01701   0.01577   0.03328   0.01252   0.05905   0.00218   0.02615   0.01268   0.00329   0.00000   0.03256   0.03147   0.02077   0.03984   0.01095   0.00000   0.00001   0.01069   0.00087   0.00000   0.01478   0.00018   0.01470   0.00000   0.00269   0.00100   0.00000   0.00682   0.00000   0.02457   0.00050   0.00915   0.01817   0.01401   0.00460   0.00000   0.02280   0.01379   0.13444   2.88091   0.42238  
 44 42.3261   6622.850508  x:  0.10561   0.06615   0.01965   0.05618   0.10247   0.07640   0.03115   0.01295   0.07910   0.09056   0.07964   0.05669   0.02552   0.04412   0.00230   0.02624   0.02837   0.00827   0.02388   0.02201   0.01023   0.02669   0.01827   0.01657   0.02878   0.01251   0.06184   0.00211   0.02827   0.01272   0.00339   0.00000   0.03010   0.03239   0.02119   0.03990   0.01021   0.00000   0.00001   0.01366   0.00084   0.00000   0.01459   0.00018   0.01550   0.00000   0.00203   0.00101   0.00000   0.00601   0.00000   0.02733   0.00047   0.00835   0.01552   0.01439   0.00452   0.00000   0.02310   0.01342   0.13507   2.88319   0.42275  
 45 28.0220   6617.516183  x:  0.09912   0.07751   0.01879   0.05439   0.11098   0.07402   0.03538   0.01175   0.08034   0.07126   0.08942   0.04722   0.02673   0.04533   0.00240   0.02521   0.02960   0.00757   0.02584   0.02434   0.00967   0.02242   0.01635   0.01522   0.02898   0.01373   0.06832   0.00220   0.03124   0.01270   0.00324   0.00000   0.02869   0.03059   0.02236   0.03920   0.01036   0.00000   0.00002   0.00555   0.00086   0.00000   0.01479   0.00019   0.01363   0.00000   0.00335   0.00122   0.00000   0.00567   0.00000   0.02747   0.00065   0.00780   0.01657   0.01305   0.00443   0.00000   0.02420   0.01302   0.14088   2.89369   0.42347  
 46 84.3959   6606.332606  x:  0.10052   0.09237   0.01630   0.05361   0.11207   0.07462   0.02918   0.01302   0.08285   0.06019   0.09951   0.03016   0.02688   0.03680   0.00305   0.02565   0.03243   0.00434   0.02676   0.02022   0.00813   0.01182   0.01264   0.01691   0.00998   0.01456   0.06814   0.00228   0.02792   0.01259   0.00381   0.00000   0.03696   0.02577   0.01887   0.03884   0.00890   0.00000   0.00003   0.01555   0.00080   0.00000   0.01473   0.00020   0.01580   0.00000   0.00283   0.00159   0.00000   0.00482   0.00000   0.02358   0.00084   0.00413   0.01133   0.01090   0.00411   0.00000   0.01866   0.01509   0.14296   2.91524   0.42429  
 47 240.9419   6597.616843  x:  0.10271   0.09702   0.01586   0.05398   0.10978   0.07575   0.02388   0.01214   0.08478   0.06057   0.10192   0.01985   0.02860   0.03279   0.00327   0.02502   0.03346   0.00248   0.02497   0.01794   0.01042   0.01847   0.01578   0.01476   0.00131   0.01194   0.06527   0.00235   0.02564   0.01253   0.00388   0.00000   0.03800   0.02656   0.01937   0.03812   0.00877   0.00000   0.00004   0.01429   0.00079   0.00000   0.01513   0.00021   0.01537   0.00000   0.00325   0.00183   0.00000   0.00582   0.00000   0.02189   0.00098   0.00215   0.00840   0.00863   0.00385   0.00000   0.01973   0.01394   0.14430   2.92874   0.42464  
 48 624.3711   6595.878920  x:  0.10352   0.09513   0.01643   0.05472   0.10872   0.07590   0.02627   0.01245   0.08497   0.06366   0.10011   0.01737   0.03011   0.03492   0.00332   0.02388   0.03194   0.00217   0.02533   0.01706   0.00831   0.01711   0.01451   0.01557   0.00037   0.01298   0.06538   0.00234   0.02548   0.01257   0.00388   0.00000   0.03462   0.02775   0.01944   0.03788   0.00820   0.00000   0.00004   0.01390   0.00079   0.00000   0.01492   0.00020   0.01499   0.00000   0.00331   0.00188   0.00000   0.00530   0.00000   0.02269   0.00101   0.00183   0.00785   0.00858   0.00378   0.00000   0.01880   0.01431   0.14557   2.93150   0.42470  
 49 264.1460   6595.397911  x:  0.10448   0.09491   0.01739   0.05473   0.10806   0.07610   0.02657   0.01295   0.08467   0.06419   0.09964   0.01635   0.03326   0.03511   0.00340   0.02179   0.03180   0.00210   0.02532   0.01542   0.00605   0.01775   0.01439   0.01597   0.00062   0.01365   0.06654   0.00235   0.02558   0.01255   0.00394   0.00000   0.03382   0.02788   0.01861   0.03765   0.00808   0.00000   0.00005   0.01366   0.00079   0.00000   0.01471   0.00020   0.01510   0.00000   0.00332   0.00190   0.00000   0.00516   0.00000   0.02260   0.00103   0.00179   0.00775   0.00856   0.00377   0.00000   0.01756   0.01458   0.14572   2.93246   0.42472  
 50 253.8602   6595.249530  x:  0.10470   0.09376   0.01834   0.05499   0.10736   0.07639   0.02572   0.01289   0.08290   0.06506   0.09854   0.01629   0.03319   0.03494   0.00343   0.02186   0.03180   0.00210   0.02553   0.01556   0.00641   0.01760   0.01474   0.01558   0.00059   0.01367   0.07064   0.00235   0.02699   0.01251   0.00396   0.00000   0.03376   0.02656   0.01745   0.03766   0.00796   0.00000   0.00005   0.01350   0.00079   0.00000   0.01475   0.00020   0.01536   0.00000   0.00332   0.00191   0.00000   0.00498   0.00000   0.02198   0.00104   0.00179   0.00775   0.00860   0.00378   0.00000   0.01747   0.01445   0.14649   2.93279   0.42471  
 51 50.3504   6595.204377  x:  0.10489   0.09334   0.01816   0.05490   0.10726   0.07637   0.02554   0.01296   0.08187   0.06522   0.09814   0.01639   0.03314   0.03418   0.00344   0.02195   0.03200   0.00210   0.02529   0.01530   0.00635   0.01764   0.01442   0.01556   0.00059   0.01364   0.07220   0.00236   0.02689   0.01253   0.00397   0.00000   0.03378   0.02663   0.01875   0.03770   0.00789   0.00000   0.00005   0.01355   0.00079   0.00000   0.01478   0.00020   0.01544   0.00000   0.00334   0.00191   0.00000   0.00503   0.00000   0.02222   0.00104   0.00179   0.00794   0.00856   0.00379   0.00000   0.01727   0.01456   0.14688   2.93292   0.42470  
 52 36.7453   6595.145077  x:  0.10482   0.09297   0.01778   0.05452   0.10745   0.07621   0.02597   0.01289   0.08025   0.06522   0.09771   0.01647   0.03301   0.03314   0.00344   0.02203   0.03265   0.00209   0.02545   0.01507   0.00649   0.01760   0.01449   0.01552   0.00059   0.01358   0.07267   0.00236   0.02582   0.01253   0.00396   0.00000   0.03366   0.02749   0.01780   0.03772   0.00784   0.00000   0.00005   0.01348   0.00079   0.00000   0.01478   0.00020   0.01546   0.00000   0.00335   0.00191   0.00000   0.00496   0.00000   0.02311   0.00104   0.00179   0.00803   0.00856   0.00379   0.00000   0.01745   0.01448   0.14756   2.93314   0.42470  
 53 14.9540   6594.727395  x:  0.10422   0.09207   0.01911   0.05348   0.10846   0.07646   0.02601   0.01293   0.07212   0.06532   0.09604   0.01531   0.03303   0.03492   0.00347   0.02203   0.03612   0.00202   0.02557   0.01581   0.00628   0.01773   0.01440   0.01559   0.00061   0.01363   0.06936   0.00237   0.02493   0.01251   0.00398   0.00000   0.03393   0.02550   0.01849   0.03771   0.00801   0.00000   0.00005   0.01340   0.00079   0.00000   0.01478   0.00020   0.01547   0.00000   0.00333   0.00192   0.00000   0.00444   0.00000   0.02372   0.00104   0.00175   0.00740   0.00879   0.00376   0.00000   0.01720   0.01453   0.14992   2.93476   0.42466  
 54 18.5228   6592.721617  x:  0.10513   0.09070   0.01382   0.05795   0.10868   0.07680   0.02755   0.01245   0.05943   0.06526   0.09526   0.01561   0.03277   0.03529   0.00346   0.02237   0.02610   0.00211   0.02470   0.01351   0.00774   0.01692   0.01445   0.01417   0.00072   0.01229   0.06486   0.00240   0.02880   0.01254   0.00391   0.00000   0.03198   0.02460   0.01817   0.03737   0.00802   0.00000   0.00005   0.01335   0.00082   0.00000   0.01505   0.00021   0.01513   0.00000   0.00371   0.00196   0.00000   0.00639   0.00000   0.02330   0.00107   0.00177   0.00717   0.00694   0.00368   0.00000   0.01714   0.01439   0.14998   2.94281   0.42503  
 55 34.9725   6589.096487  x:  0.10494   0.08809   0.01680   0.06244   0.10760   0.07690   0.02692   0.01234   0.05884   0.06903   0.09434   0.00964   0.03016   0.03164   0.00324   0.02396   0.02274   0.00191   0.02553   0.01785   0.00760   0.01493   0.01366   0.01444   0.00108   0.01297   0.06524   0.00224   0.03167   0.01254   0.00360   0.00000   0.02896   0.03057   0.01962   0.03697   0.00749   0.00000   0.00005   0.01226   0.00084   0.00000   0.01508   0.00020   0.01322   0.00000   0.00378   0.00200   0.00000   0.00543   0.00000   0.02372   0.00108   0.00162   0.00343   0.00671   0.00326   0.00000   0.01754   0.01424   0.15114   2.95667   0.42561  
 56 110.1544   6584.372714  x:  0.10539   0.08112   0.00968   0.06665   0.10777   0.07622   0.03149   0.01056   0.06853   0.07689   0.09376   0.00766   0.02805   0.03913   0.00311   0.02569   0.02752   0.00185   0.02503   0.01554   0.01051   0.01369   0.01338   0.01170   0.00143   0.01094   0.07216   0.00223   0.02318   0.01265   0.00338   0.00000   0.02764   0.02630   0.02036   0.03651   0.00808   0.00000   0.00005   0.01203   0.00089   0.00000   0.01561   0.00022   0.01220   0.00000   0.00444   0.00210   0.00000   0.00633   0.00000   0.02371   0.00114   0.00162   0.00181   0.00468   0.00297   0.00000   0.01793   0.01372   0.15565   2.97547   0.42670  
 57 258.9974   6584.281529  x:  0.10437   0.07938   0.00951   0.06989   0.10855   0.07566   0.03133   0.01059   0.06828   0.07725   0.09542   0.00751   0.02833   0.03902   0.00314   0.02554   0.02858   0.00184   0.02500   0.01566   0.01044   0.01371   0.01342   0.01147   0.00143   0.01097   0.07219   0.00225   0.02292   0.01264   0.00341   0.00000   0.02761   0.02651   0.02034   0.03650   0.00811   0.00000   0.00005   0.01219   0.00089   0.00000   0.01562   0.00022   0.01243   0.00000   0.00445   0.00210   0.00000   0.00627   0.00000   0.02360   0.00115   0.00162   0.00201   0.00466   0.00299   0.00000   0.01762   0.01372   0.15522   2.97586   0.42671  
 58 29.5229   6584.104689  x:  0.10424   0.07440   0.01076   0.06752   0.11085   0.07479   0.03097   0.01065   0.06801   0.07816   0.09985   0.00731   0.02806   0.03887   0.00309   0.02573   0.02776   0.00183   0.02502   0.01489   0.01042   0.01364   0.01339   0.01164   0.00142   0.01093   0.07215   0.00223   0.02275   0.01265   0.00337   0.00000   0.02781   0.02630   0.02031   0.03648   0.00810   0.00000   0.00005   0.01207   0.00090   0.00000   0.01564   0.00022   0.01219   0.00000   0.00445   0.00210   0.00000   0.00644   0.00000   0.02331   0.00115   0.00161   0.00194   0.00456   0.00296   0.00000   0.01779   0.01374   0.15389   2.97665   0.42669  
 59 15.4212   6583.455854  x:  0.10644   0.07148   0.00878   0.06495   0.10732   0.07272   0.03219   0.01052   0.06893   0.07931   0.10364   0.00575   0.02828   0.03891   0.00309   0.02565   0.02786   0.00179   0.02548   0.01513   0.01072   0.01379   0.01331   0.01195   0.00145   0.01063   0.07118   0.00223   0.02644   0.01267   0.00335   0.00000   0.03029   0.02596   0.02030   0.03651   0.00810   0.00000   0.00005   0.01175   0.00090   0.00000   0.01559   0.00022   0.01194   0.00000   0.00443   0.00212   0.00000   0.00568   0.00000   0.02583   0.00116   0.00158   0.00221   0.00486   0.00291   0.00000   0.01811   0.01371   0.15836   2.97962   0.42672  
 60 14.3628   6581.440590  x:  0.11257   0.07320   0.01205   0.06146   0.09977   0.07380   0.03288   0.00996   0.06862   0.07897   0.10673   0.00443   0.02484   0.04194   0.00294   0.02789   0.02629   0.00175   0.02557   0.01471   0.01139   0.01302   0.01313   0.01130   0.00164   0.01058   0.07200   0.00219   0.02136   0.01271   0.00314   0.00000   0.02454   0.02574   0.02077   0.03641   0.00804   0.00000   0.00005   0.01096   0.00093   0.00000   0.01582   0.00022   0.01105   0.00000   0.00449   0.00218   0.00000   0.00622   0.00000   0.02415   0.00119   0.00156   0.00330   0.00397   0.00270   0.00000   0.01902   0.01334   0.16083   2.98910   0.42697  
 61 60.9405   6578.830614  x:  0.10834   0.07551   0.01040   0.05582   0.11131   0.07751   0.03260   0.00959   0.07220   0.08383   0.09187   0.00222   0.02514   0.04187   0.00280   0.02761   0.02280   0.00169   0.02529   0.01520   0.01167   0.01258   0.01314   0.01162   0.00171   0.01005   0.07277   0.00208   0.02033   0.01279   0.00285   0.00000   0.02591   0.02535   0.02084   0.03578   0.00787   0.00000   0.00006   0.01050   0.00095   0.00000   0.01574   0.00023   0.00901   0.00000   0.00446   0.00225   0.00000   0.00681   0.00000   0.02232   0.00123   0.00150   0.00407   0.00291   0.00231   0.00000   0.01963   0.01320   0.15871   3.00069   0.42754  
 62 104.6777   6567.964103  x:  0.11199   0.06925   0.00762   0.04819   0.12109   0.08141   0.03385   0.00789   0.07528   0.09802   0.08037   0.00883   0.02468   0.04397   0.00201   0.02829   0.01703   0.00175   0.02635   0.01775   0.01181   0.01295   0.01285   0.01087   0.00203   0.00727   0.07338   0.00175   0.01803   0.01301   0.00181   0.00000   0.02803   0.02676   0.02135   0.03392   0.00835   0.00000   0.00007   0.00834   0.00101   0.00000   0.01580   0.00023   0.00279   0.00000   0.00443   0.00261   0.00000   0.00628   0.00000   0.01858   0.00140   0.00147   0.00564   0.00233   0.00078   0.00000   0.01968   0.01254   0.16668   3.07116   0.43115  
 63  0.9816   6545.840593  x:  0.12888   0.06009   0.00938   0.04999   0.13044   0.08477   0.03216   0.00672   0.07510   0.11696   0.07361   0.01153   0.02703   0.04348   0.00247   0.03016   0.01324   0.00254   0.02804   0.02208   0.00863   0.01953   0.01451   0.00516   0.00220   0.00310   0.06767   0.00194   0.01497   0.01334   0.00177   0.00000   0.03268   0.03242   0.02115   0.03163   0.01229   0.00000   0.00009   0.00324   0.00119   0.00000   0.01681   0.00025   0.01230   0.00000   0.00472   0.00351   0.00000   0.00600   0.00000   0.01102   0.00186   0.00205   0.00638   0.00024   0.00197   0.00000   0.01497   0.01084   0.18996   3.24449   0.44120  
 64  0.7956   6541.082809  x:  0.13736   0.05663   0.01047   0.05195   0.13503   0.08658   0.03139   0.00635   0.07444   0.12468   0.07160   0.01207   0.02819   0.04365   0.00260   0.03079   0.01293   0.00295   0.02874   0.02367   0.00762   0.02231   0.01529   0.00322   0.00227   0.00225   0.06526   0.00198   0.01398   0.01346   0.00164   0.00000   0.03407   0.03512   0.02123   0.03053   0.01373   0.00000   0.00010   0.00167   0.00127   0.00000   0.01717   0.00026   0.01504   0.00000   0.00487   0.00391   0.00000   0.00410   0.00000   0.00822   0.00205   0.00238   0.00661   0.00352   0.00228   0.00000   0.01304   0.01030   0.19843   3.32113   0.44611  
 65  3.0923   6522.999218  x:  0.16278   0.05183   0.01694   0.07051   0.13833   0.08654   0.03098   0.00671   0.06627   0.13021   0.08136   0.00929   0.03357   0.04120   0.00290   0.03075   0.01999   0.00505   0.03145   0.02858   0.00258   0.03219   0.01667   0.00769   0.00207   0.00732   0.06284   0.00201   0.01419   0.01337   0.00133   0.00000   0.03786   0.04160   0.02061   0.02742   0.02057   0.00000   0.00013   0.01021   0.00154   0.00000   0.01739   0.00028   0.01302   0.00000   0.00507   0.00455   0.00000   0.00132   0.00000   0.00870   0.00248   0.00404   0.00592   0.00486   0.00187   0.00000   0.00604   0.01027   0.21987   3.57264   0.46605  
 66  1.0782   6511.885004  x:  0.18267   0.05894   0.02009   0.07924   0.15093   0.08671   0.02827   0.00848   0.06988   0.13791   0.08517   0.00930   0.03325   0.04071   0.00393   0.03252   0.02514   0.00577   0.03255   0.03006   0.00713   0.03501   0.01728   0.01028   0.00255   0.00626   0.05649   0.00243   0.02183   0.01335   0.00216   0.00000   0.03724   0.04044   0.02105   0.02328   0.01972   0.00000   0.00015   0.00872   0.00169   0.00000   0.01734   0.00032   0.01129   0.00000   0.00547   0.00483   0.00000   0.00169   0.00000   0.02674   0.00295   0.00440   0.00649   0.00513   0.00302   0.00000   0.01864   0.01057   0.23066   3.79869   0.47974  
 67  0.4578   6501.909470  x:  0.21421   0.06776   0.01330   0.08589   0.16226   0.07851   0.02808   0.01148   0.06187   0.11751   0.10637   0.00637   0.03376   0.03642   0.00454   0.03166   0.02311   0.00563   0.03077   0.03339   0.00456   0.03614   0.01875   0.00879   0.00245   0.00812   0.07072   0.00252   0.01656   0.01275   0.00246   0.00000   0.03588   0.03631   0.01961   0.01500   0.02053   0.00000   0.00016   0.00633   0.00185   0.00000   0.01587   0.00041   0.00583   0.00000   0.00600   0.00489   0.00000   0.00741   0.00000   0.02206   0.00297   0.00372   0.00637   0.00414   0.00211   0.00000   0.01844   0.01481   0.22873   4.00082   0.46746  
 68  0.2396   6495.406689  x:  0.22952   0.07011   0.00556   0.07552   0.18379   0.07866   0.02796   0.01049   0.06848   0.11557   0.10075   0.00931   0.02937   0.04003   0.00540   0.03421   0.01892   0.00526   0.03004   0.03433   0.00603   0.03151   0.01647   0.01041   0.00295   0.00993   0.07193   0.00280   0.01973   0.01238   0.00312   0.00000   0.02880   0.03253   0.01988   0.01094   0.01361   0.00000   0.00017   0.00634   0.00197   0.00000   0.01487   0.00048   0.00978   0.00000   0.00633   0.00497   0.00000   0.00419   0.00000   0.01884   0.00316   0.00290   0.00790   0.00432   0.00252   0.00000   0.01596   0.01547   0.22943   4.15271   0.45943  
 69  0.3197   6491.990517  x:  0.23976   0.07094   0.00999   0.07566   0.18961   0.07945   0.02829   0.00898   0.06937   0.11004   0.09648   0.00874   0.02989   0.04142   0.00556   0.03487   0.02234   0.00499   0.03011   0.03387   0.00713   0.02861   0.01644   0.00887   0.00312   0.00721   0.06983   0.00284   0.02173   0.01216   0.00303   0.00000   0.03095   0.03249   0.02032   0.01083   0.01144   0.00000   0.00017   0.00578   0.00203   0.00000   0.01491   0.00051   0.00824   0.00000   0.00670   0.00492   0.00000   0.00099   0.00000   0.01708   0.00315   0.00241   0.00820   0.00370   0.00171   0.00000   0.01347   0.01451   0.23213   4.25015   0.45942  
 70  0.2100   6490.058909  x:  0.24966   0.06707   0.01406   0.07415   0.19572   0.08052   0.03068   0.00803   0.07107   0.10402   0.08663   0.00887   0.02999   0.04226   0.00549   0.03596   0.02261   0.00473   0.03049   0.03422   0.00662   0.02526   0.01675   0.00870   0.00323   0.00490   0.06883   0.00277   0.02183   0.01201   0.00271   0.00000   0.03435   0.03210   0.02054   0.01267   0.01254   0.00000   0.00018   0.00644   0.00208   0.00000   0.01491   0.00056   0.00823   0.00000   0.00683   0.00497   0.00000   0.00358   0.00000   0.01635   0.00314   0.00196   0.00870   0.00351   0.00159   0.00000   0.01142   0.01337   0.23310   4.33351   0.46005  
 71  0.2396   6488.795334  x:  0.25958   0.06096   0.01358   0.07331   0.19941   0.08349   0.02999   0.00829   0.07024   0.10116   0.08514   0.00873   0.03019   0.04183   0.00488   0.03545   0.02078   0.00461   0.03069   0.03376   0.00512   0.02288   0.01706   0.00869   0.00329   0.00657   0.06612   0.00243   0.01847   0.01248   0.00179   0.00000   0.03545   0.03370   0.02044   0.01442   0.01369   0.00000   0.00019   0.00610   0.00211   0.00000   0.01386   0.00060   0.00770   0.00000   0.00660   0.00513   0.00000   0.00278   0.00000   0.01508   0.00324   0.00172   0.00896   0.00327   0.00266   0.00000   0.01348   0.01176   0.23362   4.41289   0.45907  
 72  0.1174   6488.212894  x:  0.26833   0.06135   0.01219   0.07395   0.20070   0.08346   0.02840   0.00889   0.07011   0.10195   0.09024   0.00789   0.03135   0.04059   0.00471   0.03464   0.01976   0.00475   0.03057   0.03266   0.00586   0.02263   0.01698   0.00796   0.00335   0.00544   0.06346   0.00232   0.01743   0.01276   0.00167   0.00000   0.03504   0.03478   0.02017   0.01537   0.01402   0.00000   0.00019   0.00608   0.00216   0.00000   0.01334   0.00063   0.00772   0.00000   0.00657   0.00514   0.00000   0.00214   0.00000   0.01641   0.00331   0.00190   0.00889   0.00296   0.00181   0.00000   0.01215   0.01187   0.23308   4.48013   0.46090  
 73  0.0764   6487.810709  x:  0.27593   0.06355   0.01199   0.07372   0.20217   0.08114   0.02900   0.00873   0.06994   0.10563   0.09039   0.00747   0.03086   0.04037   0.00484   0.03393   0.02073   0.00483   0.03064   0.03183   0.00586   0.02318   0.01636   0.00902   0.00347   0.00586   0.06591   0.00231   0.01965   0.01279   0.00218   0.00000   0.03445   0.03578   0.02007   0.01586   0.01437   0.00000   0.00020   0.00555   0.00220   0.00000   0.01245   0.00068   0.00784   0.00000   0.00644   0.00507   0.00000   0.00176   0.00000   0.01564   0.00341   0.00209   0.00895   0.00267   0.00190   0.00000   0.01270   0.01265   0.23282   4.53502   0.46117  
 74  0.0487   6487.627097  x:  0.27937   0.06356   0.01200   0.07351   0.20255   0.08140   0.02960   0.00831   0.07010   0.10693   0.08961   0.00739   0.03018   0.04078   0.00471   0.03319   0.02097   0.00487   0.03088   0.03145   0.00578   0.02386   0.01626   0.00765   0.00354   0.00590   0.06732   0.00223   0.01950   0.01261   0.00221   0.00000   0.03422   0.03538   0.02021   0.01555   0.01394   0.00000   0.00021   0.00660   0.00221   0.00000   0.01205   0.00071   0.00820   0.00000   0.00645   0.00499   0.00000   0.00190   0.00000   0.01628   0.00343   0.00219   0.00897   0.00255   0.00207   0.00000   0.01333   0.01249   0.23187   4.55693   0.46266  
 75  0.0273   6487.448049  x:  0.28243   0.06254   0.01226   0.07427   0.20157   0.08245   0.02969   0.00828   0.07048   0.10813   0.08858   0.00733   0.02910   0.04091   0.00453   0.03238   0.02123   0.00468   0.03082   0.03089   0.00563   0.02423   0.01658   0.00880   0.00364   0.00558   0.06655   0.00215   0.01838   0.01239   0.00218   0.00000   0.03401   0.03418   0.02028   0.01535   0.01327   0.00000   0.00022   0.00618   0.00221   0.00000   0.01158   0.00075   0.00846   0.00000   0.00621   0.00489   0.00000   0.00223   0.00000   0.01717   0.00346   0.00212   0.00891   0.00228   0.00223   0.00000   0.01297   0.01247   0.23023   4.57545   0.46481  
 76  0.0211   6487.282380  x:  0.28314   0.06174   0.01266   0.07454   0.19845   0.08301   0.02962   0.00868   0.06993   0.10663   0.08917   0.00709   0.02855   0.04135   0.00438   0.03111   0.02016   0.00445   0.03085   0.03052   0.00598   0.02420   0.01710   0.00852   0.00370   0.00616   0.06587   0.00216   0.01930   0.01252   0.00215   0.00000   0.03443   0.03416   0.02038   0.01556   0.01365   0.00000   0.00023   0.00624   0.00217   0.00000   0.01153   0.00080   0.00856   0.00000   0.00608   0.00464   0.00000   0.00245   0.00000   0.01607   0.00341   0.00200   0.00867   0.00193   0.00196   0.00000   0.01266   0.01226   0.22777   4.58080   0.46848  
 77  0.0061   6487.131677  x:  0.28079   0.06215   0.01232   0.07350   0.19560   0.08238   0.02940   0.00858   0.06947   0.10555   0.08935   0.00731   0.02810   0.04155   0.00437   0.03040   0.02024   0.00424   0.03084   0.03060   0.00552   0.02380   0.01720   0.00862   0.00377   0.00506   0.06597   0.00228   0.01916   0.01274   0.00220   0.00000   0.03480   0.03448   0.02023   0.01599   0.01412   0.00000   0.00023   0.00669   0.00213   0.00000   0.01207   0.00084   0.00855   0.00000   0.00610   0.00436   0.00000   0.00216   0.00000   0.01592   0.00329   0.00197   0.00844   0.00175   0.00229   0.00000   0.01254   0.01227   0.22617   4.57328   0.47051  
 78  0.0073   6486.987504  x:  0.27705   0.06272   0.01236   0.07271   0.19375   0.08148   0.02938   0.00835   0.06998   0.10559   0.08845   0.00776   0.02783   0.04116   0.00440   0.02970   0.02126   0.00417   0.03098   0.03122   0.00551   0.02374   0.01642   0.00841   0.00387   0.00609   0.06591   0.00242   0.01846   0.01277   0.00215   0.00000   0.03469   0.03457   0.02000   0.01597   0.01445   0.00000   0.00024   0.00642   0.00208   0.00000   0.01269   0.00089   0.00885   0.00000   0.00613   0.00410   0.00000   0.00202   0.00000   0.01683   0.00319   0.00206   0.00824   0.00166   0.00219   0.00000   0.01225   0.01249   0.22605   4.56971   0.47115  
 79  0.0055   6486.764523  x:  0.27429   0.06325   0.01232   0.07447   0.19455   0.08200   0.02911   0.00810   0.07039   0.10600   0.09027   0.00811   0.02793   0.04096   0.00442   0.02913   0.02145   0.00437   0.03100   0.03248   0.00571   0.02405   0.01632   0.00899   0.00411   0.00583   0.06591   0.00254   0.01913   0.01247   0.00185   0.00000   0.03392   0.03527   0.02034   0.01481   0.01374   0.00000   0.00026   0.00663   0.00205   0.00000   0.01345   0.00100   0.00842   0.00000   0.00613   0.00385   0.00000   0.00203   0.00000   0.01591   0.00313   0.00239   0.00800   0.00171   0.00200   0.00000   0.01343   0.01240   0.22819   4.60631   0.46807  
 80  0.0177   6486.582233  x:  0.27501   0.06237   0.01258   0.07474   0.19745   0.08271   0.02983   0.00899   0.07121   0.10588   0.08903   0.00837   0.02782   0.04097   0.00469   0.02941   0.01983   0.00439   0.03103   0.03310   0.00553   0.02366   0.01660   0.00899   0.00437   0.00577   0.06683   0.00266   0.01964   0.01246   0.00208   0.00000   0.03381   0.03491   0.02038   0.01491   0.01352   0.00000   0.00028   0.00660   0.00204   0.00000   0.01388   0.00113   0.00824   0.00000   0.00618   0.00358   0.00000   0.00188   0.00000   0.01713   0.00305   0.00239   0.00800   0.00178   0.00212   0.00000   0.01258   0.01257   0.23002   4.66703   0.46631  
 81  0.0471   6486.363881  x:  0.27721   0.06354   0.01214   0.07340   0.20053   0.08307   0.02910   0.00899   0.06971   0.10620   0.08883   0.00826   0.02775   0.04143   0.00475   0.02954   0.02144   0.00428   0.03070   0.03257   0.00610   0.02344   0.01733   0.00876   0.00466   0.00560   0.06605   0.00260   0.01829   0.01263   0.00219   0.00000   0.03506   0.03470   0.02035   0.01568   0.01337   0.00000   0.00031   0.00654   0.00204   0.00000   0.01394   0.00131   0.00811   0.00000   0.00615   0.00328   0.00000   0.00215   0.00000   0.01620   0.00296   0.00219   0.00795   0.00177   0.00208   0.00000   0.01227   0.01234   0.23105   4.73783   0.46383  
 82  0.0465   6486.139285  x:  0.27581   0.06270   0.01241   0.07342   0.20117   0.08208   0.02925   0.00819   0.06917   0.10646   0.08907   0.00785   0.02794   0.04078   0.00437   0.02952   0.02070   0.00421   0.03063   0.03192   0.00514   0.02418   0.01693   0.00861   0.00485   0.00559   0.06568   0.00229   0.01892   0.01269   0.00181   0.00000   0.03511   0.03391   0.01979   0.01619   0.01458   0.00000   0.00034   0.00631   0.00201   0.00000   0.01365   0.00149   0.00839   0.00000   0.00599   0.00318   0.00000   0.00227   0.00000   0.01672   0.00283   0.00200   0.00781   0.00201   0.00184   0.00000   0.01277   0.01225   0.23202   4.76657   0.46180  
 83  0.0195   6485.918962  x:  0.27104   0.06209   0.01256   0.07343   0.19992   0.08219   0.02945   0.00806   0.06936   0.10727   0.09001   0.00742   0.02915   0.04140   0.00430   0.02962   0.01988   0.00440   0.03067   0.03105   0.00626   0.02494   0.01619   0.00859   0.00502   0.00567   0.06617   0.00209   0.01880   0.01264   0.00194   0.00000   0.03468   0.03411   0.01998   0.01639   0.01472   0.00000   0.00038   0.00633   0.00199   0.00000   0.01344   0.00169   0.00809   0.00000   0.00603   0.00314   0.00000   0.00233   0.00000   0.01634   0.00265   0.00206   0.00772   0.00243   0.00252   0.00000   0.01264   0.01256   0.23113   4.75597   0.46561  
 84  0.0084   6485.635759  x:  0.26630   0.06252   0.01197   0.07339   0.19874   0.08305   0.02910   0.00919   0.06997   0.10775   0.08946   0.00708   0.02905   0.04190   0.00449   0.03067   0.02099   0.00459   0.03100   0.03024   0.00532   0.02432   0.01672   0.00811   0.00522   0.00556   0.06641   0.00200   0.01901   0.01253   0.00236   0.00000   0.03389   0.03477   0.02056   0.01576   0.01373   0.00000   0.00042   0.00594   0.00196   0.00000   0.01276   0.00195   0.00855   0.00000   0.00599   0.00321   0.00000   0.00221   0.00000   0.01599   0.00244   0.00207   0.00774   0.00277   0.00217   0.00000   0.01317   0.01243   0.22952   4.72850   0.46987  
 85  0.0187   6485.387336  x:  0.26845   0.06372   0.01230   0.07362   0.19806   0.08179   0.03009   0.00800   0.07095   0.10588   0.08824   0.00699   0.02830   0.04077   0.00447   0.03113   0.02045   0.00471   0.03107   0.03049   0.00595   0.02287   0.01701   0.00837   0.00547   0.00522   0.06668   0.00200   0.01871   0.01246   0.00216   0.00000   0.03457   0.03453   0.02054   0.01456   0.01374   0.00000   0.00048   0.00571   0.00198   0.00000   0.01174   0.00225   0.00864   0.00000   0.00597   0.00342   0.00000   0.00185   0.00000   0.01611   0.00225   0.00206   0.00796   0.00279   0.00198   0.00000   0.01236   0.01233   0.22752   4.72357   0.47022  
 86  0.0038   6485.069973  x:  0.27136   0.06238   0.01301   0.07305   0.19494   0.08267   0.02886   0.00843   0.06928   0.10522   0.09070   0.00736   0.02830   0.04062   0.00459   0.03134   0.02090   0.00483   0.03091   0.03205   0.00551   0.02346   0.01628   0.00837   0.00576   0.00557   0.06479   0.00238   0.01964   0.01288   0.00181   0.00000   0.03494   0.03487   0.01961   0.01461   0.01377   0.00000   0.00057   0.00593   0.00198   0.00000   0.01139   0.00275   0.00807   0.00000   0.00611   0.00372   0.00000   0.00228   0.00000   0.01679   0.00199   0.00220   0.00809   0.00256   0.00227   0.00000   0.01195   0.01277   0.22515   4.71324   0.47231  
 87  0.0045   6484.877220  x:  0.27264   0.06226   0.01284   0.07295   0.19377   0.08254   0.02933   0.00864   0.06923   0.10565   0.08955   0.00780   0.02923   0.04112   0.00485   0.03146   0.02056   0.00485   0.03076   0.03272   0.00564   0.02397   0.01677   0.00885   0.00590   0.00560   0.06648   0.00265   0.01842   0.01278   0.00201   0.00000   0.03481   0.03496   0.01993   0.01554   0.01434   0.00000   0.00064   0.00661   0.00200   0.00000   0.01144   0.00308   0.00854   0.00000   0.00618   0.00400   0.00000   0.00214   0.00000   0.01643   0.00188   0.00219   0.00835   0.00252   0.00194   0.00000   0.01299   0.01249   0.22419   4.69826   0.47131  
 88  0.0111   6484.725708  x:  0.27405   0.06380   0.01216   0.07455   0.19434   0.08206   0.02929   0.00832   0.07056   0.10645   0.08870   0.00792   0.02985   0.04086   0.00488   0.03181   0.02112   0.00466   0.03086   0.03263   0.00545   0.02417   0.01713   0.00839   0.00594   0.00561   0.06590   0.00267   0.01903   0.01236   0.00207   0.00000   0.03376   0.03411   0.02050   0.01587   0.01404   0.00000   0.00070   0.00640   0.00204   0.00000   0.01165   0.00341   0.00792   0.00000   0.00630   0.00438   0.00000   0.00204   0.00000   0.01633   0.00185   0.00195   0.00859   0.00222   0.00216   0.00000   0.01259   0.01211   0.22554   4.67707   0.46776  
 89  0.0135   6484.570194  x:  0.27372   0.06271   0.01199   0.07453   0.19496   0.08268   0.02945   0.00859   0.06988   0.10693   0.08914   0.00807   0.02904   0.04204   0.00448   0.03232   0.02091   0.00448   0.03103   0.03203   0.00575   0.02410   0.01634   0.00855   0.00590   0.00549   0.06702   0.00239   0.01914   0.01259   0.00191   0.00000   0.03477   0.03448   0.02047   0.01560   0.01375   0.00000   0.00078   0.00616   0.00207   0.00000   0.01220   0.00380   0.00840   0.00000   0.00619   0.00481   0.00000   0.00204   0.00000   0.01651   0.00185   0.00188   0.00882   0.00194   0.00203   0.00000   0.01240   0.01285   0.22826   4.61645   0.46480  
 90  0.0280   6484.474087  x:  0.27253   0.06255   0.01235   0.07334   0.19572   0.08217   0.02916   0.00844   0.06980   0.10684   0.08968   0.00782   0.02945   0.04090   0.00443   0.03147   0.02029   0.00449   0.03092   0.03135   0.00565   0.02404   0.01677   0.00861   0.00573   0.00563   0.06545   0.00225   0.01892   0.01266   0.00224   0.00000   0.03458   0.03445   0.02019   0.01503   0.01405   0.00000   0.00084   0.00626   0.00209   0.00000   0.01266   0.00404   0.00854   0.00000   0.00613   0.00493   0.00000   0.00215   0.00000   0.01642   0.00190   0.00210   0.00878   0.00185   0.00208   0.00000   0.01267   0.01249   0.22956   4.57612   0.46446  
 91  0.0256   6484.414766  x:  0.27309   0.06285   0.01236   0.07347   0.19840   0.08255   0.02952   0.00871   0.06968   0.10528   0.08893   0.00737   0.02923   0.04072   0.00436   0.03111   0.02102   0.00448   0.03067   0.03126   0.00571   0.02385   0.01677   0.00848   0.00559   0.00550   0.06678   0.00217   0.01880   0.01254   0.00214   0.00000   0.03429   0.03475   0.02003   0.01542   0.01421   0.00000   0.00088   0.00638   0.00210   0.00000   0.01293   0.00423   0.00827   0.00000   0.00616   0.00482   0.00000   0.00203   0.00000   0.01642   0.00196   0.00219   0.00864   0.00190   0.00216   0.00000   0.01278   0.01227   0.22990   4.57768   0.46580  
 92  0.0017   6484.350582  x:  0.27310   0.06405   0.01255   0.07382   0.20028   0.08229   0.02927   0.00841   0.07026   0.10534   0.08976   0.00726   0.02836   0.04128   0.00458   0.03088   0.02062   0.00437   0.03061   0.03160   0.00551   0.02360   0.01666   0.00868   0.00536   0.00575   0.06611   0.00233   0.01887   0.01254   0.00217   0.00000   0.03445   0.03483   0.02015   0.01585   0.01369   0.00000   0.00094   0.00650   0.00211   0.00000   0.01303   0.00451   0.00838   0.00000   0.00622   0.00463   0.00000   0.00210   0.00000   0.01652   0.00203   0.00213   0.00846   0.00208   0.00209   0.00000   0.01261   0.01247   0.22891   4.56467   0.46674  
 93  0.0055   6484.298937  x:  0.27391   0.06191   0.01239   0.07415   0.19995   0.08201   0.02946   0.00854   0.06989   0.10587   0.08964   0.00725   0.02871   0.04100   0.00468   0.03004   0.02093   0.00431   0.03090   0.03213   0.00568   0.02370   0.01677   0.00873   0.00506   0.00569   0.06578   0.00241   0.01902   0.01265   0.00208   0.00000   0.03432   0.03426   0.02038   0.01556   0.01393   0.00000   0.00100   0.00639   0.00212   0.00000   0.01276   0.00477   0.00833   0.00000   0.00620   0.00453   0.00000   0.00210   0.00000   0.01663   0.00213   0.00207   0.00831   0.00216   0.00202   0.00000   0.01249   0.01267   0.22825   4.54275   0.46624  
 94  0.0120   6484.255388  x:  0.27442   0.06348   0.01221   0.07393   0.19887   0.08245   0.02913   0.00870   0.06991   0.10690   0.08925   0.00749   0.02878   0.04117   0.00466   0.03019   0.02057   0.00438   0.03112   0.03208   0.00566   0.02402   0.01661   0.00858   0.00470   0.00561   0.06620   0.00237   0.01888   0.01259   0.00199   0.00000   0.03499   0.03437   0.02020   0.01540   0.01415   0.00000   0.00104   0.00625   0.00213   0.00000   0.01249   0.00495   0.00828   0.00000   0.00619   0.00443   0.00000   0.00204   0.00000   0.01639   0.00224   0.00207   0.00825   0.00226   0.00213   0.00000   0.01266   0.01233   0.22846   4.52960   0.46540  
 95  0.0062   6484.223587  x:  0.27512   0.06254   0.01219   0.07339   0.19803   0.08265   0.02938   0.00835   0.06981   0.10652   0.08931   0.00768   0.02866   0.04131   0.00471   0.03087   0.02063   0.00446   0.03095   0.03203   0.00566   0.02398   0.01671   0.00835   0.00441   0.00553   0.06638   0.00235   0.01891   0.01256   0.00212   0.00000   0.03450   0.03468   0.02012   0.01557   0.01395   0.00000   0.00106   0.00608   0.00212   0.00000   0.01258   0.00504   0.00825   0.00000   0.00629   0.00423   0.00000   0.00207   0.00000   0.01629   0.00232   0.00211   0.00820   0.00225   0.00207   0.00000   0.01265   0.01232   0.22924   4.54380   0.46556  
 96  0.0073   6484.210558  x:  0.27523   0.06295   0.01243   0.07343   0.19743   0.08214   0.02948   0.00859   0.07023   0.10630   0.08898   0.00777   0.02875   0.04100   0.00458   0.03104   0.02061   0.00449   0.03078   0.03192   0.00570   0.02390   0.01675   0.00842   0.00430   0.00558   0.06595   0.00229   0.01886   0.01264   0.00207   0.00000   0.03428   0.03454   0.02021   0.01558   0.01395   0.00000   0.00107   0.00614   0.00212   0.00000   0.01264   0.00507   0.00834   0.00000   0.00628   0.00413   0.00000   0.00211   0.00000   0.01629   0.00234   0.00213   0.00819   0.00218   0.00208   0.00000   0.01268   0.01258   0.22919   4.55837   0.46611  
 97  0.0099   6484.201478  x:  0.27507   0.06278   0.01242   0.07386   0.19694   0.08234   0.02927   0.00852   0.06995   0.10596   0.08944   0.00771   0.02902   0.04111   0.00450   0.03113   0.02066   0.00448   0.03080   0.03178   0.00566   0.02386   0.01668   0.00858   0.00422   0.00568   0.06616   0.00226   0.01887   0.01257   0.00208   0.00000   0.03445   0.03467   0.02028   0.01544   0.01397   0.00000   0.00108   0.00620   0.00211   0.00000   0.01264   0.00512   0.00836   0.00000   0.00628   0.00409   0.00000   0.00210   0.00000   0.01655   0.00232   0.00209   0.00821   0.00210   0.00209   0.00000   0.01267   0.01241   0.22900   4.56815   0.46635  
 98  0.0053   6484.197108  x:  0.27432   0.06281   0.01232   0.07385   0.19736   0.08233   0.02938   0.00852   0.06992   0.10621   0.08942   0.00765   0.02904   0.04107   0.00452   0.03141   0.02076   0.00448   0.03089   0.03177   0.00567   0.02383   0.01664   0.00858   0.00416   0.00568   0.06606   0.00228   0.01893   0.01260   0.00210   0.00000   0.03450   0.03454   0.02023   0.01542   0.01396   0.00000   0.00109   0.00634   0.00210   0.00000   0.01256   0.00517   0.00837   0.00000   0.00628   0.00410   0.00000   0.00206   0.00000   0.01641   0.00230   0.00207   0.00827   0.00212   0.00210   0.00000   0.01265   0.01244   0.22880   4.56999   0.46572  
 99  0.0011   6484.194416  x:  0.27379   0.06292   0.01237   0.07370   0.19762   0.08230   0.02939   0.00851   0.06995   0.10640   0.08927   0.00756   0.02908   0.04115   0.00453   0.03137   0.02069   0.00449   0.03088   0.03181   0.00565   0.02389   0.01678   0.00857   0.00410   0.00570   0.06622   0.00232   0.01891   0.01261   0.00208   0.00000   0.03444   0.03462   0.02020   0.01543   0.01396   0.00000   0.00109   0.00631   0.00210   0.00000   0.01251   0.00518   0.00832   0.00000   0.00627   0.00411   0.00000   0.00210   0.00000   0.01647   0.00228   0.00210   0.00833   0.00207   0.00208   0.00000   0.01259   0.01247   0.22861   4.57427   0.46580  
100  0.0016   6484.192927  x:  0.27347   0.06277   0.01237   0.07362   0.19766   0.08239   0.02937   0.00852   0.07000   0.10641   0.08937   0.00756   0.02897   0.04108   0.00453   0.03131   0.02066   0.00447   0.03086   0.03186   0.00567   0.02390   0.01664   0.00856   0.00407   0.00567   0.06608   0.00233   0.01885   0.01258   0.00208   0.00000   0.03446   0.03460   0.02022   0.01544   0.01398   0.00000   0.00109   0.00627   0.00209   0.00000   0.01250   0.00516   0.00834   0.00000   0.00625   0.00412   0.00000   0.00208   0.00000   0.01643   0.00227   0.00210   0.00837   0.00204   0.00209   0.00000   0.01265   0.01244   0.22864   4.57763   0.46610  
101  0.0016   6484.191617  x:  0.27333   0.06290   0.01233   0.07367   0.19771   0.08231   0.02934   0.00850   0.06993   0.10628   0.08931   0.00760   0.02897   0.04113   0.00455   0.03122   0.02069   0.00445   0.03085   0.03193   0.00570   0.02386   0.01672   0.00854   0.00403   0.00565   0.06613   0.00233   0.01895   0.01261   0.00208   0.00000   0.03451   0.03463   0.02029   0.01544   0.01398   0.00000   0.00109   0.00625   0.00209   0.00000   0.01250   0.00513   0.00840   0.00000   0.00624   0.00415   0.00000   0.00208   0.00000   0.01645   0.00226   0.00209   0.00842   0.00207   0.00210   0.00000   0.01268   0.01245   0.22883   4.58117   0.46635  
102  0.0011   6484.190295  x:  0.27367   0.06292   0.01234   0.07391   0.19756   0.08229   0.02940   0.00852   0.06995   0.10610   0.08937   0.00758   0.02892   0.04113   0.00456   0.03114   0.02069   0.00445   0.03087   0.03194   0.00567   0.02392   0.01668   0.00853   0.00399   0.00567   0.06611   0.00231   0.01889   0.01260   0.00210   0.00000   0.03445   0.03459   0.02020   0.01546   0.01397   0.00000   0.00109   0.00627   0.00209   0.00000   0.01252   0.00512   0.00837   0.00000   0.00624   0.00420   0.00000   0.00209   0.00000   0.01645   0.00224   0.00210   0.00846   0.00209   0.00209   0.00000   0.01264   0.01246   0.22880   4.58607   0.46635  
103  0.0017   6484.189274  x:  0.27364   0.06278   0.01238   0.07369   0.19730   0.08236   0.02936   0.00851   0.06995   0.10630   0.08938   0.00761   0.02887   0.04111   0.00454   0.03109   0.02070   0.00447   0.03089   0.03188   0.00566   0.02389   0.01672   0.00857   0.00398   0.00569   0.06611   0.00229   0.01890   0.01259   0.00208   0.00000   0.03444   0.03464   0.02021   0.01548   0.01396   0.00000   0.00109   0.00628   0.00208   0.00000   0.01257   0.00513   0.00836   0.00000   0.00624   0.00423   0.00000   0.00208   0.00000   0.01644   0.00222   0.00211   0.00847   0.00211   0.00209   0.00000   0.01260   0.01244   0.22868   4.58607   0.46616  
104  0.0002   6484.188057  x:  0.27369   0.06288   0.01239   0.07366   0.19720   0.08234   0.02938   0.00851   0.06996   0.10646   0.08933   0.00759   0.02885   0.04112   0.00456   0.03105   0.02070   0.00446   0.03086   0.03179   0.00567   0.02386   0.01666   0.00854   0.00397   0.00567   0.06617   0.00230   0.01891   0.01261   0.00210   0.00000   0.03451   0.03465   0.02028   0.01541   0.01398   0.00000   0.00110   0.00626   0.00208   0.00000   0.01262   0.00514   0.00828   0.00000   0.00626   0.00422   0.00000   0.00209   0.00000   0.01642   0.00219   0.00208   0.00845   0.00212   0.00207   0.00000   0.01265   0.01247   0.22852   4.58833   0.46603  
105  0.0006   6484.182922  x:  0.27424   0.06282   0.01226   0.07360   0.19757   0.08233   0.02946   0.00852   0.06994   0.10659   0.08924   0.00757   0.02885   0.04112   0.00455   0.03113   0.02063   0.00448   0.03077   0.03163   0.00573   0.02383   0.01672   0.00855   0.00398   0.00569   0.06603   0.00232   0.01893   0.01257   0.00208   0.00000   0.03435   0.03457   0.02023   0.01547   0.01393   0.00000   0.00111   0.00628   0.00209   0.00000   0.01269   0.00512   0.00835   0.00000   0.00629   0.00424   0.00000   0.00209   0.00000   0.01656   0.00214   0.00205   0.00835   0.00210   0.00209   0.00000   0.01273   0.01241   0.22838   4.59739   0.46660  
106  0.0011   6484.170373  x:  0.27445   0.06274   0.01213   0.07370   0.19786   0.08238   0.02943   0.00854   0.07001   0.10638   0.08927   0.00757   0.02889   0.04114   0.00456   0.03130   0.02059   0.00459   0.03086   0.03159   0.00573   0.02386   0.01673   0.00857   0.00387   0.00569   0.06602   0.00241   0.01892   0.01258   0.00205   0.00000   0.03434   0.03456   0.02006   0.01537   0.01400   0.00000   0.00116   0.00621   0.00213   0.00000   0.01274   0.00502   0.00849   0.00000   0.00629   0.00436   0.00000   0.00211   0.00000   0.01653   0.00202   0.00207   0.00798   0.00209   0.00213   0.00000   0.01274   0.01243   0.22846   4.59344   0.46696  
107  0.0010   6484.156615  x:  0.27403   0.06287   0.01251   0.07377   0.19777   0.08231   0.02930   0.00849   0.07010   0.10625   0.08938   0.00761   0.02894   0.04121   0.00452   0.03119   0.02076   0.00459   0.03102   0.03188   0.00562   0.02392   0.01665   0.00853   0.00383   0.00567   0.06623   0.00238   0.01888   0.01263   0.00210   0.00000   0.03458   0.03469   0.02037   0.01541   0.01400   0.00000   0.00116   0.00624   0.00214   0.00000   0.01250   0.00484   0.00844   0.00000   0.00616   0.00440   0.00000   0.00209   0.00000   0.01624   0.00203   0.00209   0.00786   0.00206   0.00210   0.00000   0.01253   0.01249   0.22901   4.57993   0.46538  
108  0.0043   6484.133083  x:  0.27356   0.06287   0.01258   0.07344   0.19810   0.08254   0.02953   0.00853   0.06986   0.10680   0.08919   0.00769   0.02889   0.04107   0.00442   0.03119   0.02062   0.00448   0.03064   0.03200   0.00576   0.02388   0.01673   0.00858   0.00376   0.00572   0.06620   0.00224   0.01886   0.01254   0.00215   0.00000   0.03429   0.03455   0.02032   0.01562   0.01384   0.00000   0.00123   0.00641   0.00213   0.00000   0.01240   0.00457   0.00819   0.00000   0.00605   0.00429   0.00000   0.00204   0.00000   0.01671   0.00200   0.00203   0.00773   0.00206   0.00206   0.00000   0.01269   0.01242   0.22923   4.58930   0.46576  
109  0.0016   6484.080505  x:  0.27417   0.06303   0.01186   0.07335   0.19854   0.08212   0.02921   0.00846   0.06997   0.10669   0.08912   0.00796   0.02904   0.04137   0.00448   0.03142   0.02068   0.00426   0.03081   0.03237   0.00569   0.02351   0.01666   0.00871   0.00395   0.00578   0.06599   0.00219   0.01905   0.01265   0.00212   0.00000   0.03452   0.03459   0.01972   0.01543   0.01397   0.00000   0.00142   0.00639   0.00212   0.00000   0.01226   0.00436   0.00803   0.00000   0.00612   0.00431   0.00000   0.00216   0.00000   0.01647   0.00201   0.00209   0.00808   0.00202   0.00202   0.00000   0.01273   0.01251   0.22904   4.55722   0.46817  
110  0.0052   6484.017868  x:  0.27449   0.06267   0.01221   0.07386   0.19806   0.08245   0.02948   0.00849   0.07047   0.10647   0.08952   0.00780   0.02896   0.04098   0.00459   0.03150   0.02077   0.00421   0.03106   0.03185   0.00564   0.02392   0.01667   0.00855   0.00377   0.00565   0.06630   0.00219   0.01876   0.01258   0.00207   0.00000   0.03458   0.03465   0.02066   0.01540   0.01417   0.00000   0.00173   0.00627   0.00208   0.00000   0.01253   0.00428   0.00823   0.00000   0.00629   0.00401   0.00000   0.00211   0.00000   0.01639   0.00196   0.00226   0.00831   0.00213   0.00207   0.00000   0.01257   0.01242   0.22836   4.57033   0.46771  
111  0.0037   6483.996413  x:  0.27499   0.06275   0.01237   0.07387   0.19842   0.08222   0.02929   0.00851   0.06973   0.10648   0.08915   0.00764   0.02915   0.04112   0.00462   0.03145   0.02068   0.00418   0.03084   0.03169   0.00567   0.02403   0.01670   0.00855   0.00406   0.00571   0.06598   0.00226   0.01892   0.01260   0.00207   0.00000   0.03438   0.03466   0.02028   0.01544   0.01393   0.00000   0.00186   0.00628   0.00208   0.00000   0.01252   0.00410   0.00840   0.00000   0.00628   0.00403   0.00000   0.00207   0.00000   0.01643   0.00195   0.00220   0.00842   0.00207   0.00209   0.00000   0.01264   0.01246   0.22862   4.56771   0.46565  
112  0.0019   6483.985721  x:  0.27463   0.06289   0.01244   0.07376   0.19744   0.08235   0.02943   0.00854   0.06986   0.10635   0.08956   0.00756   0.02904   0.04108   0.00462   0.03133   0.02074   0.00427   0.03075   0.03176   0.00570   0.02394   0.01676   0.00855   0.00393   0.00569   0.06610   0.00232   0.01896   0.01259   0.00206   0.00000   0.03445   0.03458   0.02003   0.01541   0.01391   0.00000   0.00196   0.00623   0.00207   0.00000   0.01254   0.00423   0.00843   0.00000   0.00626   0.00399   0.00000   0.00208   0.00000   0.01644   0.00205   0.00212   0.00851   0.00210   0.00211   0.00000   0.01268   0.01244   0.22906   4.56068   0.46481  
113  0.0029   6483.977565  x:  0.27419   0.06282   0.01241   0.07380   0.19704   0.08241   0.02936   0.00853   0.07013   0.10627   0.08938   0.00751   0.02894   0.04108   0.00457   0.03119   0.02073   0.00446   0.03081   0.03188   0.00569   0.02378   0.01667   0.00855   0.00399   0.00566   0.06620   0.00235   0.01887   0.01260   0.00207   0.00000   0.03443   0.03465   0.02024   0.01545   0.01397   0.00000   0.00203   0.00627   0.00208   0.00000   0.01256   0.00409   0.00836   0.00000   0.00620   0.00411   0.00000   0.00209   0.00000   0.01646   0.00205   0.00208   0.00849   0.00211   0.00209   0.00000   0.01266   0.01246   0.22950   4.57020   0.46572  
114  0.0040   6483.974553  x:  0.27432   0.06280   0.01229   0.07372   0.19750   0.08229   0.02934   0.00851   0.06993   0.10635   0.08925   0.00751   0.02895   0.04112   0.00452   0.03120   0.02065   0.00454   0.03089   0.03185   0.00566   0.02383   0.01667   0.00857   0.00404   0.00569   0.06608   0.00233   0.01889   0.01259   0.00208   0.00000   0.03442   0.03460   0.02027   0.01547   0.01396   0.00000   0.00205   0.00631   0.00208   0.00000   0.01257   0.00418   0.00834   0.00000   0.00622   0.00409   0.00000   0.00209   0.00000   0.01644   0.00213   0.00208   0.00847   0.00209   0.00209   0.00000   0.01263   0.01245   0.22923   4.57444   0.46626  
115  0.0023   6483.973067  x:  0.27386   0.06288   0.01233   0.07371   0.19764   0.08232   0.02941   0.00851   0.06993   0.10625   0.08942   0.00761   0.02890   0.04110   0.00451   0.03115   0.02068   0.00454   0.03090   0.03191   0.00567   0.02393   0.01672   0.00856   0.00405   0.00568   0.06613   0.00231   0.01891   0.01260   0.00209   0.00000   0.03449   0.03457   0.02022   0.01545   0.01397   0.00000   0.00207   0.00626   0.00208   0.00000   0.01258   0.00415   0.00835   0.00000   0.00622   0.00413   0.00000   0.00209   0.00000   0.01643   0.00214   0.00208   0.00845   0.00208   0.00209   0.00000   0.01263   0.01245   0.22878   4.57748   0.46621  
116  0.0013   6483.972490  x:  0.27383   0.06281   0.01238   0.07377   0.19766   0.08233   0.02933   0.00851   0.06997   0.10627   0.08928   0.00762   0.02893   0.04112   0.00452   0.03115   0.02069   0.00452   0.03087   0.03185   0.00567   0.02390   0.01669   0.00854   0.00404   0.00566   0.06611   0.00231   0.01890   0.01260   0.00209   0.00000   0.03446   0.03466   0.02022   0.01545   0.01397   0.00000   0.00208   0.00626   0.00208   0.00000   0.01257   0.00418   0.00835   0.00000   0.00625   0.00415   0.00000   0.00208   0.00000   0.01644   0.00215   0.00208   0.00842   0.00209   0.00209   0.00000   0.01264   0.01246   0.22849   4.57896   0.46611  
117  0.0007   6483.972039  x:  0.27381   0.06283   0.01236   0.07373   0.19760   0.08232   0.02940   0.00852   0.06999   0.10627   0.08938   0.00760   0.02893   0.04111   0.00454   0.03120   0.02069   0.00448   0.03085   0.03184   0.00567   0.02386   0.01670   0.00855   0.00405   0.00568   0.06612   0.00231   0.01890   0.01259   0.00209   0.00000   0.03446   0.03464   0.02024   0.01546   0.01398   0.00000   0.00209   0.00627   0.00208   0.00000   0.01254   0.00417   0.00835   0.00000   0.00626   0.00417   0.00000   0.00209   0.00000   0.01645   0.00217   0.00209   0.00839   0.00208   0.00209   0.00000   0.01264   0.01245   0.22859   4.58000   0.46609  
118  0.0004   6483.971953  x:  0.27374   0.06285   0.01235   0.07372   0.19751   0.08234   0.02937   0.00851   0.06996   0.10626   0.08934   0.00760   0.02893   0.04111   0.00455   0.03118   0.02069   0.00447   0.03086   0.03185   0.00567   0.02388   0.01669   0.00855   0.00405   0.00567   0.06612   0.00231   0.01890   0.01260   0.00209   0.00000   0.03447   0.03462   0.02023   0.01545   0.01397   0.00000   0.00209   0.00627   0.00208   0.00000   0.01254   0.00417   0.00835   0.00000   0.00627   0.00417   0.00000   0.00209   0.00000   0.01644   0.00217   0.00209   0.00839   0.00209   0.00209   0.00000   0.01263   0.01246   0.22870   4.58156   0.46613  
119  0.0011   6483.971949  x:  0.27375   0.06284   0.01236   0.07372   0.19751   0.08233   0.02938   0.00851   0.06996   0.10626   0.08934   0.00759   0.02893   0.04111   0.00455   0.03118   0.02069   0.00447   0.03087   0.03185   0.00567   0.02388   0.01669   0.00855   0.00405   0.00567   0.06613   0.00231   0.01890   0.01260   0.00209   0.00000   0.03447   0.03462   0.02023   0.01545   0.01397   0.00000   0.00209   0.00627   0.00208   0.00000   0.01255   0.00417   0.00835   0.00000   0.00627   0.00417   0.00000   0.00209   0.00000   0.01644   0.00217   0.00209   0.00838   0.00209   0.00209   0.00000   0.01264   0.01246   0.22870   4.58184   0.46616  
120  0.0002   6483.971948  x:  0.27375   0.06284   0.01236   0.07372   0.19751   0.08233   0.02937   0.00851   0.06997   0.10626   0.08934   0.00759   0.02893   0.04111   0.00455   0.03119   0.02069   0.00447   0.03087   0.03185   0.00567   0.02388   0.01669   0.00855   0.00405   0.00567   0.06612   0.00231   0.01890   0.01260   0.00209   0.00000   0.03447   0.03462   0.02023   0.01545   0.01397   0.00000   0.00209   0.00627   0.00208   0.00000   0.01255   0.00417   0.00835   0.00000   0.00626   0.00417   0.00000   0.00209   0.00000   0.01644   0.00217   0.00209   0.00838   0.00209   0.00209   0.00000   0.01264   0.01246   0.22870   4.58182   0.46616  
121  0.0000   6483.971948  x:  0.27375   0.06284   0.01236   0.07372   0.19751   0.08233   0.02937   0.00851   0.06996   0.10626   0.08934   0.00759   0.02893   0.04111   0.00455   0.03119   0.02069   0.00447   0.03087   0.03186   0.00567   0.02388   0.01669   0.00855   0.00405   0.00567   0.06612   0.00231   0.01890   0.01260   0.00209   0.00000   0.03447   0.03462   0.02023   0.01545   0.01397   0.00000   0.00209   0.00627   0.00209   0.00000   0.01255   0.00417   0.00835   0.00000   0.00626   0.00417   0.00000   0.00209   0.00000   0.01644   0.00217   0.00209   0.00838   0.00209   0.00209   0.00000   0.01264   0.01246   0.22870   4.58184   0.46616  
122  0.0000   6483.971948  x:  0.27375   0.06284   0.01236   0.07372   0.19750   0.08233   0.02938   0.00851   0.06996   0.10626   0.08934   0.00759   0.02893   0.04111   0.00454   0.03119   0.02069   0.00447   0.03087   0.03186   0.00567   0.02388   0.01669   0.00855   0.00405   0.00567   0.06612   0.00231   0.01890   0.01260   0.00209   0.00000   0.03447   0.03462   0.02023   0.01545   0.01397   0.00000   0.00209   0.00627   0.00209   0.00000   0.01255   0.00417   0.00835   0.00000   0.00626   0.00417   0.00000   0.00209   0.00000   0.01644   0.00217   0.00209   0.00838   0.00209   0.00209   0.00000   0.01264   0.01246   0.22870   4.58185   0.46616  
123  0.0000   6483.971948  x:  0.27375   0.06284   0.01236   0.07372   0.19750   0.08233   0.02938   0.00851   0.06996   0.10626   0.08934   0.00759   0.02893   0.04111   0.00454   0.03119   0.02069   0.00447   0.03087   0.03186   0.00567   0.02388   0.01669   0.00855   0.00405   0.00567   0.06612   0.00231   0.01890   0.01260   0.00209   0.00000   0.03447   0.03462   0.02023   0.01545   0.01397   0.00000   0.00209   0.00627   0.00209   0.00000   0.01255   0.00417   0.00835   0.00000   0.00626   0.00417   0.00000   0.00209   0.00000   0.01644   0.00217   0.00209   0.00838   0.00209   0.00209   0.00000   0.01264   0.01246   0.22870   4.58186   0.46616  
124  0.0000   6483.971947  x:  0.27375   0.06284   0.01236   0.07372   0.19750   0.08233   0.02938   0.00851   0.06996   0.10626   0.08934   0.00759   0.02893   0.04111   0.00454   0.03119   0.02069   0.00447   0.03087   0.03185   0.00567   0.02388   0.01669   0.00855   0.00405   0.00567   0.06612   0.00231   0.01890   0.01260   0.00209   0.00000   0.03447   0.03462   0.02023   0.01545   0.01397   0.00000   0.00209   0.00627   0.00209   0.00000   0.01255   0.00417   0.00835   0.00000   0.00626   0.00417   0.00000   0.00209   0.00000   0.01644   0.00217   0.00209   0.00838   0.00209   0.00209   0.00000   0.01264   0.01246   0.22870   4.58186   0.46616  
125  0.0000   6483.971947  x:  0.27375   0.06284   0.01236   0.07372   0.19751   0.08233   0.02938   0.00851   0.06996   0.10626   0.08934   0.00759   0.02893   0.04111   0.00454   0.03119   0.02069   0.00447   0.03087   0.03185   0.00567   0.02388   0.01669   0.00855   0.00405   0.00567   0.06612   0.00231   0.01890   0.01260   0.00209   0.00000   0.03447   0.03462   0.02023   0.01545   0.01397   0.00000   0.00209   0.00627   0.00209   0.00000   0.01255   0.00417   0.00835   0.00000   0.00626   0.00417   0.00000   0.00209   0.00000   0.01644   0.00217   0.00209   0.00838   0.00209   0.00209   0.00000   0.01264   0.01246   0.22870   4.58186   0.46616  
126  0.0000   6483.971947  x:  0.27375   0.06284   0.01236   0.07372   0.19751   0.08233   0.02938   0.00851   0.06996   0.10626   0.08934   0.00759   0.02893   0.04111   0.00454   0.03119   0.02069   0.00447   0.03087   0.03185   0.00567   0.02388   0.01669   0.00855   0.00405   0.00567   0.06612   0.00231   0.01890   0.01260   0.00209   0.00000   0.03447   0.03462   0.02023   0.01545   0.01397   0.00000   0.00209   0.00627   0.00209   0.00000   0.01255   0.00417   0.00835   0.00000   0.00626   0.00417   0.00000   0.00209   0.00000   0.01644   0.00217   0.00209   0.00838   0.00209   0.00209   0.00000   0.01264   0.01246   0.22870   4.58186   0.46616  
127  0.0000   6483.971947  x:  0.27375   0.06284   0.01236   0.07372   0.19751   0.08233   0.02938   0.00851   0.06996   0.10626   0.08934   0.00759   0.02893   0.04111   0.00454   0.03119   0.02069   0.00447   0.03087   0.03185   0.00567   0.02388   0.01669   0.00855   0.00405   0.00567   0.06612   0.00231   0.01890   0.01260   0.00209   0.00000   0.03447   0.03462   0.02023   0.01545   0.01397   0.00000   0.00209   0.00627   0.00209   0.00000   0.01255   0.00417   0.00835   0.00000   0.00626   0.00417   0.00000   0.00209   0.00000   0.01644   0.00217   0.00209   0.00838   0.00209   0.00209   0.00000   0.01264   0.01246   0.22870   4.58186   0.46616  
128  0.0000   6483.971947  x:  0.27375   0.06284   0.01236   0.07372   0.19751   0.08233   0.02938   0.00851   0.06996   0.10626   0.08934   0.00759   0.02893   0.04111   0.00455   0.03119   0.02069   0.00447   0.03087   0.03185   0.00567   0.02388   0.01669   0.00855   0.00405   0.00567   0.06612   0.00231   0.01890   0.01260   0.00209   0.00000   0.03447   0.03462   0.02023   0.01545   0.01397   0.00000   0.00209   0.00627   0.00209   0.00000   0.01255   0.00417   0.00835   0.00000   0.00626   0.00417   0.00000   0.00209   0.00000   0.01644   0.00217   0.00209   0.00838   0.00209   0.00209   0.00000   0.01264   0.01246   0.22870   4.58186   0.46616  
129  0.0000   6483.971947  x:  0.27375   0.06284   0.01236   0.07372   0.19751   0.08233   0.02938   0.00851   0.06996   0.10626   0.08934   0.00759   0.02893   0.04111   0.00454   0.03119   0.02069   0.00447   0.03087   0.03185   0.00567   0.02388   0.01669   0.00855   0.00405   0.00567   0.06612   0.00231   0.01890   0.01260   0.00209   0.00000   0.03447   0.03462   0.02023   0.01545   0.01397   0.00000   0.00209   0.00627   0.00209   0.00000   0.01255   0.00417   0.00835   0.00000   0.00626   0.00417   0.00000   0.00209   0.00000   0.01644   0.00217   0.00209   0.00838   0.00209   0.00209   0.00000   0.01264   0.01246   0.22870   4.58185   0.46616  
130  0.0000   6483.971947  x:  0.27375   0.06284   0.01236   0.07372   0.19751   0.08233   0.02938   0.00851   0.06996   0.10626   0.08934   0.00759   0.02893   0.04111   0.00454   0.03119   0.02069   0.00447   0.03087   0.03185   0.00567   0.02388   0.01669   0.00855   0.00405   0.00567   0.06612   0.00231   0.01890   0.01260   0.00209   0.00000   0.03447   0.03462   0.02023   0.01545   0.01397   0.00000   0.00209   0.00627   0.00209   0.00000   0.01255   0.00417   0.00835   0.00000   0.00626   0.00417   0.00000   0.00209   0.00000   0.01644   0.00217   0.00209   0.00838   0.00209   0.00209   0.00000   0.01264   0.01246   0.22870   4.58186   0.46616  