

TREE # 1

  0  0.0000  35374.005201  x:  0.03479   0.01193   0.03053   0.04923   0.06073   0.02991   0.07651   1.09502   0.85763  
  1 99.0000  30051.900158  x:  0.24978   0.69137   0.23556   0.17837   0.13820   0.25172   0.37250   1.10617   0.84694  
  2 55792.6548  29156.807986  x:  0.30215   0.45599   0.07080   0.30070   0.22776   0.28005   0.99016   1.28544   0.64134  
  3 2967.9241  28891.677551  x:  0.29547   0.35245   0.28435   0.24249   0.12883   0.25789   1.17038   1.44228   0.40541  
  4 1962.6069  28827.904503  x:  0.28155   0.36086   0.26699   0.19978   0.13619   0.28874   1.16601   1.50665   0.29332  
  5 1099.1967  28805.889990  x:  0.30652   0.37230   0.23851   0.19527   0.09475   0.29036   1.15061   1.63259   0.30137  
  6 345.2193  28752.559870  x:  0.37469   0.37568   0.22950   0.18827   0.14116   0.29097   1.08199   2.05949   0.35909  
  7 1318.2199  28744.024299  x:  0.30892   0.39890   0.22649   0.20150   0.14479   0.27269   1.08419   2.13242   0.37496  
  8 242.3089  28743.419379  x:  0.30148   0.39664   0.22865   0.21270   0.14264   0.28298   1.08108   2.13831   0.37533  
  9 79.1484  28743.398754  x:  0.30186   0.39685   0.22857   0.21484   0.14275   0.28168   1.08033   2.13845   0.37419  
 10 12.1814  28722.004000  x:  0.30332   0.40134   0.15839   0.20980   0.14191   0.29514   1.08673   2.22525   0.35112  
 11  0.1088  28714.618412  x:  0.30001   0.35449   0.15846   0.22060   0.14779   0.29483   1.15137   2.24929   0.36044  
 12  0.0350  28711.538335  x:  0.27466   0.34675   0.16716   0.21868   0.15287   0.27404   1.14530   2.27603   0.35947  
 13  0.0139  28704.830068  x:  0.29467   0.31834   0.16037   0.20584   0.14894   0.27134   1.06465   2.28733   0.36362  
 14  0.0258  28703.486637  x:  0.28161   0.31837   0.16504   0.21354   0.14581   0.27867   1.03768   2.25048   0.37345  
 15  0.0418  28703.291779  x:  0.27988   0.31693   0.16275   0.21507   0.14724   0.27716   1.04221   2.21509   0.37260  
 16  0.0242  28703.278531  x:  0.28097   0.31747   0.16312   0.21411   0.14773   0.27667   1.03981   2.20967   0.37196  
 17  0.0065  28703.278041  x:  0.28085   0.31739   0.16306   0.21401   0.14794   0.27676   1.03972   2.21033   0.37192  
 18  0.0006  28703.278022  x:  0.28087   0.31741   0.16308   0.21404   0.14797   0.27677   1.03976   2.21036   0.37195  
 19  0.0001  28703.278021  x:  0.28087   0.31741   0.16307   0.21405   0.14797   0.27676   1.03974   2.21037   0.37196  
 20  0.0000  28703.278021  x:  0.28087   0.31741   0.16307   0.21405   0.14797   0.27676   1.03974   2.21037   0.37196  
 21  0.0000  28703.278021  x:  0.28087   0.31741   0.16307   0.21405   0.14797   0.27676   1.03974   2.21037   0.37196  
 22  0.0000  28703.278021  x:  0.28087   0.31741   0.16307   0.21405   0.14797   0.27676   1.03974   2.21037   0.37196  
 23  0.0000  28703.278021  x:  0.28087   0.31741   0.16307   0.21405   0.14797   0.27676   1.03974   2.21037   0.37196  