

TREE # 1

  0  0.0000  14683.893169  x:  0.07717   0.10253   0.04950   0.08862   0.05580   0.07282   0.08444   0.05687   0.06765   0.07381   0.08660   0.10742   0.05847   0.07184   0.04836   0.02653   0.09025   0.02569   0.06145   0.10746   0.05081   0.06320   0.06318   0.08197   0.02854   0.08591   0.10330   0.05083   0.08196   0.08760   0.04870   0.03698   0.10875   0.04789   0.01798   0.05962   0.09404   0.03649   0.01333   0.10276   0.09253   0.03936   0.09161   0.02666   0.07424   0.09253   0.09214   0.04554   0.03847   0.08459   0.01305   0.07005   0.07573   0.06376   0.10372   1.11172   0.88942  
  1 99.0000  13906.992186  x:  0.05764   0.08488   0.05617   0.12510   0.06249   0.08378   0.13827   0.16452   0.10416   0.06376   0.06778   0.08570   0.14258   0.17262   0.17330   0.03479   0.11685   0.00000   0.03122   0.10430   0.03901   0.07425   0.06239   0.07954   0.05180   0.05616   0.08177   0.02396   0.06260   0.06584   0.02279   0.01859   0.08347   0.11946   0.09447   0.04399   0.11673   0.14471   0.25716   0.10761   0.09531   0.03677   0.14805   0.01888   0.05369   0.06635   0.07485   0.02104   0.03615   0.11795   0.08652   0.11614   0.05108   0.04708   0.15192   1.13770   0.86444  
  2 5843.2993  13813.863847  x:  0.03999   0.06809   0.05721   0.14893   0.06648   0.09106   0.17232   0.22338   0.12763   0.05617   0.05254   0.06593   0.18922   0.22932   0.23722   0.03670   0.13639   0.15881   0.00833   0.10076   0.03177   0.08194   0.06163   0.07745   0.06254   0.03001   0.06394   0.00305   0.04723   0.04810   0.00000   0.00479   0.06107   0.15676   0.12681   0.03090   0.13105   0.19710   0.36386   0.10937   0.09559   0.03447   0.18433   0.01517   0.03743   0.04401   0.06109   0.00360   0.03541   0.14006   0.11580   0.14371   0.03050   0.03452   0.18363   1.16025   0.84196  
  3 9688.7694  13773.622043  x:  0.03241   0.05991   0.05458   0.15372   0.06669   0.09236   0.17873   0.23030   0.13203   0.05438   0.04770   0.05667   0.19478   0.23679   0.24224   0.03413   0.14115   0.16508   0.00000   0.09896   0.03304   0.08393   0.06173   0.07667   0.06144   0.01805   0.05763   0.02295   0.04305   0.04258   0.00000   0.00924   0.05116   0.15939   0.12399   0.02663   0.13368   0.19923   0.36353   0.10848   0.09454   0.03427   0.19166   0.01733   0.03329   0.03555   0.05705   0.02708   0.03611   0.14471   0.11206   0.14766   0.02393   0.03244   0.19042   1.17029   0.83116  
  4 2057.8892  13720.703765  x:  0.02163   0.04765   0.05026   0.15941   0.06663   0.09375   0.18617   0.23670   0.13711   0.05242   0.04168   0.04270   0.19994   0.24420   0.24500   0.03008   0.14752   0.16268   0.00725   0.09631   0.03580   0.08631   0.06206   0.07561   0.05887   0.00000   0.04907   0.02155   0.03801   0.03560   0.00000   0.00969   0.03651   0.16042   0.11648   0.02140   0.13674   0.19819   0.35351   0.10690   0.09289   0.03369   0.20041   0.01933   0.02857   0.02392   0.05166   0.02767   0.03739   0.15022   0.10319   0.15168   0.01657   0.03100   0.19871   1.18547   0.81447  
  5 2232.8438  13665.814588  x:  0.00309   0.02509   0.04262   0.16964   0.06648   0.09616   0.19953   0.24827   0.14630   0.04924   0.03175   0.01702   0.20925   0.25756   0.24975   0.02339   0.15866   0.15737   0.00598   0.09152   0.04076   0.09080   0.06311   0.07371   0.05450   0.00945   0.03448   0.01649   0.02999   0.02437   0.00000   0.00942   0.01016   0.16214   0.10249   0.01307   0.14229   0.19603   0.33391   0.10411   0.09007   0.03254   0.21613   0.02173   0.02135   0.00496   0.04254   0.02541   0.03955   0.16001   0.08661   0.15881   0.00662   0.02929   0.21362   1.21400   0.78287  
  6 4817.4342  13642.238639  x:  0.00609   0.01369   0.03926   0.17514   0.06642   0.09733   0.20661   0.25489   0.15141   0.04806   0.02830   0.00488   0.21456   0.26500   0.25261   0.02153   0.16436   0.15493   0.00000   0.08910   0.04322   0.09296   0.06354   0.07285   0.05271   0.00902   0.02879   0.01372   0.02760   0.02137   0.00000   0.00936   0.00104   0.16339   0.09544   0.01077   0.14533   0.19519   0.32326   0.10282   0.08889   0.03191   0.22451   0.02213   0.01994   0.01204   0.03893   0.02344   0.04057   0.16508   0.07794   0.16265   0.01106   0.02949   0.22153   1.23021   0.76465  
  7 2978.0187  13642.238639  x:  0.00609   0.01369   0.03926   0.17514   0.06642   0.09733   0.20661   0.25489   0.15141   0.04806   0.02830   0.00488   0.21456   0.26500   0.25261   0.02153   0.16436   0.15493   0.00000   0.08910   0.04322   0.09296   0.06354   0.07285   0.05271   0.00902   0.02879   0.01372   0.02760   0.02137   0.00000   0.00936   0.00104   0.16339   0.09544   0.01077   0.14533   0.19519   0.32326   0.10282   0.08889   0.03191   0.22451   0.02213   0.01994   0.01204   0.03893   0.02344   0.04057   0.16508   0.07794   0.16265   0.01106   0.02949   0.22153   1.23021   0.76465  
  8 3916.7479  13621.202216  x:  0.01349   0.01302   0.03956   0.17649   0.06627   0.09733   0.20819   0.25657   0.15268   0.04880   0.03117   0.01256   0.21588   0.26681   0.25261   0.02452   0.16572   0.14409   0.00807   0.08884   0.04399   0.09303   0.06355   0.07288   0.05275   0.00098   0.03206   0.01066   0.03062   0.02650   0.00000   0.00918   0.04055   0.16387   0.09375   0.01496   0.14610   0.19424   0.31678   0.10269   0.08902   0.03178   0.22651   0.02087   0.02358   0.01660   0.04044   0.01831   0.04037   0.16606   0.07476   0.16329   0.01640   0.03085   0.22347   1.23735   0.75607  
  9 1983.9770  13595.245502  x:  0.01422   0.01176   0.04001   0.17899   0.06599   0.09735   0.21131   0.25980   0.15485   0.04994   0.03482   0.01310   0.21827   0.27028   0.25263   0.02706   0.16781   0.12183   0.00000   0.08813   0.04454   0.09340   0.06389   0.07289   0.05291   0.00824   0.03609   0.00869   0.03432   0.03137   0.00000   0.00715   0.04299   0.16352   0.08884   0.01819   0.14747   0.19219   0.30386   0.10240   0.08919   0.03126   0.23039   0.01897   0.02741   0.01872   0.04276   0.01078   0.03982   0.16789   0.06871   0.16449   0.01882   0.03212   0.22725   1.25154   0.73888  
 10 995.3091  13541.048617  x:  0.01317   0.00930   0.04101   0.18535   0.06528   0.09744   0.21936   0.26820   0.16025   0.05238   0.04186   0.01135   0.22441   0.27930   0.25267   0.03157   0.17347   0.06302   0.01000   0.08635   0.04549   0.09418   0.06444   0.07296   0.05322   0.00685   0.04375   0.00834   0.04127   0.03978   0.00000   0.00510   0.03684   0.16250   0.07615   0.02366   0.15083   0.18678   0.26964   0.10171   0.08957   0.03002   0.24042   0.01546   0.03435   0.02099   0.04778   0.00084   0.03838   0.17259   0.05362   0.16758   0.02147   0.03425   0.23702   1.28902   0.69326  
 11 4730.3451  13492.296203  x:  0.01240   0.00671   0.04207   0.19214   0.06453   0.09753   0.22795   0.27718   0.16604   0.05495   0.04935   0.00987   0.23098   0.28893   0.25271   0.03641   0.17947   0.00000   0.01747   0.08445   0.04654   0.09503   0.06502   0.07303   0.05356   0.00616   0.05190   0.00774   0.04867   0.04881   0.00000   0.00323   0.03184   0.16144   0.06270   0.02956   0.15442   0.18102   0.23303   0.10099   0.08997   0.02872   0.25114   0.01184   0.04176   0.02365   0.05314   0.00411   0.03687   0.17760   0.03761   0.17088   0.02446   0.03652   0.24746   1.32912   0.64443  
 12 40346.8084  13463.526823  x:  0.01164   0.00392   0.04355   0.20306   0.06349   0.09765   0.24179   0.29175   0.17532   0.05851   0.05962   0.00822   0.24165   0.30464   0.25277   0.04306   0.18916   0.00520   0.02436   0.08138   0.04816   0.09641   0.06580   0.07315   0.05406   0.00379   0.06310   0.00797   0.05873   0.06115   0.00000   0.00804   0.02496   0.15988   0.04234   0.03754   0.16006   0.17168   0.17259   0.10003   0.09065   0.02683   0.26853   0.00921   0.05189   0.02663   0.06063   0.00798   0.03480   0.18567   0.01431   0.17632   0.02793   0.03926   0.26443   1.39556   0.56343  
 13 1435.2416  13445.037640  x:  0.01192   0.00781   0.04356   0.20635   0.06350   0.09769   0.24605   0.29651   0.17796   0.05831   0.05922   0.00895   0.24510   0.30988   0.25276   0.04272   0.19184   0.00489   0.02131   0.08053   0.04822   0.09683   0.06569   0.07320   0.05414   0.00000   0.06275   0.00982   0.05815   0.06064   0.00000   0.01147   0.02496   0.15972   0.04158   0.03690   0.16153   0.16885   0.15154   0.10029   0.09110   0.02643   0.27417   0.01519   0.05145   0.02477   0.06052   0.00760   0.03518   0.18803   0.02093   0.17862   0.02615   0.03819   0.27020   1.42005   0.53401  
 14 2266.6537  13424.134805  x:  0.01276   0.01596   0.04308   0.21403   0.06364   0.09781   0.25607   0.30782   0.18395   0.05712   0.05602   0.01102   0.25330   0.32244   0.25273   0.04046   0.19815   0.00455   0.02587   0.07865   0.04809   0.09786   0.06550   0.07335   0.05428   0.01068   0.05945   0.01479   0.05440   0.05645   0.00000   0.01896   0.02824   0.15952   0.04265   0.03339   0.16480   0.16226   0.10085   0.10128   0.09224   0.02559   0.28753   0.02812   0.04786   0.01894   0.05887   0.00796   0.03646   0.19351   0.03861   0.18411   0.02036   0.03468   0.28389   1.48018   0.46226  
 15 10896.8937  13407.988094  x:  0.01094   0.00575   0.03979   0.21704   0.06438   0.09802   0.26037   0.31316   0.18546   0.05437   0.04745   0.00965   0.25720   0.32921   0.25272   0.03495   0.20019   0.00488   0.02285   0.07861   0.04668   0.09771   0.06471   0.07358   0.05420   0.00801   0.05022   0.00483   0.04540   0.04546   0.00000   0.00842   0.03147   0.15996   0.05507   0.02526   0.16573   0.16066   0.08135   0.10407   0.09323   0.02488   0.29382   0.01632   0.03765   0.01707   0.05335   0.00756   0.03824   0.19553   0.03850   0.18594   0.01718   0.03227   0.29004   1.51994   0.42337  
 16 1109.2764  13405.047302  x:  0.01115   0.00356   0.03881   0.21770   0.06466   0.09812   0.26140   0.31462   0.18555   0.05359   0.04444   0.00975   0.25827   0.33124   0.25275   0.03327   0.20043   0.00475   0.02080   0.07896   0.04658   0.09759   0.06454   0.07367   0.05422   0.00735   0.04694   0.01299   0.04251   0.04163   0.00000   0.00655   0.03293   0.16025   0.05834   0.02248   0.16589   0.16090   0.08010   0.10541   0.09347   0.02482   0.29547   0.01219   0.03453   0.01809   0.05143   0.00720   0.03855   0.19592   0.03565   0.18617   0.01802   0.03233   0.29153   1.53385   0.41366  
 17 962.1311  13400.221950  x:  0.01241   0.01086   0.03784   0.21837   0.06527   0.09838   0.26270   0.31708   0.18485   0.05268   0.03891   0.01057   0.25999   0.33500   0.25295   0.03072   0.19997   0.00390   0.01892   0.08053   0.04742   0.09731   0.06452   0.07391   0.05435   0.00767   0.04067   0.01242   0.03764   0.03414   0.00000   0.01307   0.03366   0.16113   0.06166   0.01748   0.16595   0.16328   0.09002   0.10895   0.09369   0.02522   0.29801   0.01338   0.03078   0.02182   0.04804   0.00643   0.03832   0.19606   0.02483   0.18585   0.02217   0.03410   0.29344   1.56551   0.40223  
 18 559.8383  13393.169050  x:  0.00996   0.00192   0.03590   0.21865   0.06595   0.09878   0.26390   0.32026   0.18246   0.05326   0.03648   0.01219   0.26225   0.34107   0.25340   0.03104   0.19830   0.00418   0.01952   0.08312   0.04821   0.09693   0.06463   0.07421   0.05466   0.00809   0.03765   0.01184   0.03707   0.03166   0.00000   0.00854   0.03400   0.16257   0.06041   0.01663   0.16610   0.16927   0.11359   0.11422   0.09389   0.02473   0.30129   0.02447   0.03292   0.02116   0.04650   0.00664   0.03717   0.19542   0.02574   0.18581   0.02287   0.03527   0.29614   1.62642   0.39742  
 19 502.0371  13387.597815  x:  0.01000   0.00737   0.03568   0.21853   0.06630   0.09902   0.26444   0.32245   0.18025   0.05387   0.03692   0.01120   0.26370   0.34564   0.25377   0.03135   0.19659   0.00490   0.02062   0.08465   0.04830   0.09670   0.06464   0.07435   0.05481   0.00818   0.03814   0.01151   0.03825   0.03320   0.00000   0.00221   0.03407   0.16370   0.05979   0.01792   0.16609   0.17423   0.12975   0.11733   0.09407   0.02439   0.30328   0.01985   0.03370   0.01860   0.04657   0.00719   0.03694   0.19456   0.03124   0.18579   0.02028   0.03459   0.29783   1.67894   0.39933  
 20 1178.2944  13381.627232  x:  0.01000   0.00712   0.03515   0.21811   0.06661   0.09925   0.26468   0.32459   0.17749   0.05441   0.03797   0.00943   0.26512   0.35069   0.25421   0.03159   0.19435   0.00496   0.02105   0.08614   0.04804   0.09647   0.06463   0.07445   0.05491   0.00826   0.03943   0.01071   0.03971   0.03568   0.00000   0.00719   0.03430   0.16505   0.06024   0.01969   0.16590   0.17997   0.14662   0.12027   0.09428   0.02430   0.30518   0.00993   0.03385   0.01517   0.04690   0.00739   0.03718   0.19340   0.03951   0.18570   0.01610   0.03304   0.29941   1.74197   0.40439  
 21 3243.4972  13370.440341  x:  0.02309   0.00435   0.03777   0.21385   0.06546   0.09870   0.26028   0.32340   0.17114   0.05102   0.04245   0.00515   0.26380   0.35582   0.25461   0.02692   0.18774   0.00535   0.02293   0.08288   0.04388   0.09625   0.06373   0.07349   0.05384   0.00870   0.04592   0.01031   0.03622   0.03826   0.00000   0.00690   0.03042   0.16668   0.07560   0.01701   0.16272   0.18678   0.14117   0.11319   0.09386   0.02757   0.30267   0.01313   0.02369   0.03117   0.04909   0.00775   0.04453   0.18915   0.04287   0.18274   0.01995   0.02726   0.29545   1.89149   0.45144  
 22 639.3124  13362.511399  x:  0.01414   0.00604   0.03896   0.20856   0.06478   0.09802   0.25400   0.31887   0.16657   0.04879   0.03984   0.02522   0.26004   0.35548   0.25436   0.02908   0.18240   0.00521   0.02222   0.08100   0.04371   0.09574   0.06309   0.07273   0.05338   0.00855   0.04269   0.01122   0.03340   0.03298   0.00000   0.00703   0.02941   0.16681   0.08519   0.01463   0.15933   0.18912   0.12564   0.10475   0.09235   0.02894   0.29620   0.01363   0.02664   0.02219   0.04762   0.00763   0.04331   0.18507   0.03699   0.17914   0.01972   0.03143   0.28803   2.01080   0.49569  
 23 1099.0256  13359.617591  x:  0.00848   0.00708   0.03834   0.20593   0.06505   0.09788   0.25057   0.31503   0.16616   0.04994   0.03622   0.01467   0.25674   0.35170   0.25390   0.02654   0.18135   0.00501   0.02090   0.08106   0.04471   0.09572   0.06325   0.07276   0.05379   0.00858   0.03750   0.01214   0.03476   0.03030   0.00000   0.00734   0.03396   0.16617   0.08350   0.01479   0.15821   0.18761   0.11885   0.10315   0.09161   0.02837   0.29131   0.01579   0.02950   0.01592   0.04549   0.00740   0.03937   0.18356   0.03376   0.17780   0.01944   0.03295   0.28311   2.04646   0.50892  
 24 498.2129  13358.684724  x:  0.01331   0.00648   0.03727   0.20414   0.06571   0.09788   0.24761   0.31093   0.16733   0.05122   0.03330   0.01349   0.25352   0.34633   0.25329   0.02904   0.18172   0.00496   0.02060   0.08254   0.04706   0.09576   0.06349   0.07300   0.05426   0.00853   0.03362   0.01179   0.03458   0.02851   0.00000   0.00707   0.03375   0.16511   0.07812   0.01415   0.15775   0.18476   0.11634   0.10421   0.09119   0.02767   0.28639   0.01501   0.03091   0.01671   0.04368   0.00729   0.03667   0.18286   0.03475   0.17729   0.01804   0.03437   0.27861   2.06020   0.51200  
 25 210.7612  13357.849391  x:  0.00955   0.00678   0.03641   0.20194   0.06652   0.09790   0.24364   0.30479   0.16927   0.05181   0.03274   0.01391   0.24884   0.33761   0.25244   0.03016   0.18262   0.00496   0.02062   0.08445   0.04810   0.09570   0.06366   0.07327   0.05452   0.00858   0.03385   0.01148   0.03296   0.02887   0.00000   0.00701   0.03416   0.16361   0.07268   0.01387   0.15751   0.18045   0.11540   0.10684   0.09115   0.02784   0.27922   0.01421   0.02841   0.02039   0.04278   0.00726   0.03748   0.18230   0.03667   0.17684   0.01931   0.03406   0.27219   2.07249   0.51189  
 26 188.8221  13357.230604  x:  0.01132   0.00661   0.03671   0.20019   0.06685   0.09789   0.23998   0.29860   0.17113   0.05116   0.03446   0.01472   0.24435   0.32826   0.25177   0.02836   0.18354   0.00488   0.02039   0.08525   0.04717   0.09560   0.06359   0.07335   0.05436   0.00852   0.03632   0.01158   0.03260   0.02956   0.00000   0.00697   0.03413   0.16242   0.07151   0.01402   0.15755   0.17650   0.11601   0.10927   0.09175   0.02889   0.27217   0.01493   0.02664   0.01686   0.04355   0.00721   0.03955   0.18196   0.03540   0.17632   0.01941   0.03275   0.26588   2.08198   0.50975  
 27 187.7930  13357.021756  x:  0.01120   0.00676   0.03776   0.19984   0.06646   0.09786   0.23876   0.29584   0.17166   0.05046   0.03502   0.01495   0.24258   0.32337   0.25176   0.02751   0.18393   0.00491   0.02062   0.08455   0.04600   0.09561   0.06343   0.07320   0.05410   0.00853   0.03610   0.01168   0.03420   0.02952   0.00000   0.00707   0.03380   0.16224   0.07415   0.01473   0.15782   0.17529   0.11667   0.10941   0.09229   0.02937   0.26917   0.01489   0.02936   0.01831   0.04447   0.00725   0.03925   0.18195   0.03544   0.17625   0.01845   0.03288   0.26339   2.08541   0.50802  
 28 92.3939  13356.974408  x:  0.01126   0.00675   0.03822   0.20012   0.06608   0.09786   0.23879   0.29507   0.17159   0.05065   0.03502   0.01467   0.24232   0.32127   0.25206   0.02851   0.18407   0.00494   0.02077   0.08379   0.04611   0.09568   0.06342   0.07309   0.05408   0.00854   0.03601   0.01165   0.03432   0.03013   0.00000   0.00710   0.03358   0.16246   0.07533   0.01472   0.15806   0.17539   0.11701   0.10855   0.09231   0.02918   0.26851   0.01484   0.02918   0.01802   0.04472   0.00729   0.03840   0.18206   0.03580   0.17638   0.01965   0.03352   0.26301   2.08624   0.50740  
 29 36.4229  13356.949761  x:  0.01113   0.00679   0.03828   0.20061   0.06580   0.09790   0.23918   0.29466   0.17137   0.05103   0.03504   0.01452   0.24244   0.31927   0.25256   0.02922   0.18418   0.00493   0.02071   0.08308   0.04651   0.09577   0.06349   0.07303   0.05416   0.00853   0.03629   0.01171   0.03409   0.03015   0.00000   0.00711   0.03371   0.16281   0.07555   0.01471   0.15832   0.17589   0.11729   0.10739   0.09213   0.02894   0.26833   0.01503   0.02877   0.01809   0.04467   0.00728   0.03831   0.18226   0.03549   0.17655   0.01877   0.03337   0.26312   2.08671   0.50713  
 30 24.0142  13356.931148  x:  0.01120   0.00676   0.03798   0.20129   0.06578   0.09796   0.23983   0.29440   0.17105   0.05109   0.03499   0.01463   0.24284   0.31692   0.25328   0.02872   0.18426   0.00493   0.02070   0.08267   0.04662   0.09584   0.06355   0.07304   0.05422   0.00853   0.03625   0.01166   0.03410   0.02971   0.00000   0.00708   0.03368   0.16322   0.07500   0.01469   0.15856   0.17662   0.11737   0.10634   0.09186   0.02895   0.26846   0.01486   0.02908   0.01806   0.04449   0.00728   0.03889   0.18254   0.03564   0.17680   0.01917   0.03318   0.26358   2.08709   0.50709  
 31 19.4317  13356.923110  x:  0.01121   0.00676   0.03779   0.20164   0.06597   0.09798   0.24027   0.29439   0.17090   0.05077   0.03490   0.01476   0.24320   0.31554   0.25377   0.02837   0.18427   0.00492   0.02068   0.08303   0.04632   0.09580   0.06351   0.07308   0.05416   0.00853   0.03597   0.01166   0.03412   0.03018   0.00000   0.00708   0.03368   0.16335   0.07482   0.01465   0.15859   0.17701   0.11726   0.10644   0.09185   0.02909   0.26872   0.01489   0.02887   0.01810   0.04452   0.00727   0.03860   0.18266   0.03559   0.17689   0.01904   0.03329   0.26398   2.08727   0.50722  
 32 12.2715  13356.917527  x:  0.01120   0.00677   0.03781   0.20183   0.06610   0.09794   0.24061   0.29450   0.17086   0.05071   0.03503   0.01466   0.24357   0.31446   0.25418   0.02863   0.18424   0.00493   0.02068   0.08356   0.04623   0.09574   0.06345   0.07311   0.05411   0.00853   0.03621   0.01167   0.03410   0.02980   0.00000   0.00709   0.03369   0.16334   0.07494   0.01468   0.15851   0.17719   0.11708   0.10707   0.09199   0.02907   0.26903   0.01490   0.02890   0.01808   0.04461   0.00728   0.03847   0.18269   0.03558   0.17690   0.01907   0.03333   0.26437   2.08740   0.50741  
 33  9.3674  13356.914171  x:  0.01118   0.00677   0.03790   0.20179   0.06600   0.09789   0.24072   0.29465   0.17092   0.05095   0.03494   0.01465   0.24382   0.31393   0.25439   0.02869   0.18419   0.00493   0.02070   0.08358   0.04648   0.09572   0.06347   0.07310   0.05416   0.00853   0.03610   0.01168   0.03410   0.03004   0.00000   0.00709   0.03367   0.16321   0.07512   0.01456   0.15840   0.17711   0.11702   0.10756   0.09209   0.02894   0.26925   0.01492   0.02906   0.01805   0.04452   0.00728   0.03878   0.18262   0.03554   0.17685   0.01909   0.03323   0.26458   2.08749   0.50752  
 34  5.3700  13356.906693  x:  0.01119   0.00674   0.03795   0.20143   0.06570   0.09783   0.24069   0.29509   0.17121   0.05117   0.03494   0.01480   0.24425   0.31331   0.25462   0.02834   0.18407   0.00493   0.02069   0.08291   0.04668   0.09578   0.06358   0.07303   0.05426   0.00853   0.03608   0.01166   0.03424   0.02989   0.00000   0.00709   0.03365   0.16280   0.07509   0.01494   0.15820   0.17659   0.11709   0.10799   0.09214   0.02894   0.26972   0.01491   0.02877   0.01809   0.04451   0.00728   0.03856   0.18241   0.03558   0.17669   0.01908   0.03335   0.26487   2.08773   0.50764  
 35  3.9929  13356.889129  x:  0.01115   0.00673   0.03789   0.20062   0.06563   0.09789   0.24040   0.29596   0.17173   0.05070   0.03501   0.01466   0.24494   0.31251   0.25486   0.02855   0.18392   0.00492   0.02066   0.08212   0.04624   0.09588   0.06361   0.07297   0.05418   0.00853   0.03627   0.01165   0.03392   0.02989   0.00000   0.00708   0.03373   0.16218   0.07480   0.01420   0.15788   0.17551   0.11740   0.10784   0.09196   0.02913   0.27049   0.01484   0.02907   0.01806   0.04464   0.00728   0.03834   0.18206   0.03566   0.17641   0.01903   0.03330   0.26523   2.08829   0.50768  
 36  7.8721  13356.845584  x:  0.01117   0.00675   0.03786   0.19925   0.06635   0.09816   0.23959   0.29744   0.17230   0.05003   0.03475   0.01441   0.24595   0.31155   0.25500   0.02944   0.18377   0.00491   0.02064   0.08260   0.04572   0.09590   0.06336   0.07308   0.05390   0.00853   0.03571   0.01166   0.03399   0.02996   0.00000   0.00710   0.03364   0.16160   0.07490   0.01542   0.15778   0.17404   0.11787   0.10658   0.09181   0.02916   0.27157   0.01492   0.02896   0.01795   0.04445   0.00729   0.03915   0.18157   0.03560   0.17606   0.01909   0.03303   0.26548   2.08967   0.50750  
 37 11.7151  13356.700256  x:  0.01117   0.00663   0.03854   0.19692   0.06763   0.09851   0.23756   0.30044   0.17257   0.05165   0.03541   0.01449   0.24767   0.31027   0.25473   0.02807   0.18369   0.00490   0.02060   0.08586   0.04700   0.09568   0.06299   0.07349   0.05403   0.00850   0.03658   0.01160   0.03523   0.03009   0.00000   0.00712   0.03340   0.16180   0.07534   0.01454   0.15804   0.17215   0.11857   0.10356   0.09162   0.02842   0.27324   0.01496   0.02872   0.01814   0.04428   0.00735   0.03861   0.18102   0.03590   0.17583   0.01898   0.03363   0.26539   2.09415   0.50675  
 38 18.7149  13356.192903  x:  0.01137   0.00642   0.03975   0.19522   0.06524   0.09769   0.23399   0.30557   0.17119   0.05288   0.03499   0.01382   0.25007   0.30971   0.25307   0.02678   0.18437   0.00480   0.02018   0.08811   0.04789   0.09537   0.06417   0.07332   0.05527   0.00837   0.03727   0.01150   0.03042   0.03107   0.00000   0.00716   0.03261   0.16486   0.07394   0.01665   0.15991   0.17318   0.11884   0.10308   0.09227   0.02953   0.27517   0.01501   0.03087   0.01820   0.04656   0.00745   0.03697   0.18203   0.03632   0.17677   0.01933   0.03232   0.26419   2.10922   0.50526  
 39 29.1620  13354.484649  x:  0.01109   0.00622   0.04066   0.19452   0.05869   0.09548   0.22618   0.31844   0.16670   0.05116   0.03514   0.01169   0.25571   0.31069   0.24773   0.03009   0.18699   0.00442   0.01869   0.08664   0.04620   0.09521   0.06679   0.07200   0.05633   0.00798   0.03674   0.01105   0.03767   0.03102   0.00000   0.00749   0.03063   0.17391   0.06709   0.01469   0.16474   0.17976   0.11914   0.10783   0.09345   0.03097   0.27912   0.01609   0.02906   0.01807   0.04814   0.00781   0.03890   0.18632   0.03731   0.18041   0.01920   0.03141   0.26085   2.16195   0.50103  
 40 158.6681  13352.915521  x:  0.01148   0.00631   0.03859   0.19916   0.06701   0.09778   0.22782   0.32278   0.16692   0.05127   0.03933   0.00935   0.25757   0.31471   0.24528   0.02971   0.18846   0.00412   0.01777   0.08003   0.04598   0.09633   0.06395   0.07236   0.05305   0.00774   0.03925   0.01079   0.03587   0.03314   0.00000   0.00811   0.02838   0.17457   0.06394   0.01666   0.16572   0.18397   0.12026   0.11260   0.09321   0.02582   0.28014   0.01715   0.03105   0.01841   0.04266   0.00824   0.03908   0.18836   0.03850   0.18218   0.01855   0.03558   0.26132   2.20984   0.49785  
 41 185.9542  13351.510694  x:  0.01114   0.00630   0.03755   0.20686   0.07253   0.10034   0.23862   0.31895   0.17186   0.05374   0.03707   0.00856   0.25623   0.32133   0.24655   0.03030   0.18884   0.00385   0.01668   0.07908   0.04851   0.09740   0.06195   0.07413   0.05367   0.00747   0.03933   0.01049   0.03844   0.03356   0.00000   0.00841   0.02665   0.16715   0.06187   0.01705   0.16296   0.18322   0.12303   0.11238   0.09145   0.02794   0.28009   0.01782   0.03124   0.01828   0.04894   0.00855   0.03654   0.18874   0.03932   0.18178   0.01980   0.02861   0.26652   2.25259   0.49568  
 42 173.7020  13350.761178  x:  0.01124   0.00618   0.03760   0.21106   0.06759   0.09947   0.24753   0.31341   0.17558   0.05375   0.03756   0.00681   0.25435   0.32608   0.24919   0.03023   0.18864   0.00373   0.01613   0.08293   0.04757   0.09715   0.06426   0.07411   0.05588   0.00732   0.03981   0.01031   0.03786   0.03389   0.00000   0.00850   0.02601   0.16146   0.06043   0.01767   0.16077   0.18034   0.12519   0.10979   0.09109   0.02966   0.28013   0.01817   0.03126   0.01823   0.04940   0.00876   0.03911   0.18796   0.04041   0.18088   0.01862   0.03368   0.27175   2.27585   0.49447  
 43 162.0638  13350.600869  x:  0.01130   0.00626   0.03718   0.21112   0.06495   0.09855   0.24967   0.31107   0.17600   0.05315   0.03865   0.00696   0.25363   0.32739   0.25060   0.03011   0.18848   0.00370   0.01603   0.08429   0.04679   0.09672   0.06498   0.07336   0.05522   0.00729   0.03991   0.01029   0.03804   0.03415   0.00000   0.00859   0.02571   0.16118   0.06003   0.01794   0.16067   0.17888   0.12572   0.10900   0.09171   0.02795   0.28036   0.01825   0.03154   0.01827   0.04675   0.00880   0.03779   0.18726   0.04038   0.18062   0.01909   0.03155   0.27365   2.28070   0.49417  
 44 68.3817  13350.546195  x:  0.01132   0.00631   0.03675   0.20921   0.06518   0.09797   0.25018   0.30823   0.17491   0.05297   0.03808   0.00687   0.25282   0.32829   0.25272   0.03005   0.18831   0.00369   0.01598   0.08398   0.04738   0.09632   0.06452   0.07265   0.05397   0.00728   0.04020   0.01027   0.03810   0.03419   0.00000   0.00860   0.02563   0.16366   0.05970   0.01794   0.16168   0.17709   0.12585   0.10915   0.09273   0.02787   0.28132   0.01827   0.03156   0.01827   0.04750   0.00881   0.03797   0.18661   0.04039   0.18066   0.01902   0.03184   0.27571   2.28231   0.49402  
 45 19.2631  13350.530670  x:  0.01131   0.00631   0.03715   0.20833   0.06568   0.09810   0.25008   0.30706   0.17444   0.05329   0.03862   0.00688   0.25246   0.32860   0.25364   0.03021   0.18830   0.00369   0.01596   0.08376   0.04703   0.09642   0.06467   0.07307   0.05496   0.00728   0.03987   0.01027   0.03808   0.03416   0.00000   0.00859   0.02560   0.16452   0.05964   0.01792   0.16209   0.17664   0.12584   0.10936   0.09260   0.02827   0.28185   0.01827   0.03154   0.01826   0.04724   0.00881   0.03793   0.18651   0.04036   0.18076   0.01903   0.03173   0.27651   2.28274   0.49396  
 46 15.8521  13350.525014  x:  0.01134   0.00631   0.03732   0.20790   0.06558   0.09843   0.24963   0.30654   0.17434   0.05312   0.03815   0.00690   0.25223   0.32870   0.25412   0.03015   0.18838   0.00369   0.01596   0.08380   0.04695   0.09671   0.06481   0.07341   0.05510   0.00727   0.04023   0.01027   0.03815   0.03422   0.00000   0.00860   0.02557   0.16437   0.05970   0.01799   0.16214   0.17694   0.12579   0.10950   0.09201   0.02793   0.28221   0.01829   0.03158   0.01828   0.04720   0.00881   0.03792   0.18661   0.04034   0.18091   0.01904   0.03175   0.27679   2.28285   0.49388  
 47  5.1046  13350.516264  x:  0.01133   0.00633   0.03726   0.20739   0.06530   0.09876   0.24871   0.30587   0.17438   0.05317   0.03868   0.00687   0.25184   0.32880   0.25479   0.03016   0.18854   0.00369   0.01594   0.08392   0.04720   0.09696   0.06472   0.07335   0.05457   0.00727   0.03988   0.01027   0.03807   0.03418   0.00000   0.00860   0.02558   0.16373   0.05976   0.01797   0.16204   0.17767   0.12573   0.10956   0.09146   0.02799   0.28286   0.01830   0.03156   0.01827   0.04739   0.00881   0.03794   0.18695   0.04034   0.18116   0.01904   0.03175   0.27710   2.28296   0.49376  
 48  5.9212  13350.492666  x:  0.01134   0.00635   0.03730   0.20718   0.06570   0.09832   0.24706   0.30507   0.17482   0.05350   0.03822   0.00689   0.25112   0.32892   0.25579   0.03019   0.18877   0.00370   0.01589   0.08381   0.04689   0.09630   0.06442   0.07240   0.05497   0.00727   0.04021   0.01027   0.03814   0.03423   0.00000   0.00861   0.02555   0.16251   0.05973   0.01789   0.16157   0.17897   0.12575   0.10919   0.09271   0.02834   0.28402   0.01831   0.03159   0.01828   0.04698   0.00881   0.03789   0.18762   0.04038   0.18142   0.01904   0.03171   0.27737   2.28319   0.49357  
 49  4.9892  13350.428733  x:  0.01127   0.00633   0.03780   0.20806   0.06622   0.09719   0.24558   0.30468   0.17558   0.05253   0.03871   0.00694   0.25013   0.32899   0.25671   0.02996   0.18872   0.00373   0.01570   0.08355   0.04714   0.09562   0.06510   0.07354   0.05555   0.00725   0.03946   0.01025   0.03792   0.03397   0.00000   0.00866   0.02555   0.16221   0.05961   0.01765   0.16102   0.17954   0.12606   0.10880   0.09434   0.02632   0.28525   0.01832   0.03133   0.01825   0.04818   0.00879   0.03812   0.18786   0.04062   0.18127   0.01898   0.03170   0.27729   2.28375   0.49348  
 50  6.2732  13349.930499  x:  0.01105   0.00633   0.03734   0.21481   0.06621   0.09446   0.24150   0.30503   0.17829   0.05160   0.03794   0.00700   0.24532   0.32895   0.25955   0.02978   0.18712   0.00400   0.01454   0.08353   0.04915   0.09615   0.06652   0.07967   0.05272   0.00706   0.04005   0.01014   0.03790   0.03389   0.00000   0.00865   0.02474   0.16553   0.06228   0.01759   0.15959   0.17803   0.12830   0.10912   0.09511   0.02995   0.29035   0.01852   0.03119   0.01797   0.04535   0.00877   0.03791   0.18826   0.04254   0.17895   0.01870   0.03146   0.27521   2.28796   0.49294  
 51 13.1724  13348.745011  x:  0.01107   0.00666   0.03546   0.22341   0.06466   0.09729   0.23884   0.30669   0.17917   0.05584   0.03649   0.00806   0.23876   0.32870   0.26268   0.02870   0.18389   0.00461   0.01157   0.08516   0.04334   0.09801   0.06233   0.07365   0.05397   0.00673   0.03813   0.00993   0.03660   0.03263   0.00000   0.00906   0.02316   0.17114   0.06695   0.01709   0.15907   0.17471   0.13302   0.11139   0.09048   0.02674   0.29535   0.01919   0.02962   0.01752   0.04686   0.00863   0.03903   0.18625   0.04664   0.17556   0.01792   0.03142   0.27102   2.29765   0.49146  
 52 44.9502  13347.756066  x:  0.01087   0.00652   0.03758   0.21974   0.06606   0.10172   0.24284   0.30710   0.17448   0.04861   0.03701   0.00814   0.23940   0.32854   0.26181   0.02760   0.18279   0.00512   0.00917   0.08583   0.04949   0.09670   0.06371   0.06747   0.05741   0.00634   0.03766   0.00970   0.03620   0.03209   0.00000   0.00923   0.02190   0.16916   0.07087   0.01645   0.16044   0.17621   0.13638   0.11274   0.09028   0.02800   0.29216   0.01969   0.02884   0.01708   0.04508   0.00855   0.03911   0.18438   0.04996   0.17649   0.01740   0.03087   0.26964   2.30559   0.48936  
 53 52.0707  13346.860364  x:  0.01109   0.00681   0.03666   0.20876   0.06635   0.10125   0.24907   0.30627   0.16850   0.05198   0.03580   0.00881   0.24492   0.32851   0.25857   0.02718   0.18316   0.00556   0.00687   0.08523   0.04618   0.09442   0.06588   0.07283   0.05407   0.00605   0.03687   0.00955   0.03556   0.03139   0.00000   0.00956   0.02083   0.16368   0.07377   0.01533   0.16179   0.18112   0.13898   0.11295   0.09394   0.02842   0.28395   0.02033   0.02783   0.01682   0.04506   0.00844   0.03970   0.18318   0.05262   0.17949   0.01691   0.03070   0.27072   2.31271   0.48705  
 54 73.8888  13346.777756  x:  0.01107   0.00686   0.03619   0.20707   0.06607   0.09825   0.24904   0.30537   0.16995   0.05138   0.03591   0.00877   0.24704   0.32860   0.25750   0.02709   0.18323   0.00560   0.00668   0.08536   0.04660   0.09587   0.06300   0.07343   0.05518   0.00604   0.03689   0.00954   0.03550   0.03140   0.00000   0.00959   0.02069   0.16429   0.07419   0.01539   0.16098   0.18223   0.13928   0.11293   0.09326   0.02839   0.28195   0.02040   0.02781   0.01679   0.04494   0.00843   0.03972   0.18387   0.05283   0.17940   0.01686   0.03073   0.27215   2.31338   0.48682  
 55 26.1986  13346.755654  x:  0.01104   0.00681   0.03684   0.20687   0.06666   0.09779   0.24839   0.30452   0.17152   0.05155   0.03580   0.00878   0.24862   0.32869   0.25671   0.02705   0.18316   0.00561   0.00662   0.08544   0.04646   0.09612   0.06415   0.07268   0.05471   0.00602   0.03681   0.00953   0.03548   0.03134   0.00000   0.00957   0.02065   0.16527   0.07429   0.01542   0.16024   0.18264   0.13938   0.11295   0.09273   0.02838   0.28086   0.02040   0.02774   0.01677   0.04494   0.00843   0.03974   0.18447   0.05290   0.17901   0.01685   0.03068   0.27343   2.31357   0.48683  
 56 13.6793  13346.750839  x:  0.01103   0.00686   0.03633   0.20708   0.06644   0.09852   0.24784   0.30407   0.17187   0.05152   0.03584   0.00875   0.24933   0.32872   0.25630   0.02707   0.18307   0.00562   0.00662   0.08543   0.04654   0.09570   0.06416   0.07285   0.05491   0.00602   0.03684   0.00954   0.03550   0.03136   0.00000   0.00957   0.02062   0.16556   0.07441   0.01543   0.16008   0.18261   0.13939   0.11296   0.09293   0.02838   0.28052   0.02041   0.02777   0.01677   0.04497   0.00843   0.03973   0.18460   0.05290   0.17881   0.01686   0.03069   0.27401   2.31361   0.48685  
 57  6.3942  13346.749480  x:  0.01102   0.00683   0.03669   0.20734   0.06633   0.09871   0.24758   0.30385   0.17175   0.05151   0.03581   0.00875   0.24964   0.32873   0.25609   0.02705   0.18302   0.00562   0.00661   0.08542   0.04652   0.09565   0.06391   0.07293   0.05481   0.00602   0.03681   0.00953   0.03547   0.03134   0.00000   0.00957   0.02063   0.16549   0.07430   0.01541   0.16014   0.18250   0.13940   0.11295   0.09303   0.02840   0.28047   0.02040   0.02774   0.01677   0.04492   0.00843   0.03974   0.18456   0.05291   0.17878   0.01685   0.03069   0.27424   2.31362   0.48687  
 58  3.1555  13346.747484  x:  0.01103   0.00685   0.03651   0.20780   0.06643   0.09844   0.24714   0.30348   0.17123   0.05152   0.03582   0.00875   0.25005   0.32871   0.25570   0.02706   0.18296   0.00562   0.00661   0.08545   0.04653   0.09591   0.06405   0.07285   0.05485   0.00602   0.03682   0.00954   0.03548   0.03135   0.00000   0.00957   0.02063   0.16515   0.07435   0.01541   0.16039   0.18224   0.13941   0.11296   0.09301   0.02841   0.28053   0.02041   0.02775   0.01677   0.04495   0.00843   0.03974   0.18434   0.05289   0.17882   0.01685   0.03069   0.27449   2.31364   0.48687  
 59  1.9414  13346.728304  x:  0.01104   0.00686   0.03655   0.20788   0.06655   0.09770   0.24736   0.30247   0.17130   0.05152   0.03583   0.00878   0.25049   0.32851   0.25435   0.02709   0.18334   0.00561   0.00658   0.08529   0.04657   0.09400   0.06392   0.07289   0.05485   0.00600   0.03685   0.00954   0.03549   0.03137   0.00000   0.00958   0.02051   0.16510   0.07448   0.01551   0.16038   0.18211   0.13927   0.11305   0.09171   0.02840   0.28185   0.02037   0.02778   0.01678   0.04495   0.00845   0.03973   0.18381   0.05286   0.17953   0.01687   0.03072   0.27396   2.31383   0.48700  
 60  0.5814  13346.578346  x:  0.01095   0.00687   0.03646   0.20666   0.06623   0.09909   0.24992   0.29824   0.17332   0.05147   0.03584   0.00922   0.25178   0.32749   0.24847   0.02726   0.18477   0.00559   0.00634   0.08538   0.04653   0.09691   0.06407   0.07286   0.05479   0.00574   0.03689   0.00953   0.03541   0.03137   0.00000   0.00949   0.01971   0.16616   0.07441   0.01544   0.15932   0.18230   0.13800   0.11254   0.09367   0.02827   0.28828   0.02003   0.02789   0.01686   0.04495   0.00854   0.03973   0.18297   0.05258   0.18169   0.01693   0.03097   0.27055   2.31525   0.48814  
 61  5.7972  13345.744502  x:  0.01105   0.00672   0.03687   0.20543   0.06624   0.09839   0.24999   0.29914   0.17076   0.05135   0.03643   0.01127   0.25147   0.32677   0.25075   0.02855   0.17832   0.00550   0.00519   0.08449   0.04686   0.09586   0.06416   0.07295   0.05460   0.00440   0.03774   0.00945   0.03543   0.03191   0.00000   0.00909   0.01535   0.16391   0.07343   0.01582   0.16082   0.18105   0.12982   0.11122   0.09232   0.02795   0.28646   0.01842   0.02866   0.01756   0.04534   0.00902   0.03961   0.19028   0.05174   0.17121   0.01764   0.03217   0.26897   2.32244   0.49058  
 62  6.1312  13345.477596  x:  0.01095   0.00665   0.03692   0.20758   0.06611   0.09859   0.24730   0.30314   0.17275   0.05126   0.03648   0.01202   0.25007   0.32721   0.25509   0.02876   0.18304   0.00546   0.00472   0.08428   0.04697   0.09613   0.06419   0.07291   0.05456   0.00396   0.03784   0.00943   0.03533   0.03195   0.00000   0.00895   0.01391   0.16427   0.07364   0.01593   0.16022   0.17925   0.12766   0.11086   0.09230   0.02869   0.28126   0.01791   0.02881   0.01770   0.04535   0.00919   0.03960   0.18563   0.05083   0.17908   0.01778   0.03258   0.27232   2.32488   0.49258  
 63 24.7742  13345.475328  x:  0.01095   0.00665   0.03695   0.20747   0.06611   0.09859   0.24719   0.30327   0.17275   0.05127   0.03650   0.01203   0.24953   0.32702   0.25471   0.02879   0.18258   0.00545   0.00472   0.08427   0.04696   0.09615   0.06419   0.07292   0.05455   0.00395   0.03787   0.00943   0.03535   0.03197   0.00000   0.00895   0.01389   0.16436   0.07356   0.01594   0.16001   0.17973   0.12754   0.11082   0.09230   0.02879   0.28121   0.01791   0.02882   0.01771   0.04537   0.00919   0.03960   0.18470   0.05081   0.17885   0.01779   0.03258   0.27276   2.32486   0.49242  
 64  2.6203  13345.472537  x:  0.01095   0.00665   0.03695   0.20734   0.06611   0.09859   0.24723   0.30357   0.17283   0.05126   0.03648   0.01203   0.24861   0.32673   0.25387   0.02877   0.18293   0.00546   0.00473   0.08427   0.04695   0.09613   0.06419   0.07292   0.05455   0.00395   0.03785   0.00943   0.03533   0.03195   0.00000   0.00895   0.01389   0.16426   0.07363   0.01591   0.16044   0.17957   0.12757   0.11085   0.09231   0.02873   0.28126   0.01790   0.02881   0.01770   0.04535   0.00919   0.03960   0.18521   0.05079   0.17881   0.01779   0.03258   0.27366   2.32473   0.49261  
 65  0.5279  13345.387628  x:  0.01092   0.00674   0.03708   0.20660   0.06611   0.09856   0.24689   0.30375   0.16984   0.05132   0.03644   0.01163   0.24762   0.32581   0.25262   0.02884   0.18148   0.00549   0.00507   0.08415   0.04686   0.09613   0.06418   0.07295   0.05453   0.00383   0.03781   0.00953   0.03533   0.03189   0.00000   0.00889   0.01378   0.16474   0.07358   0.01628   0.15518   0.17799   0.12675   0.11041   0.09213   0.02848   0.28027   0.01780   0.02884   0.01770   0.04531   0.00928   0.03948   0.18750   0.05035   0.18113   0.01785   0.03247   0.27428   2.31923   0.49315  
 66  0.4690  13345.004732  x:  0.01036   0.00714   0.03745   0.20398   0.06611   0.09830   0.24573   0.30240   0.17262   0.05159   0.03600   0.00976   0.25047   0.32402   0.25353   0.02888   0.18256   0.00562   0.00660   0.08385   0.04651   0.09620   0.06411   0.07320   0.05438   0.00334   0.03739   0.00999   0.03522   0.03142   0.00000   0.00859   0.01342   0.16378   0.07381   0.01550   0.16092   0.17918   0.12202   0.10973   0.09221   0.02856   0.27610   0.01732   0.02886   0.01758   0.04496   0.00967   0.03898   0.18445   0.04918   0.17976   0.01812   0.03208   0.27135   2.29374   0.49740  
 67 12.1956  13345.001427  x:  0.01036   0.00715   0.03746   0.20397   0.06611   0.09831   0.24571   0.30239   0.17221   0.05159   0.03601   0.00975   0.25053   0.32402   0.25357   0.02887   0.18380   0.00561   0.00660   0.08383   0.04652   0.09621   0.06411   0.07319   0.05438   0.00334   0.03739   0.00999   0.03522   0.03142   0.00000   0.00859   0.01341   0.16386   0.07381   0.01553   0.16041   0.17926   0.12198   0.10970   0.09218   0.02858   0.27608   0.01731   0.02886   0.01758   0.04496   0.00968   0.03897   0.18418   0.04921   0.17890   0.01813   0.03207   0.27133   2.29352   0.49740  
 68  3.8914  13344.831618  x:  0.01010   0.00761   0.03701   0.20459   0.06609   0.09843   0.24484   0.30217   0.17155   0.05157   0.03561   0.00822   0.24887   0.32338   0.25387   0.02834   0.18272   0.00591   0.00557   0.08411   0.04656   0.09618   0.06434   0.07300   0.05466   0.00271   0.03690   0.01032   0.03498   0.03078   0.00000   0.00861   0.01374   0.16453   0.07290   0.01526   0.15964   0.17915   0.12322   0.10980   0.09193   0.02847   0.27666   0.01795   0.02835   0.01710   0.04478   0.00997   0.03891   0.18444   0.04951   0.17867   0.01749   0.03148   0.27046   2.27357   0.49719  
 69  0.0242  13344.709958  x:  0.01024   0.00791   0.03686   0.20560   0.06596   0.09838   0.24601   0.30195   0.17179   0.05140   0.03576   0.00972   0.24870   0.32478   0.25508   0.02797   0.18312   0.00614   0.00599   0.08444   0.04686   0.09602   0.06440   0.07294   0.05471   0.00232   0.03698   0.01037   0.03488   0.03073   0.00000   0.00868   0.01350   0.16426   0.07179   0.01529   0.15986   0.17953   0.12621   0.11009   0.09201   0.02881   0.27662   0.01879   0.02809   0.01697   0.04500   0.01055   0.03940   0.18424   0.04999   0.17878   0.01689   0.03184   0.27209   2.25791   0.49475  
 70  0.0181  13344.643336  x:  0.01036   0.00776   0.03717   0.20552   0.06613   0.09849   0.24647   0.30226   0.17206   0.05155   0.03593   0.00925   0.24948   0.32530   0.25449   0.02840   0.18334   0.00623   0.00604   0.08432   0.04668   0.09606   0.06422   0.07293   0.05457   0.00195   0.03722   0.01009   0.03518   0.03117   0.00000   0.00867   0.01392   0.16420   0.07281   0.01555   0.16007   0.17973   0.12663   0.11044   0.09234   0.02846   0.27794   0.01892   0.02831   0.01718   0.04495   0.01138   0.03923   0.18437   0.05001   0.17885   0.01775   0.03176   0.27215   2.26799   0.49351  
 71  0.0052  13344.610281  x:  0.01040   0.00771   0.03705   0.20536   0.06607   0.09844   0.24587   0.30238   0.17205   0.05148   0.03580   0.00956   0.24923   0.32462   0.25454   0.02835   0.18331   0.00632   0.00605   0.08428   0.04673   0.09604   0.06425   0.07303   0.05458   0.00221   0.03707   0.01014   0.03507   0.03106   0.00000   0.00868   0.01481   0.16421   0.07243   0.01544   0.15998   0.17945   0.12572   0.11026   0.09218   0.02864   0.27725   0.01898   0.02827   0.01723   0.04489   0.01189   0.03923   0.18426   0.05039   0.17879   0.01749   0.03187   0.27169   2.27459   0.49484  
 72  0.0044  13344.594348  x:  0.01043   0.00773   0.03698   0.20514   0.06600   0.09841   0.24571   0.30215   0.17177   0.05145   0.03577   0.00962   0.24914   0.32439   0.25436   0.02821   0.18302   0.00641   0.00590   0.08431   0.04675   0.09607   0.06434   0.07299   0.05465   0.00211   0.03701   0.01020   0.03499   0.03095   0.00000   0.00865   0.01425   0.16436   0.07227   0.01539   0.15992   0.17944   0.12494   0.11005   0.09207   0.02867   0.27704   0.01875   0.02823   0.01714   0.04486   0.01245   0.03929   0.18447   0.05042   0.17864   0.01728   0.03179   0.27142   2.27417   0.49547  
 73  0.0011  13344.587122  x:  0.01040   0.00777   0.03705   0.20533   0.06603   0.09843   0.24591   0.30222   0.17187   0.05147   0.03580   0.00946   0.24919   0.32479   0.25455   0.02822   0.18318   0.00643   0.00594   0.08433   0.04671   0.09606   0.06428   0.07295   0.05463   0.00230   0.03706   0.01021   0.03499   0.03096   0.00000   0.00872   0.01410   0.16433   0.07248   0.01539   0.16000   0.17959   0.12562   0.11017   0.09218   0.02863   0.27722   0.01873   0.02817   0.01713   0.04487   0.01271   0.03933   0.18430   0.05027   0.17881   0.01746   0.03174   0.27176   2.27098   0.49477  
 74  0.0022  13344.586106  x:  0.01035   0.00770   0.03704   0.20535   0.06605   0.09843   0.24589   0.30220   0.17191   0.05147   0.03580   0.00948   0.24913   0.32469   0.25458   0.02826   0.18315   0.00640   0.00590   0.08431   0.04673   0.09607   0.06429   0.07298   0.05461   0.00230   0.03707   0.01018   0.03502   0.03098   0.00000   0.00871   0.01417   0.16427   0.07245   0.01541   0.15995   0.17954   0.12565   0.11021   0.09216   0.02863   0.27719   0.01864   0.02819   0.01712   0.04487   0.01273   0.03930   0.18429   0.04996   0.17878   0.01739   0.03180   0.27172   2.26972   0.49471  
 75  0.0010  13344.585954  x:  0.01038   0.00768   0.03704   0.20528   0.06605   0.09843   0.24590   0.30217   0.17189   0.05147   0.03579   0.00949   0.24917   0.32463   0.25451   0.02825   0.18313   0.00638   0.00589   0.08431   0.04672   0.09607   0.06429   0.07298   0.05462   0.00230   0.03705   0.01018   0.03502   0.03098   0.00000   0.00873   0.01414   0.16427   0.07243   0.01541   0.15996   0.17954   0.12563   0.11020   0.09215   0.02863   0.27715   0.01868   0.02820   0.01716   0.04486   0.01273   0.03930   0.18433   0.04989   0.17876   0.01742   0.03180   0.27168   2.26970   0.49477  
 76  0.0001  13344.585871  x:  0.01037   0.00766   0.03705   0.20529   0.06605   0.09843   0.24588   0.30217   0.17189   0.05147   0.03580   0.00949   0.24916   0.32466   0.25453   0.02825   0.18314   0.00635   0.00590   0.08431   0.04672   0.09607   0.06429   0.07297   0.05462   0.00230   0.03705   0.01018   0.03501   0.03097   0.00000   0.00874   0.01415   0.16429   0.07246   0.01541   0.15997   0.17956   0.12569   0.11019   0.09216   0.02863   0.27714   0.01871   0.02819   0.01713   0.04487   0.01274   0.03931   0.18429   0.04989   0.17877   0.01741   0.03179   0.27169   2.26986   0.49484  
 77  0.0001  13344.585812  x:  0.01037   0.00767   0.03704   0.20530   0.06605   0.09843   0.24587   0.30219   0.17189   0.05147   0.03579   0.00949   0.24914   0.32464   0.25454   0.02825   0.18312   0.00633   0.00590   0.08431   0.04672   0.09607   0.06429   0.07298   0.05461   0.00230   0.03705   0.01018   0.03501   0.03097   0.00000   0.00875   0.01415   0.16428   0.07246   0.01540   0.15994   0.17955   0.12566   0.11020   0.09215   0.02863   0.27717   0.01868   0.02818   0.01715   0.04486   0.01275   0.03931   0.18431   0.04995   0.17876   0.01741   0.03179   0.27167   2.26969   0.49480  
 78  0.0001  13344.585804  x:  0.01038   0.00768   0.03704   0.20528   0.06605   0.09843   0.24588   0.30217   0.17189   0.05147   0.03579   0.00949   0.24916   0.32465   0.25453   0.02825   0.18313   0.00632   0.00590   0.08431   0.04672   0.09607   0.06429   0.07298   0.05462   0.00230   0.03705   0.01018   0.03501   0.03097   0.00000   0.00874   0.01415   0.16428   0.07246   0.01541   0.15996   0.17955   0.12566   0.11019   0.09215   0.02863   0.27714   0.01868   0.02819   0.01714   0.04486   0.01274   0.03931   0.18431   0.04996   0.17876   0.01741   0.03179   0.27168   2.26963   0.49479  
 79  0.0001  13344.585802  x:  0.01037   0.00768   0.03704   0.20529   0.06605   0.09843   0.24588   0.30217   0.17189   0.05147   0.03579   0.00949   0.24916   0.32465   0.25453   0.02825   0.18313   0.00632   0.00590   0.08431   0.04672   0.09607   0.06429   0.07298   0.05462   0.00230   0.03705   0.01018   0.03501   0.03097   0.00000   0.00873   0.01415   0.16428   0.07246   0.01541   0.15996   0.17955   0.12566   0.11019   0.09216   0.02863   0.27715   0.01869   0.02819   0.01714   0.04486   0.01274   0.03931   0.18431   0.04996   0.17876   0.01741   0.03179   0.27168   2.26961   0.49480  
 80  0.0000  13344.585801  x:  0.01037   0.00768   0.03704   0.20529   0.06605   0.09843   0.24588   0.30217   0.17189   0.05147   0.03579   0.00949   0.24915   0.32465   0.25453   0.02825   0.18313   0.00632   0.00590   0.08431   0.04672   0.09607   0.06429   0.07298   0.05462   0.00230   0.03705   0.01018   0.03501   0.03097   0.00000   0.00873   0.01415   0.16428   0.07246   0.01541   0.15995   0.17955   0.12566   0.11019   0.09215   0.02863   0.27715   0.01869   0.02819   0.01714   0.04486   0.01275   0.03931   0.18431   0.04996   0.17876   0.01741   0.03179   0.27168   2.26964   0.49480  
 81  0.0000  13344.585801  x:  0.01037   0.00768   0.03704   0.20529   0.06605   0.09843   0.24588   0.30217   0.17189   0.05147   0.03579   0.00949   0.24915   0.32465   0.25453   0.02825   0.18313   0.00632   0.00590   0.08431   0.04672   0.09607   0.06429   0.07298   0.05462   0.00230   0.03705   0.01018   0.03501   0.03097   0.00000   0.00873   0.01415   0.16428   0.07246   0.01541   0.15995   0.17955   0.12566   0.11019   0.09215   0.02863   0.27715   0.01869   0.02819   0.01714   0.04486   0.01275   0.03931   0.18431   0.04996   0.17876   0.01741   0.03179   0.27168   2.26963   0.49480  
 82  0.0000  13344.585801  x:  0.01037   0.00768   0.03704   0.20529   0.06605   0.09843   0.24588   0.30217   0.17189   0.05147   0.03579   0.00949   0.24915   0.32465   0.25453   0.02825   0.18313   0.00632   0.00590   0.08431   0.04672   0.09607   0.06429   0.07298   0.05462   0.00230   0.03705   0.01018   0.03501   0.03097   0.00000   0.00873   0.01415   0.16428   0.07246   0.01541   0.15995   0.17955   0.12566   0.11019   0.09215   0.02863   0.27715   0.01869   0.02819   0.01714   0.04486   0.01275   0.03931   0.18431   0.04996   0.17876   0.01741   0.03179   0.27168   2.26963   0.49480  
 83  0.0000  13344.585801  x:  0.01037   0.00768   0.03704   0.20529   0.06605   0.09843   0.24588   0.30217   0.17189   0.05147   0.03579   0.00949   0.24915   0.32465   0.25453   0.02825   0.18313   0.00632   0.00590   0.08431   0.04672   0.09607   0.06429   0.07298   0.05462   0.00230   0.03705   0.01018   0.03501   0.03097   0.00000   0.00873   0.01415   0.16428   0.07246   0.01541   0.15995   0.17955   0.12566   0.11019   0.09215   0.02863   0.27715   0.01869   0.02819   0.01714   0.04486   0.01275   0.03931   0.18431   0.04996   0.17876   0.01741   0.03179   0.27168   2.26963   0.49480  