

TREE # 1

  0  0.0000  39745.165589  x:  0.05862   0.03451   0.03462   0.02890   0.07153   0.06624   0.05160   0.05597   0.01282   0.09280   0.02473   0.08058   0.07446   0.80520   0.91349  
  1 99.0000  32602.795920  x:  0.21763   0.09957   0.31847   0.12329   0.10896   0.12367   0.09380   0.07905   0.43857   0.28385   1.15981   0.10538   0.10714   0.83915   0.89092  
  2 63694.6327  31975.349194  x:  0.24012   0.00000   0.32806   0.08915   0.13843   0.14887   0.12527   0.09993   0.34555   0.40561   1.17959   0.09653   0.10277   1.00434   0.73779  
  3 2632.5133  31210.254526  x:  0.24982   0.12394   0.35080   0.11361   0.12793   0.17686   0.06301   0.03277   0.17324   0.56027   1.20710   0.11060   0.12131   1.34873   0.29414  
  4 4901.6033  31136.014087  x:  0.24681   0.14916   0.35327   0.12077   0.12249   0.17431   0.07663   0.06628   0.15870   0.56639   1.20845   0.11147   0.12340   1.39218   0.22696  
  5 5253.6263  31109.308063  x:  0.24010   0.15686   0.35845   0.12323   0.12219   0.14852   0.11638   0.04712   0.17690   0.53363   1.20540   0.10018   0.12009   1.46761   0.22539  
  6 624.8821  31063.263712  x:  0.23095   0.16266   0.37263   0.12260   0.12379   0.11181   0.09531   0.06747   0.20823   0.45716   1.20313   0.09030   0.12531   1.65054   0.26228  
  7 1227.9775  31055.104174  x:  0.23362   0.15323   0.37217   0.11922   0.11731   0.14087   0.09513   0.06585   0.21994   0.41957   1.20330   0.10076   0.12880   1.68406   0.25878  
  8 437.1158  31053.576806  x:  0.24183   0.14706   0.36663   0.12424   0.12107   0.14103   0.09124   0.06507   0.22044   0.40538   1.20580   0.09858   0.12127   1.68781   0.25323  
  9 177.3669  31052.823302  x:  0.25520   0.14570   0.36032   0.12474   0.11831   0.13742   0.09203   0.06476   0.21508   0.39765   1.20892   0.10431   0.12182   1.69031   0.25330  
 10 113.3227  31052.662012  x:  0.26057   0.14818   0.35979   0.12344   0.11899   0.13928   0.09303   0.06516   0.21286   0.39643   1.20923   0.10262   0.12035   1.69130   0.25479  
 11 56.8381  31052.624802  x:  0.26251   0.14834   0.36100   0.12239   0.12044   0.13896   0.09291   0.06511   0.21339   0.39581   1.20857   0.10211   0.12194   1.69103   0.25419  
 12 15.0151  31052.582782  x:  0.26416   0.14771   0.36296   0.12229   0.11881   0.13861   0.09257   0.06506   0.21376   0.39553   1.20791   0.10068   0.12259   1.69080   0.25369  
 13 13.1079  31052.479732  x:  0.26572   0.14698   0.36631   0.12583   0.11883   0.13908   0.09301   0.06510   0.21286   0.39548   1.20690   0.10070   0.12352   1.69095   0.25418  
 14 14.1014  31050.218064  x:  0.26465   0.14291   0.38819   0.11940   0.12061   0.13505   0.09324   0.06492   0.20484   0.39079   1.20678   0.11346   0.10892   1.69179   0.25353  
 15 10.0596  30961.604952  x:  0.29727   0.00000   0.36828   0.11696   0.12539   0.15899   0.09388   0.07674   0.27376   0.48808   1.18325   0.15089   0.06754   1.83414   0.25545  
 16 27.2174  30961.604952  x:  0.29727   0.00000   0.36828   0.11696   0.12539   0.15899   0.09388   0.07674   0.27376   0.48808   1.18325   0.15089   0.06754   1.83414   0.25545  
 17 219.7738  30942.848650  x:  0.29467   0.02693   0.37057   0.10638   0.13243   0.16431   0.11636   0.09524   0.26419   0.49097   1.19777   0.13869   0.08857   1.84100   0.26094  
 18 845.6562  30922.685200  x:  0.28206   0.01034   0.37327   0.08829   0.14552   0.16432   0.12635   0.09393   0.22794   0.49750   1.24031   0.09623   0.12010   1.86249   0.25984  
 19 613.3478  30913.643109  x:  0.27250   0.02442   0.37685   0.09978   0.14640   0.16681   0.11184   0.08089   0.21587   0.50431   1.28056   0.07552   0.13307   1.88437   0.25749  
 20 539.2746  30900.150203  x:  0.25163   0.01822   0.38161   0.11489   0.12561   0.16460   0.10042   0.09746   0.21553   0.51961   1.38141   0.08691   0.14852   1.94275   0.25406  
 21 481.7111  30883.910719  x:  0.23140   0.01776   0.38440   0.10569   0.12274   0.16412   0.11899   0.08940   0.24147   0.53811   1.51927   0.08875   0.11550   2.02920   0.24749  
 22 784.3462  30880.896264  x:  0.23327   0.01765   0.38270   0.10113   0.14027   0.16540   0.11655   0.08534   0.24464   0.53914   1.54578   0.10103   0.11490   2.05082   0.24849  
 23 404.2832  30879.841214  x:  0.24352   0.01918   0.37858   0.09825   0.14318   0.16711   0.11121   0.09109   0.24027   0.53372   1.55184   0.10106   0.10901   2.06710   0.24452  
 24 126.5174  30878.145074  x:  0.26831   0.01940   0.37166   0.10012   0.13847   0.16843   0.11464   0.08719   0.23186   0.51693   1.55771   0.10398   0.10729   2.10412   0.24975  
 25 184.6571  30877.530857  x:  0.27382   0.01893   0.37300   0.10201   0.13868   0.16632   0.11702   0.08607   0.23479   0.50822   1.55578   0.10327   0.11087   2.12265   0.24377  
 26 134.3186  30876.880391  x:  0.27607   0.01753   0.37863   0.10133   0.13956   0.16448   0.11438   0.08810   0.24204   0.49872   1.55062   0.09872   0.11360   2.14685   0.24795  
 27 152.7147  30876.440311  x:  0.27074   0.01847   0.38228   0.09721   0.13726   0.16787   0.11320   0.08641   0.24023   0.50060   1.54086   0.10074   0.11366   2.16999   0.24856  
 28 69.9064  30875.848951  x:  0.26243   0.01798   0.38492   0.10108   0.13934   0.16997   0.11526   0.08755   0.23585   0.50724   1.52585   0.10167   0.11048   2.20335   0.25119  
 29 228.7078  30875.562590  x:  0.26018   0.01903   0.38046   0.10019   0.13911   0.16398   0.11475   0.08742   0.23617   0.51518   1.51780   0.10114   0.11117   2.22033   0.25289  
 30 92.8269  30875.520537  x:  0.26060   0.01838   0.37832   0.10041   0.13902   0.16596   0.11467   0.08748   0.23787   0.51746   1.51648   0.10028   0.11222   2.22299   0.25297  
 31 25.6984  30875.517503  x:  0.25984   0.01844   0.37744   0.10041   0.13903   0.16603   0.11465   0.08748   0.23785   0.51680   1.51659   0.10027   0.11222   2.22309   0.25305  
 32  0.4032  30874.554642  x:  0.25542   0.01607   0.37963   0.10043   0.13871   0.16584   0.11261   0.08819   0.23123   0.52130   1.55985   0.09354   0.12030   2.24978   0.25092  
 33  0.5070  30874.534965  x:  0.25506   0.01688   0.37981   0.10069   0.13835   0.16589   0.11288   0.08787   0.23196   0.52155   1.56436   0.09347   0.12003   2.25468   0.25066  
 34  0.0061  30874.534794  x:  0.25509   0.01687   0.37983   0.10068   0.13837   0.16593   0.11294   0.08796   0.23190   0.52155   1.56463   0.09347   0.12007   2.25509   0.25066  
 35  0.0005  30874.534793  x:  0.25509   0.01688   0.37983   0.10067   0.13837   0.16592   0.11294   0.08796   0.23191   0.52155   1.56462   0.09347   0.12008   2.25508   0.25067  
 36  0.0000  30874.534793  x:  0.25509   0.01688   0.37983   0.10067   0.13837   0.16593   0.11294   0.08796   0.23191   0.52155   1.56461   0.09347   0.12008   2.25508   0.25067  
 37  0.0000  30874.534793  x:  0.25509   0.01688   0.37983   0.10067   0.13837   0.16593   0.11294   0.08796   0.23191   0.52155   1.56461   0.09347   0.12008   2.25508   0.25067  
 38  0.0000  30874.534793  x:  0.25509   0.01688   0.37983   0.10067   0.13837   0.16593   0.11294   0.08796   0.23191   0.52155   1.56461   0.09347   0.12008   2.25508   0.25067  