

TREE # 1

  0  0.0000  40139.949629  x:  0.08839   0.03198   0.02048   0.05553   0.01146   0.01807   0.01219   0.01900   0.04166   0.01859   0.07813   0.10833   0.03919   0.04961   0.09749   0.09199   0.03894   0.08926   0.06632   0.06571   0.05307   0.04053   0.07851   0.03838   0.09406   0.09299   0.10158   0.88737   0.90250  
  1 99.0000  35977.052103  x:  0.10510   0.40160   0.26517   0.19705   0.23134   0.02997   0.47931   0.06112   0.04701   0.21056   0.11152   0.10774   0.07644   0.05011   0.06735   0.06013   0.18209   0.17226   0.04330   0.03948   0.11828   0.11900   0.06494   0.07564   0.06517   0.06713   0.18193   0.91974   0.88204  
  2 40015.1939  35442.937697  x:  0.10401   0.41111   0.25955   0.21598   0.21862   0.00000   0.46751   0.04743   0.03458   0.20458   0.12371   0.10321   0.08363   0.04612   0.03180   0.02171   0.19124   0.20675   0.01053   0.00876   0.13232   0.12699   0.05143   0.08166   0.03092   0.03801   0.22107   0.95604   0.85433  
  3 5181.5835  35311.993987  x:  0.10321   0.41742   0.25590   0.22516   0.21093   0.02567   0.45969   0.04786   0.03326   0.20088   0.12757   0.10091   0.08456   0.04651   0.01459   0.00165   0.19654   0.21968   0.00317   0.01377   0.13654   0.13000   0.05039   0.08297   0.01573   0.02820   0.23428   0.98046   0.83376  
  4 5779.4496  35265.109828  x:  0.10280   0.42088   0.25415   0.22984   0.20709   0.03515   0.45580   0.04776   0.03252   0.19908   0.12946   0.09979   0.08500   0.04672   0.00774   0.00700   0.19927   0.22609   0.00000   0.01553   0.13860   0.13149   0.04988   0.08359   0.00955   0.02405   0.24081   0.99314   0.82293  
  5 9611.4041  34935.388483  x:  0.09497   0.49694   0.22366   0.31930   0.13602   0.11616   0.38241   0.03613   0.01680   0.16734   0.16105   0.08091   0.09123   0.05025   0.07555   0.02826   0.25217   0.33971   0.05218   0.02355   0.17219   0.15723   0.04325   0.09349   0.03592   0.00000   0.35583   1.25061   0.59449  
  6 6003.8959  34844.522266  x:  0.09187   0.52722   0.21150   0.35508   0.10765   0.14766   0.35315   0.03121   0.01034   0.15468   0.17383   0.07338   0.09388   0.05153   0.10011   0.03625   0.27327   0.38544   0.07113   0.02592   0.18581   0.16758   0.04027   0.09761   0.04471   0.00426   0.40224   1.35320   0.50355  
  7 328857.5470  34683.377097  x:  0.10036   0.56815   0.21208   0.36105   0.10949   0.14111   0.32180   0.04100   0.07639   0.16564   0.15492   0.10396   0.07920   0.04727   0.09882   0.03471   0.27672   0.37333   0.06562   0.00339   0.16156   0.14947   0.05175   0.08403   0.04213   0.00427   0.38471   1.48719   0.35372  
  8 2604.6767  34626.555470  x:  0.10440   0.59424   0.21780   0.35245   0.12202   0.11628   0.30735   0.02693   0.05258   0.17079   0.14219   0.10440   0.08353   0.05092   0.09116   0.03102   0.27009   0.34891   0.05711   0.04240   0.14943   0.14173   0.05372   0.08339   0.03933   0.00400   0.35803   1.56838   0.29487  
  9 2057.8138  34548.461864  x:  0.10434   0.63665   0.22368   0.33161   0.13147   0.11431   0.28429   0.04843   0.00723   0.17497   0.13421   0.09604   0.08352   0.05082   0.08142   0.02929   0.25991   0.30724   0.05099   0.01843   0.13968   0.13670   0.04958   0.08465   0.04532   0.00363   0.31064   1.71033   0.30229  
 10 1399.4728  34482.434541  x:  0.09796   0.68918   0.22757   0.30214   0.13834   0.09372   0.25492   0.04346   0.03502   0.17720   0.13945   0.07600   0.09481   0.05465   0.07144   0.02611   0.24932   0.26431   0.04317   0.03269   0.14799   0.14381   0.04658   0.09648   0.05009   0.00349   0.26388   1.91240   0.36203  
 11 2314.9801  34469.138544  x:  0.09507   0.69006   0.22703   0.29144   0.13857   0.08958   0.26267   0.03503   0.03272   0.17568   0.14147   0.10132   0.08102   0.04749   0.07043   0.02565   0.24337   0.26156   0.04423   0.03968   0.14687   0.14131   0.05671   0.08596   0.04833   0.00358   0.26648   1.96083   0.38109  
 12 788.5959  34463.317623  x:  0.09525   0.67211   0.22567   0.28078   0.13927   0.08551   0.28262   0.04372   0.03359   0.17347   0.13489   0.10282   0.08339   0.05810   0.07109   0.02542   0.23576   0.26480   0.04645   0.04386   0.14047   0.13507   0.05520   0.07912   0.04480   0.00370   0.27476   1.99009   0.38732  
 13 379.0613  34458.847692  x:  0.09775   0.64539   0.22589   0.27294   0.14202   0.08626   0.30518   0.04166   0.03432   0.17384   0.13110   0.09565   0.08213   0.04717   0.07121   0.02566   0.23019   0.26461   0.04897   0.04316   0.13801   0.13324   0.05385   0.08541   0.04336   0.00370   0.27682   2.01511   0.38783  
 14 416.3995  34456.488132  x:  0.09953   0.62282   0.22778   0.27316   0.14479   0.08857   0.31806   0.03479   0.03367   0.17710   0.13592   0.09652   0.08405   0.05245   0.06977   0.02581   0.23096   0.26163   0.04919   0.03920   0.14234   0.13761   0.05408   0.08615   0.04572   0.00367   0.27173   2.02988   0.38632  
 15 312.6233  34455.804981  x:  0.09880   0.61319   0.22996   0.27775   0.14584   0.08670   0.32011   0.03944   0.03347   0.17900   0.13802   0.09700   0.08370   0.05058   0.06920   0.02562   0.23501   0.26130   0.04801   0.04135   0.14430   0.13953   0.05415   0.08409   0.04685   0.00366   0.26885   2.03483   0.38664  
 16 147.7011  34455.558481  x:  0.09764   0.60933   0.23263   0.28197   0.14622   0.08656   0.31971   0.03873   0.03333   0.18001   0.13584   0.09705   0.08296   0.05137   0.06972   0.02557   0.23847   0.26127   0.04717   0.04150   0.14208   0.13770   0.05485   0.08523   0.04663   0.00366   0.26835   2.03686   0.38815  
 17 69.4721  34455.482732  x:  0.09737   0.60863   0.23455   0.28240   0.14631   0.08710   0.31921   0.03804   0.03340   0.18003   0.13532   0.09731   0.08427   0.05060   0.07043   0.02562   0.23850   0.26082   0.04663   0.04135   0.14192   0.13735   0.05372   0.08392   0.04641   0.00367   0.26878   2.03716   0.38837  
 18 20.8531  34455.098887  x:  0.09623   0.60655   0.24361   0.28106   0.14677   0.08783   0.31659   0.03917   0.03339   0.17944   0.13578   0.09763   0.08377   0.05114   0.07385   0.02566   0.23557   0.25934   0.04353   0.04130   0.14379   0.13809   0.05476   0.08533   0.04467   0.00370   0.27160   2.03762   0.38792  
 19 26.6292  34453.849201  x:  0.09209   0.60565   0.25001   0.27736   0.14819   0.08859   0.31516   0.03764   0.03373   0.17934   0.13892   0.09341   0.07869   0.05205   0.07413   0.02547   0.23355   0.26499   0.03707   0.04130   0.13995   0.13905   0.05382   0.08211   0.04928   0.00364   0.27068   2.03818   0.38743  
 20 26.7620  34448.160137  x:  0.08617   0.60382   0.25528   0.26800   0.15231   0.08879   0.31231   0.03940   0.03303   0.17848   0.14170   0.09961   0.09177   0.04905   0.07372   0.02480   0.23280   0.28293   0.02297   0.04096   0.13410   0.13785   0.06125   0.08882   0.05909   0.00348   0.26441   2.04070   0.38749  
 21 87.3298  34405.286696  x:  0.10087   0.60066   0.25268   0.25671   0.16720   0.08000   0.30524   0.03965   0.03191   0.17607   0.12118   0.10643   0.08462   0.05132   0.07335   0.02149   0.24046   0.30554   0.00000   0.04040   0.15578   0.13397   0.04955   0.09245   0.06022   0.00348   0.25482   2.05280   0.39095  
 22 120.6435  34214.182327  x:  0.09112   0.58824   0.28861   0.24029   0.20376   0.03107   0.27140   0.03717   0.02939   0.18109   0.13843   0.09722   0.08997   0.04999   0.00734   0.01307   0.24424   0.33810   0.00000   0.02606   0.14539   0.13723   0.05709   0.08269   0.01701   0.00418   0.24878   2.08146   0.39456  
 23 690.7007  34208.787786  x:  0.09038   0.58784   0.28510   0.24011   0.20598   0.02822   0.27103   0.03728   0.02897   0.18280   0.14063   0.09749   0.08952   0.05012   0.01100   0.01219   0.24463   0.33946   0.00000   0.02556   0.14390   0.13822   0.05536   0.08291   0.01007   0.00428   0.24671   2.08455   0.39517  
 24 570.8443  34168.884391  x:  0.08945   0.58524   0.24999   0.25384   0.21429   0.00000   0.27255   0.04380   0.02726   0.19721   0.14661   0.10838   0.08481   0.05169   0.00979   0.00223   0.23566   0.31873   0.00000   0.02601   0.13715   0.14172   0.03275   0.09750   0.01190   0.00416   0.26575   2.11650   0.40145  
 25 590.9363  34168.884391  x:  0.08945   0.58524   0.24999   0.25384   0.21429   0.00000   0.27255   0.04380   0.02726   0.19721   0.14661   0.10838   0.08481   0.05169   0.00979   0.00223   0.23566   0.31873   0.00000   0.02601   0.13715   0.14172   0.03275   0.09750   0.01190   0.00416   0.26575   2.11650   0.40145  
 26 363.5185  34128.865379  x:  0.08959   0.58445   0.24912   0.25439   0.21275   0.00240   0.27174   0.04330   0.02689   0.19636   0.14677   0.10782   0.08508   0.05120   0.01076   0.01008   0.23549   0.31908   0.00188   0.02330   0.13786   0.14172   0.03370   0.09737   0.01283   0.02197   0.26749   2.11677   0.40140  
 27 7581.3022  34107.762991  x:  0.09002   0.58190   0.24632   0.25615   0.20775   0.00251   0.26900   0.04134   0.02563   0.19362   0.14728   0.10610   0.08592   0.04969   0.01183   0.00558   0.23495   0.32016   0.00000   0.01471   0.14011   0.14173   0.03622   0.09681   0.01237   0.02460   0.27300   2.11766   0.40126  
 28 1804.7324  34087.277481  x:  0.09086   0.57705   0.24107   0.25944   0.19843   0.00367   0.26390   0.03831   0.02385   0.18857   0.14823   0.10302   0.08739   0.04724   0.01212   0.00415   0.23397   0.32222   0.00691   0.00157   0.14418   0.14184   0.04003   0.09576   0.01172   0.02415   0.28307   2.11935   0.40102  
 29 5646.0594  34055.020779  x:  0.09291   0.56539   0.22861   0.26714   0.17620   0.00107   0.25167   0.03209   0.02082   0.17685   0.15041   0.09629   0.09055   0.04252   0.01182   0.01197   0.23178   0.32707   0.00464   0.00000   0.15388   0.14276   0.04637   0.09315   0.01145   0.02051   0.30628   2.12346   0.40064  
 30 2707.2292  34022.305474  x:  0.09662   0.54488   0.20701   0.28043   0.13791   0.00720   0.23076   0.02439   0.01795   0.15702   0.15413   0.08538   0.09566   0.03584   0.01135   0.00950   0.22816   0.33550   0.00901   0.01028   0.17006   0.14457   0.05569   0.08885   0.01190   0.02023   0.34581   2.13077   0.40016  
 31 10019.4747  34005.199250  x:  0.10016   0.53001   0.19427   0.28820   0.11702   0.00214   0.21908   0.03741   0.03019   0.14901   0.15589   0.08572   0.09593   0.04459   0.00855   0.00781   0.22703   0.34072   0.01014   0.01020   0.17401   0.14497   0.04697   0.08724   0.01488   0.02155   0.36555   2.13658   0.40116  
 32 1643.4387  34002.350656  x:  0.10146   0.52553   0.19146   0.29004   0.11361   0.00438   0.21689   0.03913   0.03139   0.14812   0.15615   0.08726   0.09508   0.04652   0.01305   0.00865   0.22682   0.34185   0.00959   0.00981   0.17346   0.14487   0.04297   0.08749   0.01298   0.02084   0.36933   2.13854   0.40178  
 33 1154.0666  33998.791082  x:  0.10441   0.51613   0.18746   0.29306   0.11166   0.00616   0.21447   0.03705   0.02830   0.14855   0.15622   0.09188   0.09210   0.04760   0.01009   0.00872   0.22652   0.34344   0.00892   0.00937   0.16987   0.14438   0.03531   0.08941   0.00984   0.02105   0.37382   2.14304   0.40351  
 34 700.1154  33996.404633  x:  0.10715   0.50689   0.18424   0.29568   0.11138   0.00539   0.21280   0.03474   0.02528   0.14961   0.15609   0.09592   0.08941   0.04776   0.01096   0.00826   0.22633   0.34477   0.00935   0.00943   0.16598   0.14390   0.03104   0.09168   0.01389   0.02112   0.37719   2.14769   0.40526  
 35 1093.6499  33993.431179  x:  0.11108   0.49064   0.18040   0.29927   0.11398   0.00236   0.21163   0.03501   0.02553   0.15265   0.15541   0.10019   0.08661   0.04713   0.01222   0.00772   0.22650   0.34666   0.01053   0.01050   0.15937   0.14317   0.03553   0.09582   0.01194   0.02168   0.38077   2.15668   0.40824  
 36 596.2483  33991.818998  x:  0.11318   0.47955   0.17845   0.30131   0.11612   0.00517   0.21149   0.03614   0.02692   0.15471   0.15486   0.10160   0.08585   0.04666   0.01097   0.00859   0.22673   0.34776   0.00931   0.01004   0.15560   0.14275   0.03891   0.09763   0.01318   0.02092   0.38252   2.16329   0.41013  
 37 1102.7368  33988.522311  x:  0.11332   0.45049   0.17900   0.30295   0.12230   0.00457   0.21506   0.03590   0.02795   0.15782   0.15287   0.09319   0.09329   0.04513   0.01123   0.00840   0.22741   0.34891   0.00943   0.01009   0.15415   0.14294   0.03610   0.09115   0.01288   0.02111   0.38146   2.18562   0.41352  
 38 356.9438  33986.650745  x:  0.10891   0.43453   0.18416   0.29985   0.11920   0.00471   0.21817   0.03670   0.02438   0.15602   0.15370   0.09361   0.08941   0.05020   0.01113   0.00842   0.22741   0.34781   0.00940   0.00996   0.16105   0.14368   0.03793   0.09159   0.01293   0.02106   0.37588   2.20968   0.41418  
 39 235.5433  33985.526859  x:  0.10717   0.42880   0.18741   0.29744   0.11635   0.00453   0.21860   0.03568   0.02804   0.15423   0.15480   0.09571   0.08695   0.04496   0.01121   0.00835   0.22747   0.34672   0.00940   0.00977   0.16405   0.14381   0.03675   0.09300   0.01291   0.02113   0.37212   2.22947   0.41448  
 40 313.0813  33981.993729  x:  0.11227   0.43309   0.19116   0.29257   0.11184   0.00473   0.21141   0.03359   0.02841   0.14773   0.15721   0.10058   0.09885   0.04643   0.01113   0.00837   0.22631   0.34305   0.00936   0.00978   0.15906   0.14222   0.03772   0.09642   0.01298   0.02111   0.36540   2.31948   0.41717  
 41 263.9516  33977.683319  x:  0.11477   0.44654   0.18718   0.29278   0.11443   0.00464   0.20645   0.04052   0.02326   0.14763   0.15606   0.09407   0.09072   0.04330   0.01115   0.00842   0.22544   0.34153   0.00922   0.00977   0.15570   0.14234   0.03761   0.09147   0.01290   0.02106   0.36589   2.43103   0.42188  
 42 744.4742  33975.759769  x:  0.11274   0.45417   0.18326   0.29534   0.11732   0.00464   0.20844   0.03447   0.02792   0.15162   0.15481   0.09214   0.08686   0.04765   0.01115   0.00835   0.22598   0.34232   0.00929   0.00976   0.15761   0.14315   0.03769   0.09033   0.01291   0.02111   0.36944   2.48193   0.42454  
 43 800.8599  33975.017784  x:  0.10914   0.45790   0.18149   0.29847   0.11831   0.00446   0.21427   0.03615   0.02681   0.15532   0.15430   0.09509   0.09002   0.04643   0.01116   0.00836   0.22688   0.34457   0.00930   0.00979   0.16108   0.14374   0.03704   0.09267   0.01291   0.02109   0.37367   2.50219   0.42569  
 44 253.8857  33974.951576  x:  0.10961   0.45839   0.18370   0.29951   0.11758   0.00442   0.21653   0.03608   0.02686   0.15472   0.15430   0.09499   0.08973   0.04651   0.01116   0.00837   0.22735   0.34605   0.00931   0.00985   0.15995   0.14316   0.03707   0.09237   0.01292   0.02108   0.37500   2.50406   0.42512  
 45 34.8719  33974.948402  x:  0.10936   0.45840   0.18404   0.29961   0.11788   0.00442   0.21620   0.03609   0.02687   0.15461   0.15439   0.09492   0.08972   0.04654   0.01116   0.00837   0.22738   0.34656   0.00930   0.00984   0.15992   0.14342   0.03701   0.09257   0.01292   0.02108   0.37513   2.50416   0.42483  
 46  6.2106  33974.947342  x:  0.10929   0.45840   0.18408   0.29956   0.11789   0.00443   0.21605   0.03608   0.02686   0.15472   0.15438   0.09508   0.08973   0.04653   0.01116   0.00837   0.22737   0.34687   0.00930   0.00985   0.15994   0.14331   0.03705   0.09235   0.01292   0.02108   0.37510   2.50418   0.42475  
 47  2.5509  33974.943956  x:  0.10942   0.45842   0.18394   0.29931   0.11769   0.00443   0.21602   0.03606   0.02684   0.15495   0.15422   0.09484   0.08974   0.04652   0.01116   0.00836   0.22734   0.34756   0.00929   0.00984   0.16000   0.14306   0.03702   0.09260   0.01292   0.02108   0.37483   2.50421   0.42477  
 48  1.9570  33974.922440  x:  0.11006   0.45847   0.18317   0.29883   0.11770   0.00443   0.21665   0.03600   0.02685   0.15431   0.15447   0.09504   0.08973   0.04649   0.01116   0.00834   0.22726   0.34895   0.00926   0.00979   0.16009   0.14417   0.03713   0.09228   0.01292   0.02110   0.37420   2.50435   0.42526  
 49  2.8228  33974.443123  x:  0.10684   0.45781   0.18002   0.29973   0.11985   0.00445   0.21801   0.03572   0.02694   0.14907   0.15721   0.09459   0.08968   0.04638   0.01116   0.00794   0.22711   0.35049   0.00863   0.00944   0.15946   0.13980   0.03742   0.09254   0.01284   0.02135   0.37316   2.50754   0.42616  
 50  3.2522  33970.868316  x:  0.10846   0.45341   0.18421   0.30499   0.11770   0.00490   0.21590   0.03414   0.02568   0.15228   0.15629   0.09291   0.09110   0.04451   0.01108   0.00513   0.22695   0.34845   0.00438   0.00625   0.16299   0.14278   0.04023   0.09167   0.01242   0.02309   0.37492   2.53002   0.42670  
 51 33.0247  33970.745382  x:  0.10816   0.45294   0.18406   0.29971   0.11870   0.00490   0.21666   0.03416   0.02574   0.15171   0.15465   0.09328   0.09108   0.04451   0.01108   0.00503   0.22657   0.34795   0.00423   0.00618   0.16252   0.14282   0.04018   0.09177   0.01240   0.02315   0.37831   2.53094   0.42543  
 52 34.4975  33970.739839  x:  0.10834   0.45292   0.18418   0.29921   0.11880   0.00489   0.21667   0.03418   0.02572   0.15201   0.15551   0.09317   0.09107   0.04453   0.01108   0.00503   0.22666   0.34793   0.00422   0.00618   0.16259   0.14272   0.04015   0.09179   0.01240   0.02315   0.37868   2.53098   0.42556  
 53 10.1944  33970.739326  x:  0.10821   0.45294   0.18424   0.29915   0.11874   0.00489   0.21662   0.03418   0.02571   0.15202   0.15549   0.09316   0.09107   0.04453   0.01108   0.00503   0.22683   0.34795   0.00422   0.00618   0.16251   0.14275   0.04016   0.09178   0.01240   0.02315   0.37872   2.53097   0.42581  
 54  0.8250  33970.734143  x:  0.10858   0.45297   0.18451   0.29917   0.11909   0.00489   0.21646   0.03421   0.02573   0.15178   0.15524   0.09327   0.09105   0.04454   0.01108   0.00504   0.22706   0.34800   0.00421   0.00617   0.16298   0.14251   0.04013   0.09181   0.01240   0.02314   0.37886   2.53095   0.42628  
 55  0.5635  33970.289048  x:  0.10848   0.45328   0.18540   0.29905   0.11920   0.00452   0.21666   0.03471   0.02576   0.15316   0.15497   0.09356   0.09095   0.04483   0.01129   0.00603   0.22533   0.34731   0.00281   0.00566   0.16236   0.14321   0.04036   0.09186   0.01234   0.02267   0.37886   2.53056   0.42627  
 56  0.3777  33970.278960  x:  0.10872   0.45324   0.18503   0.29902   0.11919   0.00450   0.21667   0.03472   0.02570   0.15316   0.15499   0.09357   0.09095   0.04484   0.01130   0.00606   0.22680   0.34720   0.00278   0.00564   0.16242   0.14323   0.04037   0.09186   0.01234   0.02266   0.37869   2.53058   0.42550  
 57 11.1434  33970.152131  x:  0.10912   0.45452   0.18522   0.29930   0.11896   0.00378   0.21648   0.03507   0.02571   0.15431   0.15451   0.09403   0.09071   0.04524   0.01160   0.00626   0.22697   0.34659   0.00354   0.00553   0.16214   0.14381   0.04019   0.09197   0.01228   0.02223   0.37974   2.52486   0.42496  
 58  0.0065  33970.120328  x:  0.10914   0.45490   0.18512   0.29977   0.11901   0.00358   0.21647   0.03509   0.02574   0.15425   0.15460   0.09403   0.09067   0.04525   0.01159   0.00608   0.22681   0.34680   0.00342   0.00508   0.16226   0.14375   0.04022   0.09196   0.01229   0.02197   0.37982   2.52266   0.42504  
 59  0.0020  33970.107078  x:  0.10895   0.45459   0.18501   0.29937   0.11910   0.00372   0.21661   0.03499   0.02577   0.15393   0.15470   0.09390   0.09074   0.04515   0.01144   0.00606   0.22687   0.34695   0.00349   0.00508   0.16229   0.14360   0.04023   0.09191   0.01232   0.02156   0.37972   2.52326   0.42504  
 60  0.0006  33970.103916  x:  0.10904   0.45456   0.18511   0.29951   0.11904   0.00368   0.21653   0.03503   0.02573   0.15409   0.15463   0.09396   0.09072   0.04519   0.01151   0.00603   0.22686   0.34681   0.00345   0.00518   0.16226   0.14369   0.04023   0.09193   0.01229   0.02140   0.37972   2.52407   0.42508  
 61  0.0006  33970.103834  x:  0.10904   0.45462   0.18510   0.29949   0.11905   0.00369   0.21654   0.03503   0.02575   0.15408   0.15464   0.09396   0.09072   0.04519   0.01151   0.00603   0.22686   0.34683   0.00343   0.00519   0.16226   0.14368   0.04022   0.09193   0.01231   0.02141   0.37970   2.52381   0.42506  
 62  0.0002  33970.103834  x:  0.10904   0.45462   0.18509   0.29949   0.11905   0.00369   0.21654   0.03503   0.02575   0.15408   0.15464   0.09396   0.09072   0.04519   0.01151   0.00603   0.22686   0.34683   0.00343   0.00519   0.16225   0.14368   0.04022   0.09193   0.01230   0.02141   0.37970   2.52376   0.42506  
 63  0.0000  33970.103834  x:  0.10904   0.45462   0.18509   0.29949   0.11905   0.00369   0.21654   0.03503   0.02575   0.15408   0.15464   0.09396   0.09072   0.04519   0.01151   0.00603   0.22686   0.34683   0.00343   0.00519   0.16225   0.14368   0.04022   0.09193   0.01230   0.02141   0.37970   2.52375   0.42506  
 64  0.0000  33970.103834  x:  0.10904   0.45462   0.18509   0.29949   0.11905   0.00369   0.21654   0.03503   0.02575   0.15408   0.15464   0.09396   0.09072   0.04519   0.01151   0.00603   0.22686   0.34683   0.00343   0.00519   0.16225   0.14368   0.04022   0.09193   0.01230   0.02141   0.37970   2.52375   0.42506  