

TREE # 1

  0  0.0000  11316.526146  x:  0.07854   0.05265   0.06213   0.04688   0.08946   0.06577   0.02121   0.04064   0.07196   0.06698   0.02352   0.08453   0.05587   0.02396   0.07613   0.03811   0.01340   1.19263   1.14765  
  1 99.0000  10088.669029  x:  0.16335   0.05240   0.19168   0.09194   0.08727   0.06431   0.24996   0.10680   0.05748   0.04834   0.25387   0.24843   0.12681   0.15652   0.61887   0.13193   0.19872   1.21284   1.12948  
  2 8244.7734   9986.705856  x:  0.16367   0.00000   0.21073   0.08737   0.07950   0.03178   0.20831   0.08429   0.04847   0.03711   0.22629   0.28081   0.11622   0.12386   0.68691   0.10047   0.14706   1.24825   1.09566  
  3 912.4234   9911.958320  x:  0.16342   0.05111   0.23814   0.08487   0.07598   0.03663   0.13071   0.07218   0.05703   0.05728   0.18545   0.32642   0.10665   0.07347   0.79052   0.05939   0.05414   1.31698   1.02755  
  4 1541.8964   9876.736779  x:  0.14373   0.05132   0.23695   0.08544   0.08638   0.05910   0.06959   0.09364   0.05501   0.04782   0.13133   0.33988   0.12037   0.06977   0.83581   0.11807   0.03727   1.39331   0.94354  
  5 671.4256   9839.166201  x:  0.10679   0.05289   0.21244   0.08121   0.08517   0.06252   0.11724   0.09920   0.06198   0.05546   0.07373   0.34016   0.12900   0.07650   0.85562   0.13169   0.01303   1.53540   0.77379  
  6 604.3376   9787.915731  x:  0.07240   0.06433   0.18049   0.07812   0.08049   0.04951   0.11736   0.08117   0.05802   0.05420   0.09101   0.33882   0.12283   0.06301   0.85583   0.12737   0.04563   1.75075   0.50784  
  7 1422.2266   9778.550798  x:  0.09024   0.05735   0.18693   0.08491   0.08705   0.05565   0.11473   0.09221   0.05766   0.04790   0.10933   0.33941   0.12932   0.08150   0.84332   0.12152   0.02835   1.80424   0.45354  
  8 564.3482   9774.925664  x:  0.11718   0.05125   0.20745   0.08386   0.08608   0.05860   0.11798   0.09736   0.06431   0.05966   0.10425   0.34083   0.12904   0.07446   0.83250   0.12254   0.03724   1.85003   0.44782  
  9 184.3782   9770.894406  x:  0.13164   0.05949   0.22243   0.08139   0.08317   0.05593   0.12532   0.09434   0.05137   0.04337   0.10374   0.33715   0.13285   0.06972   0.82336   0.12547   0.03875   1.92579   0.46935  
 10 190.7780   9764.253867  x:  0.13135   0.05866   0.22571   0.08557   0.08582   0.04120   0.12362   0.08686   0.06256   0.05229   0.12065   0.32567   0.14155   0.08276   0.81500   0.13053   0.03588   2.08404   0.53086  
 11 366.8956   9762.114695  x:  0.12720   0.05010   0.21782   0.08611   0.08644   0.05787   0.12397   0.09721   0.05913   0.05522   0.12766   0.32270   0.13223   0.08167   0.81578   0.12109   0.03846   2.13886   0.55434  
 12 248.0045   9761.927697  x:  0.12973   0.05084   0.21404   0.08638   0.08663   0.05727   0.12281   0.09922   0.06175   0.05231   0.12513   0.32379   0.12946   0.08480   0.81646   0.11768   0.04115   2.14364   0.55654  
 13 46.6072   9761.906350  x:  0.13087   0.05104   0.21268   0.08634   0.08679   0.05683   0.12253   0.09908   0.06022   0.05328   0.12460   0.32419   0.12912   0.08572   0.81661   0.11751   0.04139   2.14417   0.55678  
 14 14.7973   9761.888725  x:  0.13247   0.05089   0.21069   0.08612   0.08676   0.05723   0.12288   0.09819   0.06064   0.05311   0.12509   0.32456   0.12885   0.08487   0.81682   0.11860   0.04072   2.14446   0.55689  
 15  4.1838   9761.373511  x:  0.13559   0.04918   0.20642   0.09498   0.08307   0.05596   0.12169   0.10029   0.06002   0.05283   0.12470   0.31991   0.13707   0.07930   0.82034   0.11485   0.04181   2.15027   0.55670  
 16  1.3631   9757.609197  x:  0.14353   0.03867   0.20413   0.07448   0.08675   0.05528   0.11274   0.09712   0.05993   0.05117   0.12741   0.29840   0.15362   0.07387   0.84137   0.09704   0.04572   2.19060   0.55411  
 17 37.7712   9749.188578  x:  0.14487   0.02122   0.22083   0.08955   0.09555   0.04875   0.10248   0.07807   0.05582   0.04754   0.13354   0.28635   0.11814   0.07152   0.87220   0.08612   0.04503   2.28114   0.54860  
 18 141.8676   9746.198257  x:  0.14000   0.01628   0.22395   0.08456   0.07551   0.03971   0.09822   0.08653   0.05453   0.04811   0.14068   0.30472   0.10979   0.07024   0.87489   0.08595   0.04190   2.31397   0.54769  
 19 167.0929   9744.084517  x:  0.13057   0.01087   0.22506   0.08505   0.07992   0.04271   0.09683   0.08094   0.05423   0.04679   0.14245   0.34646   0.12097   0.06716   0.86892   0.07812   0.04619   2.33944   0.54874  
 20 116.8612   9744.043182  x:  0.13033   0.01100   0.22480   0.08488   0.08198   0.04128   0.09715   0.08260   0.05408   0.04677   0.14282   0.34737   0.12088   0.06588   0.86874   0.07819   0.04604   2.33992   0.54879  
 21 24.9978   9733.271398  x:  0.12441   0.01002   0.23260   0.08289   0.08086   0.02905   0.12156   0.07639   0.04890   0.03586   0.16163   0.37300   0.12244   0.08039   0.90247   0.11565   0.05605   2.39668   0.53186  
 22  0.0525   9720.277333  x:  0.12376   0.00000   0.23533   0.08781   0.08096   0.05147   0.12887   0.09690   0.05373   0.04779   0.17477   0.37093   0.12570   0.08690   1.02412   0.11829   0.06356   2.36617   0.53451  
 23  0.0605   9714.085893  x:  0.12082   0.02326   0.23952   0.09047   0.08043   0.05338   0.12673   0.09945   0.05532   0.04899   0.17522   0.39280   0.12921   0.08918   1.12501   0.10853   0.06778   2.34764   0.53216  
 24  0.1699   9707.933440  x:  0.12176   0.01472   0.24423   0.08760   0.08278   0.03579   0.11887   0.08671   0.05477   0.04239   0.17797   0.38838   0.12802   0.08252   1.24742   0.09316   0.06370   2.37193   0.51834  
 25  0.0954   9707.254187  x:  0.11340   0.00949   0.24269   0.08698   0.08193   0.04036   0.12503   0.08617   0.05269   0.04336   0.17794   0.39915   0.12613   0.07987   1.27100   0.10004   0.05959   2.39156   0.51989  
 26  0.0237   9707.164916  x:  0.11059   0.00932   0.24188   0.08760   0.08171   0.03924   0.12524   0.08837   0.05404   0.04353   0.17486   0.40162   0.12823   0.08156   1.27630   0.10050   0.05789   2.39755   0.52116  
 27  0.0079   9707.148668  x:  0.11035   0.01030   0.24173   0.08749   0.08199   0.03951   0.12512   0.08793   0.05372   0.04346   0.17276   0.40223   0.12769   0.08171   1.27636   0.10100   0.05697   2.40107   0.52111  
 28  0.0031   9707.147588  x:  0.11045   0.01020   0.24183   0.08740   0.08185   0.03940   0.12521   0.08778   0.05368   0.04341   0.17256   0.40181   0.12774   0.08142   1.27703   0.10126   0.05679   2.40253   0.52099  
 29  0.0016   9707.147519  x:  0.11055   0.01021   0.24187   0.08741   0.08186   0.03942   0.12524   0.08784   0.05370   0.04341   0.17255   0.40157   0.12773   0.08142   1.27696   0.10131   0.05682   2.40298   0.52106  
 30  0.0004   9707.147517  x:  0.11056   0.01021   0.24187   0.08741   0.08187   0.03941   0.12523   0.08784   0.05369   0.04342   0.17255   0.40156   0.12772   0.08143   1.27699   0.10130   0.05683   2.40309   0.52107  
 31  0.0001   9707.147517  x:  0.11056   0.01021   0.24187   0.08741   0.08187   0.03942   0.12523   0.08784   0.05370   0.04342   0.17255   0.40156   0.12772   0.08143   1.27700   0.10129   0.05683   2.40314   0.52107  
 32  0.0000   9707.147517  x:  0.11056   0.01021   0.24187   0.08741   0.08187   0.03942   0.12523   0.08784   0.05370   0.04342   0.17255   0.40156   0.12773   0.08143   1.27700   0.10129   0.05683   2.40314   0.52107  
 33  0.0000   9707.147517  x:  0.11056   0.01021   0.24187   0.08741   0.08187   0.03942   0.12523   0.08784   0.05370   0.04342   0.17255   0.40156   0.12772   0.08143   1.27700   0.10129   0.05683   2.40315   0.52107  
 34  0.0000   9707.147517  x:  0.11056   0.01021   0.24187   0.08741   0.08187   0.03942   0.12523   0.08784   0.05370   0.04342   0.17255   0.40156   0.12772   0.08143   1.27700   0.10129   0.05683   2.40315   0.52107  