

TREE # 1

  0  0.0000   3628.695700  x:  0.03106   0.07074   0.06433   0.06924   0.05419   1.17051   0.89389  
  1 99.0000   3604.796252  x:  0.04587   0.05445   0.04548   0.02860   0.02117   1.17368   0.89178  
  2 648.3991   3603.909325  x:  0.04232   0.05210   0.04405   0.02208   0.02503   1.17532   0.89078  
  3 206.6139   3603.711687  x:  0.03847   0.04997   0.04312   0.02269   0.02354   1.17891   0.88859  
  4 67.4270   3600.776243  x:  0.04380   0.03651   0.04129   0.02745   0.02809   1.29783   0.81598  
  5 71.6752   3580.404892  x:  0.04021   0.04988   0.04736   0.02362   0.02483   2.06997   0.34366  
  6 2323.5283   3580.342883  x:  0.04028   0.05079   0.04469   0.02413   0.02531   2.07347   0.34347  
  7 49.3136   3577.934020  x:  0.03936   0.05523   0.04454   0.02253   0.02394   2.37658   0.54823  
  8 26.6156   3573.954034  x:  0.03484   0.05817   0.05058   0.02638   0.02863   3.50743   0.46277  
  9  0.4080   3573.076066  x:  0.03982   0.05505   0.04630   0.02263   0.02450   3.78844   0.45912  
 10  0.3522   3572.823875  x:  0.03944   0.05171   0.04495   0.02422   0.02545   4.07475   0.49888  
 11  0.1622   3572.792493  x:  0.03877   0.05191   0.04602   0.02364   0.02535   4.21685   0.49507  
 12  0.0843   3572.789286  x:  0.03907   0.05229   0.04580   0.02384   0.02540   4.24670   0.49514  
 13  0.0240   3572.789230  x:  0.03904   0.05230   0.04576   0.02381   0.02538   4.25092   0.49560  
 14  0.0043   3572.789229  x:  0.03904   0.05230   0.04576   0.02381   0.02538   4.25130   0.49570  
 15  0.0004   3572.789229  x:  0.03904   0.05230   0.04576   0.02381   0.02538   4.25124   0.49571  
 16  0.0000   3572.789229  x:  0.03904   0.05230   0.04576   0.02381   0.02538   4.25124   0.49571  
 17  0.0000   3572.789229  x:  0.03904   0.05230   0.04576   0.02381   0.02538   4.25124   0.49571  