

TREE # 1

  0  0.0000  10143.003724  x:  0.06296   0.08602   0.07227   0.03272   0.03567   0.07200   0.01800   0.04271   0.09900   0.10416   0.02221   0.10277   0.09113   0.08945   0.09584   0.01095   0.10402   0.04417   0.09444   0.04572   0.06703   0.09538   0.09932   0.01450   0.05505   0.08217   0.05382   0.04797   0.10083   0.09285   0.02163   0.01404   0.06615   0.04884   0.10956   0.09948   0.10165   0.02138   0.07174   0.08306   0.09986   0.04176   0.08769   0.09826   0.02116   0.04123   0.08118   0.05927   0.04748   0.03144   0.02227   0.09860   0.09321   0.01127   0.02963   0.03969   0.07816   0.06116   0.06533   0.10309   0.04225   0.06068   0.08930   0.83812   0.98629  
  1 99.0000   9371.843047  x:  0.05324   0.07551   0.05575   0.01678   0.01791   0.05431   0.12640   0.05089   0.09955   0.08866   0.01855   0.08800   0.07789   0.07333   0.08000   0.00010   0.08674   0.02846   0.07842   0.02803   0.04980   0.08039   0.08292   0.00000   0.03949   0.06514   0.04004   0.03303   0.08751   0.07780   0.01269   0.24534   0.05547   0.03736   0.09499   0.08486   0.08445   0.00881   0.05771   0.06619   0.08259   0.02738   0.07488   0.08567   0.02293   0.03113   0.06601   0.04913   0.03642   0.01865   0.01939   0.08267   0.07938   0.00915   0.01649   0.02725   0.06612   0.04645   0.05194   0.09443   0.07091   0.07250   0.10282   0.85125   0.97854  
  2 9838.7308   9064.645687  x:  0.04381   0.06462   0.03928   0.00275   0.00000   0.03647   0.13615   0.04871   0.09488   0.07333   0.01750   0.07351   0.06527   0.05733   0.06496   0.06117   0.06955   0.01423   0.06319   0.01020   0.03256   0.06601   0.06686   0.00832   0.02514   0.04821   0.02701   0.01963   0.07439   0.06308   0.00960   0.25892   0.04225   0.02573   0.08053   0.07050   0.06719   0.00283   0.04445   0.04935   0.06525   0.01454   0.06283   0.07373   0.02361   0.02301   0.05124   0.04040   0.02899   0.00823   0.01929   0.06686   0.06617   0.01085   0.00649   0.01662   0.05493   0.03250   0.03946   0.08358   0.07979   0.07823   0.11347   0.86420   0.97083  
  3 5069.6384   8905.571178  x:  0.03932   0.05892   0.03027   0.00249   0.00000   0.02627   0.13692   0.04721   0.09220   0.06477   0.01776   0.06550   0.05854   0.04841   0.05631   0.06062   0.05969   0.00717   0.05439   0.00000   0.02286   0.05801   0.05775   0.00419   0.01727   0.03862   0.02119   0.01282   0.06722   0.05501   0.01044   0.25726   0.03508   0.02022   0.07254   0.06261   0.05742   0.01096   0.03761   0.03987   0.05539   0.00937   0.05651   0.06737   0.02376   0.02000   0.04322   0.03641   0.02638   0.00534   0.01992   0.05796   0.05917   0.01111   0.00575   0.01273   0.04922   0.02530   0.03320   0.07766   0.08286   0.08040   0.11825   0.87141   0.96654  
  4 8418.1788   8730.731046  x:  0.03413   0.05160   0.01812   0.00607   0.00000   0.01186   0.13728   0.04537   0.08875   0.05294   0.01831   0.05454   0.04975   0.03615   0.04447   0.05510   0.04584   0.00242   0.04227   0.00000   0.00951   0.04726   0.04519   0.00224   0.00787   0.02533   0.01526   0.00632   0.05756   0.04408   0.01089   0.25386   0.02579   0.01455   0.06167   0.05195   0.04359   0.00000   0.02881   0.02674   0.04155   0.00721   0.04839   0.05905   0.02389   0.01774   0.03259   0.03203   0.02446   0.00683   0.02082   0.04569   0.05002   0.01102   0.00750   0.01057   0.04206   0.01658   0.02576   0.06982   0.08627   0.08276   0.12391   0.88141   0.96060  
  5 21943.2064   8620.827866  x:  0.03145   0.04691   0.00968   0.01095   0.00000   0.00107   0.13833   0.04447   0.08661   0.04439   0.01870   0.04676   0.04396   0.02736   0.03612   0.05398   0.03560   0.00582   0.03365   0.00000   0.00000   0.03987   0.03617   0.00828   0.00307   0.01572   0.01340   0.00536   0.05084   0.03642   0.00964   0.25336   0.01984   0.01269   0.05400   0.04450   0.03332   0.00030   0.02336   0.01723   0.03129   0.01138   0.04319   0.05354   0.02392   0.01809   0.02543   0.03009   0.02481   0.01365   0.02128   0.03686   0.04397   0.01055   0.01066   0.01252   0.03768   0.01179   0.02174   0.06458   0.08831   0.08395   0.12714   0.88871   0.95629  
  6 20519.8280   8609.652128  x:  0.03118   0.04645   0.00884   0.01143   0.00000   0.00000   0.13843   0.04438   0.08640   0.04355   0.01874   0.04598   0.04338   0.02649   0.03529   0.05387   0.03459   0.00615   0.03280   0.00000   0.00001   0.03914   0.03528   0.00887   0.00259   0.01476   0.01321   0.00526   0.05017   0.03566   0.00952   0.25331   0.01925   0.01250   0.05324   0.04376   0.03230   0.00033   0.02282   0.01629   0.03028   0.01179   0.04268   0.05299   0.02393   0.01812   0.02472   0.02990   0.02484   0.01431   0.02132   0.03599   0.04337   0.01050   0.01097   0.01271   0.03725   0.01132   0.02134   0.06406   0.08851   0.08407   0.12747   0.88943   0.95586  
  7 64184.1774   8497.331072  x:  0.03041   0.04137   0.00056   0.00062   0.00000   0.00000   0.13952   0.04386   0.08388   0.02950   0.01941   0.03379   0.03665   0.01349   0.02262   0.04957   0.01595   0.00768   0.01957   0.00000   0.00001   0.02896   0.02028   0.01468   0.01150   0.00083   0.02729   0.00683   0.04042   0.02482   0.01176   0.25170   0.01497   0.01863   0.04128   0.03300   0.01359   0.00008   0.01950   0.00136   0.01172   0.01525   0.03731   0.04608   0.02382   0.02194   0.01685   0.03098   0.02882   0.01422   0.01997   0.02156   0.03565   0.01032   0.00448   0.01758   0.03312   0.01714   0.02173   0.05708   0.09005   0.08444   0.13038   0.90234   0.94825  
  8 6421.4260   8489.698439  x:  0.03038   0.04093   0.00132   0.00107   0.00000   0.00000   0.13966   0.04383   0.08366   0.02821   0.01946   0.03268   0.03608   0.01236   0.02148   0.04951   0.01419   0.00744   0.01838   0.00000   0.00001   0.02805   0.01892   0.01499   0.01241   0.00000   0.02866   0.00689   0.03954   0.02386   0.01197   0.25163   0.01467   0.01923   0.04019   0.03203   0.01184   0.00009   0.01923   0.00027   0.00998   0.01539   0.03686   0.04547   0.02381   0.02227   0.01621   0.03111   0.02918   0.01404   0.01983   0.02022   0.03497   0.01037   0.00381   0.01797   0.03278   0.01779   0.02184   0.05646   0.09019   0.08447   0.13063   0.90355   0.94753  
  9 15157.0816   8487.540488  x:  0.03037   0.04082   0.00146   0.00116   0.00000   0.00000   0.13969   0.04382   0.08360   0.02787   0.01948   0.03239   0.03593   0.01206   0.02119   0.04949   0.01374   0.00738   0.01807   0.00000   0.00001   0.02781   0.01856   0.01507   0.01263   0.00006   0.02900   0.00691   0.03932   0.02360   0.01203   0.25161   0.01459   0.01937   0.03991   0.03178   0.01138   0.00009   0.01916   0.00000   0.00953   0.01543   0.03674   0.04531   0.02380   0.02236   0.01603   0.03115   0.02927   0.01400   0.01979   0.01988   0.03479   0.01039   0.00365   0.01807   0.03269   0.01795   0.02186   0.05630   0.09022   0.08448   0.13070   0.90387   0.94734  
 10 61779.7488   8449.399412  x:  0.03013   0.03847   0.00362   0.00264   0.00000   0.00000   0.14041   0.04361   0.08242   0.02101   0.01977   0.02648   0.03282   0.00606   0.01514   0.04903   0.00448   0.00620   0.01180   0.00000   0.00001   0.02295   0.01136   0.01676   0.01699   0.00043   0.03579   0.00719   0.03465   0.01848   0.01303   0.25121   0.01289   0.02231   0.03410   0.02667   0.00227   0.00012   0.01762   0.00128   0.00038   0.01630   0.03433   0.04203   0.02376   0.02403   0.01256   0.03175   0.03108   0.01337   0.01909   0.01278   0.03113   0.01066   0.00060   0.02016   0.03083   0.02102   0.02227   0.05298   0.09099   0.08464   0.13208   0.91030   0.94354  
 11 41097.2433   8440.908425  x:  0.03016   0.03792   0.00417   0.00266   0.00000   0.00000   0.14065   0.04359   0.08213   0.01913   0.01984   0.02490   0.03208   0.00492   0.01361   0.04928   0.00196   0.00541   0.01027   0.00000   0.00001   0.02171   0.00954   0.01685   0.01832   0.00048   0.03777   0.00718   0.03343   0.01720   0.01326   0.25120   0.01266   0.02316   0.03253   0.02535   0.00000   0.00015   0.01730   0.00148   0.00044   0.01628   0.03378   0.04121   0.02375   0.02445   0.01187   0.03200   0.03157   0.01298   0.01888   0.01079   0.03021   0.01094   0.00260   0.02072   0.03043   0.02204   0.02253   0.05213   0.09118   0.08466   0.13241   0.91216   0.94243  
 12 7406.6732   8440.908425  x:  0.03016   0.03792   0.00417   0.00266   0.00000   0.00000   0.14065   0.04359   0.08213   0.01913   0.01984   0.02490   0.03208   0.00492   0.01361   0.04928   0.00196   0.00541   0.01027   0.00000   0.00001   0.02171   0.00954   0.01685   0.01832   0.00048   0.03777   0.00718   0.03343   0.01720   0.01326   0.25120   0.01266   0.02316   0.03253   0.02535   0.00000   0.00015   0.01730   0.00148   0.00044   0.01628   0.03378   0.04121   0.02375   0.02445   0.01187   0.03200   0.03157   0.01298   0.01888   0.01079   0.03021   0.01094   0.00260   0.02072   0.03043   0.02204   0.02253   0.05213   0.09118   0.08466   0.13241   0.91216   0.94243  
 13 3779.8423   8428.191533  x:  0.03015   0.03790   0.00416   0.00270   0.00000   0.00000   0.14065   0.04358   0.08213   0.01910   0.01984   0.02488   0.03206   0.00494   0.01360   0.04922   0.00194   0.00541   0.01026   0.00000   0.00638   0.02169   0.00953   0.01681   0.01827   0.00060   0.03773   0.00715   0.03340   0.01718   0.01326   0.25121   0.01264   0.02314   0.03250   0.02532   0.00004   0.00252   0.01729   0.00161   0.00059   0.01625   0.03377   0.04119   0.02375   0.02444   0.01187   0.03199   0.03156   0.01296   0.01889   0.01075   0.03019   0.01096   0.00263   0.02070   0.03041   0.02200   0.02251   0.05211   0.09119   0.08467   0.13242   0.91220   0.94241  
 14 74498.6101   8408.711359  x:  0.02885   0.03594   0.00318   0.00711   0.00000   0.00000   0.14158   0.04310   0.08113   0.01513   0.02005   0.02153   0.02992   0.00792   0.01110   0.04277   0.00058   0.00458   0.00863   0.00000   0.00212   0.01879   0.00769   0.01230   0.01271   0.01179   0.03344   0.00420   0.03062   0.01483   0.01279   0.25186   0.01128   0.01980   0.02879   0.02248   0.00282   0.01394   0.01608   0.01551   0.01275   0.01259   0.03187   0.03884   0.02382   0.02235   0.01092   0.03049   0.03003   0.01019   0.01968   0.00636   0.02761   0.01255   0.00682   0.01871   0.02861   0.01810   0.02030   0.04970   0.09243   0.08542   0.13425   0.91686   0.93958  
 15 2813.7972   8390.743450  x:  0.02779   0.03431   0.00301   0.00704   0.00000   0.00000   0.14241   0.04270   0.08026   0.01191   0.02024   0.01878   0.02817   0.00853   0.00936   0.03695   0.00725   0.00455   0.00777   0.00000   0.00142   0.01675   0.00613   0.00892   0.00761   0.01209   0.02977   0.00287   0.02833   0.01311   0.01253   0.25246   0.01040   0.01710   0.02567   0.02019   0.00000   0.01590   0.01524   0.01692   0.01292   0.00986   0.03032   0.03687   0.02388   0.02072   0.01037   0.02930   0.02895   0.00813   0.02048   0.00344   0.02554   0.01312   0.00693   0.01703   0.02706   0.01493   0.01862   0.04763   0.09351   0.08606   0.13585   0.92109   0.93701  
 16 2565.3224   8369.468329  x:  0.02640   0.03206   0.00324   0.00617   0.00000   0.00000   0.14363   0.04212   0.07900   0.00779   0.02050   0.01514   0.02583   0.00868   0.00767   0.02818   0.00394   0.00458   0.00722   0.00000   0.00135   0.01438   0.00475   0.00533   0.00038   0.01062   0.02461   0.00321   0.02525   0.01115   0.01234   0.25336   0.00953   0.01358   0.02133   0.01720   0.00000   0.01617   0.01431   0.01679   0.01098   0.00687   0.02827   0.03414   0.02395   0.01866   0.00990   0.02772   0.02766   0.00585   0.02164   0.00181   0.02284   0.01358   0.00619   0.01491   0.02493   0.01085   0.01657   0.04466   0.09508   0.08699   0.13820   0.92751   0.93309  
 17 3842.1456   8356.754589  x:  0.02474   0.02929   0.00329   0.00534   0.00000   0.00000   0.14518   0.04140   0.07740   0.00326   0.02083   0.01087   0.02300   0.00885   0.00608   0.01689   0.00104   0.00461   0.00672   0.00000   0.00125   0.01178   0.00360   0.00249   0.00388   0.00897   0.01829   0.00273   0.02155   0.00904   0.01215   0.25453   0.00865   0.00949   0.01605   0.01369   0.00000   0.01654   0.01328   0.01669   0.00858   0.00406   0.02579   0.03079   0.02404   0.01624   0.00944   0.02581   0.02617   0.00357   0.02305   0.00211   0.01962   0.01411   0.00549   0.01249   0.02235   0.00628   0.01424   0.04094   0.09709   0.08817   0.14119   0.93584   0.92800  
 18 4680.4822   8345.810740  x:  0.02336   0.02669   0.00305   0.00561   0.00000   0.00000   0.14686   0.04069   0.07569   0.00400   0.02118   0.00816   0.02057   0.00899   0.00664   0.00458   0.00114   0.00456   0.00693   0.00000   0.00106   0.01048   0.00543   0.00744   0.00381   0.00818   0.01234   0.00448   0.01867   0.00838   0.01215   0.25587   0.00853   0.00716   0.01160   0.01125   0.00000   0.01712   0.01275   0.01741   0.00688   0.00640   0.02365   0.02766   0.02412   0.01450   0.00939   0.02415   0.02509   0.00448   0.02436   0.00451   0.01709   0.01442   0.00580   0.01097   0.02014   0.00526   0.01284   0.03712   0.09927   0.08942   0.14443   0.94540   0.92212  
 19 2682.6208   8342.379617  x:  0.02309   0.02591   0.00314   0.00580   0.00000   0.00000   0.14762   0.04041   0.07495   0.00520   0.02130   0.00876   0.02005   0.00899   0.00710   0.00153   0.00094   0.00457   0.00718   0.00000   0.00118   0.01086   0.00526   0.00635   0.00393   0.00780   0.01130   0.00369   0.01813   0.00894   0.01223   0.25650   0.00889   0.00799   0.01116   0.01137   0.00000   0.01677   0.01286   0.01754   0.00612   0.00653   0.02315   0.02674   0.02414   0.01442   0.00957   0.02376   0.02498   0.00493   0.02469   0.00377   0.01673   0.01427   0.00619   0.01104   0.01964   0.00702   0.01299   0.03567   0.10021   0.08993   0.14587   0.94999   0.91927  
 20 1344.9786   8329.885473  x:  0.02142   0.02129   0.00327   0.00652   0.00000   0.00000   0.15209   0.03871   0.07058   0.00870   0.02198   0.01010   0.01694   0.00883   0.00907   0.00500   0.00053   0.00458   0.00828   0.00000   0.00170   0.01210   0.00563   0.00387   0.00436   0.00556   0.00521   0.00291   0.01457   0.01094   0.01258   0.26024   0.01052   0.01015   0.00808   0.01125   0.00000   0.01538   0.01325   0.01817   0.00160   0.00791   0.02013   0.02131   0.02427   0.01359   0.01036   0.02137   0.02419   0.00675   0.02674   0.00267   0.01436   0.01359   0.00772   0.01097   0.01657   0.01113   0.01324   0.02719   0.10577   0.09294   0.15436   0.97735   0.90227  
 21 2184.1605   8312.655570  x:  0.02033   0.01663   0.00343   0.00613   0.00000   0.00000   0.15880   0.03629   0.06424   0.00917   0.02262   0.01168   0.01488   0.00791   0.00996   0.00526   0.00180   0.00465   0.00893   0.00000   0.00262   0.01357   0.00577   0.00054   0.00488   0.00223   0.01063   0.01039   0.01173   0.01247   0.01292   0.26598   0.01258   0.01183   0.00980   0.01265   0.00000   0.01278   0.01398   0.01758   0.00043   0.00719   0.01756   0.01609   0.02440   0.01382   0.01113   0.01930   0.02406   0.00689   0.02908   0.00493   0.01337   0.01226   0.00814   0.01175   0.01387   0.01203   0.01411   0.01690   0.11385   0.09712   0.16695   1.01997   0.87557  
 22 3721.5512   8306.355290  x:  0.02013   0.01532   0.00357   0.00534   0.00000   0.00000   0.16157   0.03534   0.06170   0.00889   0.02282   0.01235   0.01451   0.00738   0.00991   0.00543   0.00191   0.00477   0.00900   0.00000   0.00331   0.01404   0.00524   0.00169   0.00515   0.00035   0.01131   0.01154   0.01118   0.01291   0.01301   0.26839   0.01339   0.01251   0.01060   0.01330   0.00000   0.01079   0.01423   0.01567   0.00299   0.00613   0.01688   0.01473   0.02445   0.01404   0.01134   0.01875   0.02412   0.00647   0.02991   0.00406   0.01329   0.01166   0.00776   0.01203   0.01321   0.01231   0.01446   0.01373   0.11715   0.09878   0.17214   1.03802   0.86420  
 23 9049.1229   8293.647760  x:  0.02012   0.01325   0.00383   0.00267   0.00000   0.00000   0.16851   0.03306   0.05550   0.00781   0.02318   0.01360   0.01447   0.00591   0.00942   0.00551   0.00224   0.00514   0.00894   0.00000   0.00541   0.01476   0.00458   0.00449   0.00568   0.00540   0.01203   0.01352   0.01099   0.01353   0.01316   0.27449   0.01536   0.01363   0.01273   0.01484   0.00000   0.00472   0.01477   0.00835   0.00495   0.00405   0.01595   0.01291   0.02454   0.01479   0.01167   0.01795   0.02448   0.00531   0.03177   0.00166   0.01368   0.01017   0.00589   0.01268   0.01242   0.01212   0.01527   0.00831   0.12532   0.10280   0.18508   1.08404   0.83512  
 24 13714.8345   8267.052708  x:  0.02110   0.01398   0.00354   0.00398   0.00000   0.00000   0.17613   0.03089   0.04924   0.00666   0.02330   0.01402   0.01593   0.00603   0.00822   0.00525   0.00241   0.00511   0.00826   0.00000   0.00618   0.01490   0.00433   0.00453   0.00533   0.00529   0.01113   0.01214   0.01297   0.01324   0.01309   0.28140   0.01743   0.01377   0.01434   0.01600   0.00000   0.00251   0.01500   0.00079   0.00477   0.00560   0.01652   0.01468   0.02459   0.01566   0.01150   0.01830   0.02517   0.00446   0.03326   0.00302   0.01492   0.00965   0.00457   0.01320   0.01335   0.01078   0.01579   0.01198   0.13413   0.10690   0.19926   1.13697   0.80136  
 25 8404.5749   8255.423938  x:  0.02195   0.01515   0.00368   0.00238   0.00000   0.00000   0.18013   0.02990   0.04624   0.00581   0.02324   0.01413   0.01722   0.00545   0.00758   0.00498   0.00244   0.00532   0.00802   0.00000   0.00688   0.01494   0.00428   0.00596   0.00533   0.00440   0.01058   0.01112   0.01459   0.01293   0.01306   0.28511   0.01834   0.01365   0.01544   0.01666   0.00000   0.00056   0.01513   0.00229   0.00256   0.00553   0.01739   0.01641   0.02459   0.01630   0.01138   0.01895   0.02575   0.00408   0.03380   0.00229   0.01599   0.00929   0.00282   0.01348   0.01437   0.00976   0.01612   0.01416   0.13867   0.10891   0.20669   1.16584   0.78281  
 26 12619.2907   8247.745921  x:  0.02257   0.01598   0.00391   0.00071   0.00000   0.00000   0.18289   0.02925   0.04423   0.00524   0.02320   0.01430   0.01816   0.00481   0.00722   0.00478   0.00230   0.00554   0.00794   0.00000   0.00661   0.01505   0.00422   0.00734   0.00538   0.00365   0.01032   0.01048   0.01574   0.01278   0.01306   0.28768   0.01894   0.01366   0.01634   0.01721   0.00000   0.00134   0.01526   0.00261   0.00054   0.00509   0.01805   0.01758   0.02459   0.01681   0.01134   0.01946   0.02621   0.00384   0.03414   0.00136   0.01681   0.00896   0.00143   0.01372   0.01513   0.00917   0.01642   0.01520   0.14178   0.11026   0.21179   1.18590   0.76991  
 27 44521.1837   8246.490669  x:  0.02270   0.01617   0.00405   0.00114   0.00000   0.00000   0.18331   0.02919   0.04399   0.00512   0.02317   0.01429   0.01834   0.00461   0.00720   0.00475   0.00227   0.00562   0.00798   0.00000   0.00659   0.01505   0.00422   0.00764   0.00538   0.00355   0.01030   0.01038   0.01594   0.01273   0.01307   0.28809   0.01897   0.01362   0.01648   0.01727   0.00000   0.00139   0.01528   0.00267   0.00017   0.00479   0.01821   0.01779   0.02459   0.01690   0.01134   0.01959   0.02630   0.00384   0.03414   0.00119   0.01696   0.00893   0.00145   0.01375   0.01530   0.00904   0.01646   0.01514   0.14225   0.11044   0.21258   1.18923   0.76774  
 28 9101.0651   8231.236946  x:  0.02446   0.01911   0.00653   0.00207   0.00000   0.00000   0.18857   0.02882   0.04192   0.00513   0.02275   0.01346   0.02039   0.00091   0.00847   0.00454   0.00268   0.00711   0.00961   0.00000   0.00640   0.01520   0.00619   0.00661   0.00506   0.00336   0.00854   0.00973   0.01820   0.01238   0.01337   0.29338   0.01898   0.01251   0.01636   0.01734   0.00000   0.00192   0.01559   0.00335   0.00060   0.00238   0.02059   0.02056   0.02450   0.01774   0.01164   0.02166   0.02753   0.00582   0.03393   0.00278   0.01862   0.00868   0.00196   0.01396   0.01758   0.00781   0.01693   0.01379   0.14785   0.11237   0.22227   1.23287   0.73905  
 29 9047.0432   8212.034425  x:  0.02729   0.02374   0.01027   0.00264   0.00000   0.00000   0.19686   0.02853   0.03931   0.00490   0.02201   0.01195   0.02362   0.00522   0.01064   0.00428   0.00290   0.00932   0.01218   0.00000   0.00622   0.01528   0.00897   0.00536   0.00484   0.00293   0.00702   0.00896   0.02156   0.01169   0.01383   0.30187   0.01850   0.01049   0.01621   0.01726   0.00000   0.00245   0.01604   0.00403   0.00094   0.00055   0.02446   0.02474   0.02434   0.01902   0.01207   0.02510   0.02954   0.00841   0.03321   0.00349   0.02122   0.00861   0.00377   0.01422   0.02119   0.00581   0.01757   0.01045   0.15656   0.11516   0.23754   1.30376   0.69222  
 30 28484.2676   8195.767051  x:  0.03053   0.02894   0.01474   0.00383   0.00000   0.00000   0.20650   0.02827   0.03654   0.00330   0.02111   0.01012   0.02732   0.00805   0.01249   0.00391   0.00282   0.01188   0.01491   0.00000   0.00597   0.01514   0.01092   0.00349   0.00491   0.00240   0.00625   0.00772   0.02524   0.01061   0.01432   0.31179   0.01762   0.00800   0.01638   0.01712   0.00000   0.00316   0.01647   0.00494   0.00157   0.00414   0.02892   0.02931   0.02414   0.02045   0.01247   0.02908   0.03183   0.01027   0.03222   0.00203   0.02420   0.00854   0.00568   0.01439   0.02530   0.00316   0.01820   0.00556   0.16665   0.11830   0.25531   1.38706   0.63711  
 31 93919.6288   8161.030399  x:  0.03219   0.03093   0.01620   0.00546   0.00000   0.00000   0.21805   0.02922   0.03736   0.00406   0.02041   0.00679   0.02795   0.00928   0.01211   0.00534   0.00215   0.01145   0.01527   0.00000   0.00563   0.01259   0.00904   0.00478   0.00558   0.00338   0.01207   0.00931   0.02485   0.00863   0.01423   0.32451   0.01535   0.00522   0.01329   0.01394   0.00000   0.00414   0.01566   0.00660   0.00228   0.00501   0.03131   0.02983   0.02395   0.01955   0.01179   0.03156   0.03325   0.00742   0.02970   0.00000   0.02417   0.01124   0.00771   0.01254   0.02654   0.01215   0.01680   0.01224   0.17822   0.12080   0.27683   1.49936   0.56154  
 32 10499.6487   8139.888223  x:  0.03412   0.03302   0.01801   0.00706   0.00000   0.00000   0.23163   0.03036   0.03847   0.00391   0.01958   0.00367   0.02877   0.01103   0.01082   0.00696   0.00150   0.01093   0.01527   0.00000   0.00520   0.00962   0.00466   0.00717   0.00554   0.00489   0.01879   0.00880   0.02439   0.00636   0.01405   0.33950   0.01250   0.00281   0.01041   0.01060   0.00000   0.00541   0.01469   0.00899   0.00282   0.00613   0.03409   0.03019   0.02373   0.01863   0.01089   0.03445   0.03490   0.00258   0.02657   0.00137   0.02429   0.01420   0.00968   0.01044   0.02798   0.02332   0.01524   0.01859   0.19178   0.12365   0.30214   1.63204   0.47219  
 33 336795.6909   8111.589572  x:  0.03374   0.03316   0.01257   0.00993   0.00000   0.00000   0.24332   0.03224   0.04467   0.00275   0.01990   0.01486   0.02686   0.01268   0.00548   0.00698   0.00066   0.00534   0.01008   0.00000   0.00469   0.00735   0.00412   0.00941   0.00559   0.00658   0.02340   0.00908   0.02140   0.00767   0.01283   0.35383   0.00833   0.01841   0.00835   0.00737   0.00000   0.00688   0.01244   0.01169   0.00372   0.00676   0.03429   0.03001   0.02372   0.01531   0.00864   0.03487   0.03458   0.00510   0.02291   0.00163   0.02127   0.01702   0.00932   0.00853   0.02685   0.01795   0.01162   0.02781   0.20245   0.12364   0.32447   1.77092   0.37719  
 34 10873.3251   8097.023167  x:  0.03215   0.03144   0.00630   0.01121   0.00000   0.00000   0.24534   0.03281   0.04918   0.00720   0.02044   0.01426   0.02503   0.01278   0.00601   0.00665   0.00006   0.00294   0.00672   0.00000   0.00453   0.01145   0.00436   0.00952   0.00531   0.00698   0.02417   0.00647   0.02003   0.00962   0.01241   0.35757   0.00809   0.01739   0.01214   0.01226   0.00000   0.00734   0.01254   0.01258   0.00405   0.00668   0.03259   0.02927   0.02390   0.01478   0.00893   0.03326   0.03335   0.00348   0.02208   0.00157   0.01996   0.01674   0.00808   0.01019   0.02492   0.01226   0.01226   0.03073   0.20349   0.12157   0.32890   1.81685   0.34562  
 35 5119.2758   8090.337211  x:  0.03068   0.02950   0.00268   0.01315   0.00000   0.00000   0.24523   0.03331   0.05416   0.00433   0.02099   0.01461   0.02376   0.01356   0.00828   0.00606   0.00049   0.00375   0.00779   0.00000   0.00431   0.01540   0.00300   0.00936   0.00525   0.00760   0.02114   0.00844   0.01906   0.01258   0.01282   0.35935   0.01003   0.01719   0.01440   0.01583   0.00000   0.00798   0.01399   0.01366   0.00464   0.00686   0.03098   0.02867   0.02408   0.01570   0.01064   0.03160   0.03292   0.00214   0.02158   0.00156   0.01980   0.01541   0.00563   0.01278   0.02313   0.01041   0.01465   0.03441   0.20209   0.11843   0.32939   1.84802   0.32423  
 36 4605.2238   8086.054978  x:  0.02894   0.02703   0.00279   0.01366   0.00000   0.00000   0.24338   0.03326   0.05852   0.00185   0.02144   0.01412   0.02293   0.01396   0.00697   0.00593   0.00041   0.00602   0.00810   0.00000   0.00426   0.01554   0.00332   0.00949   0.00502   0.00780   0.02152   0.00672   0.01889   0.01245   0.01297   0.35949   0.01132   0.01527   0.01691   0.01660   0.00000   0.00810   0.01487   0.01390   0.00479   0.00695   0.02883   0.02767   0.02428   0.01702   0.01099   0.02941   0.03193   0.00727   0.02181   0.00158   0.02024   0.01414   0.00436   0.01425   0.02174   0.01037   0.01635   0.03598   0.19877   0.11454   0.32683   1.86803   0.31135  
 37 2176.2545   8079.355420  x:  0.02633   0.02360   0.00781   0.01382   0.00000   0.00000   0.23758   0.03271   0.06691   0.00568   0.02205   0.01550   0.02305   0.01419   0.00435   0.00590   0.00046   0.00808   0.01107   0.00000   0.00425   0.01205   0.00359   0.00910   0.00518   0.00769   0.02073   0.00638   0.02115   0.01046   0.01356   0.35816   0.01357   0.01377   0.01908   0.01378   0.00000   0.00812   0.01631   0.01394   0.00487   0.00699   0.02546   0.02720   0.02459   0.02000   0.01114   0.02576   0.03031   0.00645   0.02221   0.00153   0.02204   0.01166   0.00348   0.01630   0.02059   0.00808   0.01864   0.03658   0.18961   0.10541   0.31805   1.90089   0.29203  
 38 2138.0230   8071.455693  x:  0.02454   0.02203   0.00770   0.01110   0.00000   0.00000   0.22831   0.03129   0.07607   0.00361   0.02219   0.01666   0.02444   0.01272   0.01062   0.00580   0.00042   0.00530   0.01103   0.00000   0.00450   0.00834   0.00716   0.00912   0.00487   0.00685   0.02118   0.00415   0.02409   0.00815   0.01362   0.35519   0.01423   0.01266   0.01992   0.01017   0.00000   0.00743   0.01633   0.01293   0.00401   0.00668   0.02295   0.02791   0.02479   0.02218   0.00984   0.02282   0.02830   0.00447   0.02288   0.00147   0.02400   0.01162   0.00876   0.01673   0.02145   0.00859   0.01901   0.03424   0.17560   0.09274   0.30364   1.94101   0.27185  
 39 2340.2991   8059.400965  x:  0.02578   0.02596   0.00398   0.00896   0.00000   0.00000   0.21252   0.02905   0.08606   0.00471   0.02122   0.01414   0.02709   0.01139   0.00682   0.00609   0.00054   0.00300   0.00907   0.00000   0.00483   0.01234   0.00359   0.00845   0.00522   0.00603   0.02018   0.00713   0.02733   0.01039   0.01326   0.34928   0.01206   0.01096   0.01392   0.00990   0.00000   0.00649   0.01402   0.01122   0.00329   0.00614   0.02465   0.03043   0.02462   0.02140   0.00886   0.02412   0.02765   0.00716   0.02447   0.00140   0.02498   0.01443   0.01062   0.01166   0.02477   0.01176   0.01537   0.02677   0.15263   0.07462   0.27839   1.99970   0.25000  
 40 1989.7042   8055.894703  x:  0.02671   0.02780   0.00332   0.00887   0.00000   0.00000   0.20603   0.02878   0.08802   0.00490   0.02092   0.01301   0.02672   0.01122   0.00639   0.00621   0.00046   0.00880   0.00760   0.00000   0.00491   0.01211   0.00689   0.00827   0.00517   0.00574   0.02113   0.00640   0.02596   0.01034   0.01290   0.34661   0.01115   0.01261   0.01168   0.01226   0.00000   0.00627   0.01325   0.01075   0.00324   0.00605   0.02627   0.03044   0.02444   0.01903   0.00953   0.02595   0.02839   0.00521   0.02440   0.00140   0.02362   0.01505   0.00946   0.01014   0.02493   0.01298   0.01361   0.02491   0.14366   0.06981   0.26747   2.02423   0.24557  
 41 1725.7359   8048.382547  x:  0.02883   0.03145   0.00846   0.00971   0.00000   0.00000   0.19374   0.02986   0.08692   0.00551   0.02075   0.00995   0.02370   0.01150   0.01045   0.00632   0.00060   0.00553   0.00874   0.00000   0.00496   0.00977   0.00646   0.00853   0.00498   0.00598   0.02311   0.00412   0.01919   0.00908   0.01268   0.34100   0.01121   0.01466   0.01139   0.01504   0.00000   0.00610   0.01376   0.01030   0.00352   0.00594   0.03034   0.02932   0.02407   0.01281   0.01141   0.03089   0.03172   0.00660   0.02366   0.00139   0.01914   0.01433   0.00439   0.01158   0.02334   0.01240   0.01321   0.02426   0.12799   0.06757   0.24538   2.07401   0.24728  
 42 1378.4389   8035.091695  x:  0.03041   0.03457   0.00486   0.00747   0.00000   0.00000   0.17297   0.03388   0.07881   0.00576   0.02129   0.01278   0.01928   0.01055   0.00571   0.00597   0.00052   0.00590   0.01063   0.00000   0.00509   0.01057   0.00700   0.00911   0.00477   0.00580   0.02228   0.00312   0.01053   0.00925   0.01353   0.33045   0.01349   0.01166   0.01435   0.01004   0.00000   0.00574   0.01556   0.00988   0.00281   0.00579   0.03427   0.02689   0.02400   0.01480   0.01030   0.03620   0.03574   0.00618   0.02127   0.00137   0.01526   0.01343   0.01076   0.01669   0.02092   0.01095   0.01701   0.02530   0.10379   0.07436   0.20500   2.16903   0.26400  
 43 1777.9344   8022.748299  x:  0.02740   0.03083   0.00297   0.00874   0.00000   0.00000   0.15392   0.03866   0.07034   0.00641   0.02183   0.01470   0.01869   0.01101   0.00910   0.00592   0.00049   0.00757   0.00606   0.00000   0.00497   0.00823   0.00389   0.00841   0.00499   0.00590   0.02076   0.00511   0.02059   0.00852   0.01282   0.31923   0.01296   0.01087   0.01400   0.01148   0.00000   0.00609   0.01423   0.01048   0.00318   0.00581   0.03148   0.02333   0.02436   0.01797   0.00836   0.03435   0.03529   0.00752   0.02137   0.00138   0.01661   0.01259   0.00874   0.01442   0.01836   0.01027   0.01573   0.02644   0.08418   0.08530   0.16490   2.26643   0.28765  
 44 2619.0555   8018.438107  x:  0.02534   0.02808   0.00542   0.00930   0.00000   0.00000   0.14744   0.04033   0.06883   0.00463   0.02175   0.01393   0.02059   0.01133   0.00706   0.00587   0.00061   0.00467   0.00783   0.00000   0.00491   0.01203   0.00800   0.00839   0.00487   0.00592   0.02120   0.00417   0.02270   0.00983   0.01254   0.31441   0.01190   0.01172   0.01363   0.01255   0.00000   0.00627   0.01344   0.01076   0.00338   0.00588   0.02843   0.02360   0.02448   0.01810   0.00932   0.03113   0.03323   0.00594   0.02237   0.00142   0.01840   0.01327   0.00757   0.01221   0.01899   0.01092   0.01432   0.02706   0.07928   0.08883   0.15011   2.30342   0.29826  
 45 2394.4378   8015.577282  x:  0.02447   0.02695   0.00317   0.00925   0.00000   0.00000   0.14445   0.04081   0.07186   0.00549   0.02115   0.01163   0.02390   0.01124   0.00768   0.00598   0.00051   0.00599   0.01040   0.00000   0.00491   0.01096   0.00626   0.00860   0.00483   0.00599   0.02208   0.00388   0.01970   0.00993   0.01306   0.30981   0.01112   0.01397   0.01355   0.01224   0.00000   0.00625   0.01426   0.01074   0.00334   0.00583   0.02543   0.02773   0.02435   0.01571   0.01126   0.02668   0.02986   0.00642   0.02430   0.00141   0.02062   0.01403   0.00762   0.01173   0.02236   0.01047   0.01445   0.02685   0.08113   0.08844   0.14151   2.32798   0.30799  
 46 818.1103   8013.959116  x:  0.02489   0.02765   0.00550   0.00907   0.00000   0.00000   0.14358   0.04024   0.07704   0.00542   0.02097   0.01228   0.02444   0.01128   0.00784   0.00599   0.00057   0.00625   0.00667   0.00000   0.00491   0.01125   0.00597   0.00853   0.00499   0.00599   0.02127   0.00504   0.01740   0.01006   0.01304   0.30564   0.01145   0.01354   0.01332   0.01319   0.00000   0.00625   0.01442   0.01073   0.00332   0.00587   0.02485   0.02994   0.02423   0.01540   0.00987   0.02467   0.02774   0.00632   0.02467   0.00142   0.02085   0.01403   0.00807   0.01263   0.02355   0.01099   0.01513   0.02665   0.08542   0.08540   0.13766   2.34294   0.31566  
 47 575.7867   8011.805469  x:  0.02620   0.02915   0.00351   0.00967   0.00000   0.00000   0.14350   0.03814   0.08744   0.00523   0.02105   0.01403   0.02287   0.01137   0.00738   0.00603   0.00056   0.00504   0.00831   0.00000   0.00492   0.01028   0.00739   0.00822   0.00496   0.00587   0.02131   0.00477   0.01858   0.00899   0.01248   0.29796   0.01209   0.01198   0.01302   0.01348   0.00000   0.00623   0.01366   0.01063   0.00347   0.00579   0.02620   0.02982   0.02413   0.01676   0.00859   0.02505   0.02683   0.00618   0.02363   0.00142   0.01952   0.01329   0.00579   0.01277   0.02261   0.01191   0.01471   0.02536   0.09375   0.07807   0.13452   2.36391   0.32832  
 48 606.9132   8010.931100  x:  0.02613   0.02904   0.00433   0.00903   0.00000   0.00000   0.14377   0.03664   0.09263   0.00523   0.02115   0.01331   0.02201   0.01113   0.00793   0.00597   0.00055   0.00575   0.00837   0.00000   0.00496   0.01129   0.00667   0.00855   0.00487   0.00591   0.02185   0.00411   0.02031   0.01024   0.01264   0.29370   0.01187   0.01239   0.01330   0.01216   0.00000   0.00611   0.01355   0.01049   0.00328   0.00576   0.02680   0.02821   0.02418   0.01696   0.01065   0.02642   0.02770   0.00639   0.02283   0.00142   0.01895   0.01411   0.00721   0.01248   0.02166   0.01081   0.01404   0.02594   0.09686   0.07442   0.13443   2.37301   0.33429  
 49 522.3277   8010.622902  x:  0.02552   0.02829   0.00413   0.00881   0.00000   0.00000   0.14410   0.03556   0.09481   0.00516   0.02114   0.01214   0.02272   0.01107   0.00736   0.00592   0.00057   0.00544   0.00817   0.00000   0.00497   0.01123   0.00686   0.00846   0.00489   0.00584   0.02129   0.00438   0.02072   0.00951   0.01309   0.29090   0.01141   0.01341   0.01354   0.01271   0.00000   0.00610   0.01433   0.01049   0.00321   0.00576   0.02683   0.02701   0.02427   0.01632   0.00992   0.02755   0.02933   0.00637   0.02301   0.00141   0.01982   0.01397   0.00798   0.01248   0.02169   0.01075   0.01483   0.02616   0.09643   0.07332   0.13611   2.37638   0.33674  
 50 173.4852   8010.371232  x:  0.02509   0.02777   0.00412   0.00898   0.00000   0.00000   0.14465   0.03431   0.09682   0.00531   0.02114   0.01294   0.02366   0.01113   0.00780   0.00592   0.00056   0.00559   0.00813   0.00000   0.00496   0.01114   0.00686   0.00844   0.00487   0.00586   0.02140   0.00419   0.01975   0.01037   0.01267   0.28678   0.01113   0.01265   0.01352   0.01242   0.00000   0.00613   0.01379   0.01053   0.00326   0.00577   0.02659   0.02691   0.02432   0.01631   0.00951   0.02805   0.03062   0.00636   0.02387   0.00142   0.02054   0.01341   0.00759   0.01176   0.02206   0.01059   0.01464   0.02636   0.09392   0.07307   0.13958   2.37933   0.33903  
 51 127.9098   8010.217343  x:  0.02526   0.02800   0.00409   0.00896   0.00000   0.00000   0.14517   0.03384   0.09802   0.00530   0.02109   0.01320   0.02343   0.01112   0.00768   0.00593   0.00057   0.00546   0.00798   0.00000   0.00495   0.01130   0.00679   0.00846   0.00489   0.00587   0.02139   0.00431   0.01973   0.00937   0.01268   0.28328   0.01139   0.01267   0.01334   0.01275   0.00000   0.00613   0.01366   0.01053   0.00325   0.00577   0.02648   0.02764   0.02428   0.01671   0.01055   0.02755   0.03037   0.00639   0.02409   0.00142   0.02026   0.01355   0.00770   0.01201   0.02195   0.01076   0.01427   0.02625   0.09158   0.07331   0.14242   2.38116   0.34041  
 52 138.0892   8010.129376  x:  0.02555   0.02842   0.00416   0.00892   0.00000   0.00000   0.14556   0.03398   0.09862   0.00523   0.02105   0.01271   0.02291   0.01111   0.00761   0.00595   0.00056   0.00552   0.00821   0.00000   0.00496   0.01113   0.00681   0.00849   0.00489   0.00587   0.02152   0.00427   0.02017   0.00997   0.01287   0.28071   0.01148   0.01295   0.01335   0.01272   0.00000   0.00612   0.01392   0.01051   0.00324   0.00577   0.02652   0.02813   0.02423   0.01664   0.00993   0.02697   0.02955   0.00635   0.02379   0.00142   0.01978   0.01383   0.00770   0.01225   0.02176   0.01081   0.01439   0.02610   0.09012   0.07361   0.14414   2.38216   0.34107  
 53 122.3773   8010.102975  x:  0.02554   0.02857   0.00413   0.00897   0.00000   0.00000   0.14575   0.03460   0.09863   0.00526   0.02109   0.01274   0.02295   0.01112   0.00772   0.00595   0.00056   0.00559   0.00813   0.00000   0.00496   0.01144   0.00684   0.00847   0.00489   0.00586   0.02150   0.00428   0.02021   0.00975   0.01278   0.27929   0.01134   0.01294   0.01346   0.01235   0.00000   0.00611   0.01394   0.01049   0.00325   0.00576   0.02664   0.02786   0.02423   0.01637   0.00993   0.02699   0.02904   0.00637   0.02335   0.00142   0.01990   0.01377   0.00748   0.01213   0.02194   0.01084   0.01470   0.02605   0.08998   0.07374   0.14439   2.38236   0.34100  
 54 37.0465   8010.073943  x:  0.02541   0.02862   0.00414   0.00891   0.00000   0.00000   0.14602   0.03551   0.09844   0.00525   0.02113   0.01282   0.02312   0.01109   0.00762   0.00594   0.00057   0.00550   0.00816   0.00000   0.00497   0.01108   0.00687   0.00845   0.00490   0.00584   0.02141   0.00432   0.02011   0.00995   0.01278   0.27722   0.01134   0.01281   0.01345   0.01267   0.00000   0.00610   0.01387   0.01047   0.00324   0.00576   0.02676   0.02743   0.02425   0.01638   0.01015   0.02719   0.02866   0.00640   0.02302   0.00142   0.02013   0.01381   0.00759   0.01222   0.02221   0.01082   0.01457   0.02607   0.09017   0.07391   0.14436   2.38250   0.34067  
 55 48.8966   8010.045044  x:  0.02527   0.02855   0.00418   0.00891   0.00000   0.00000   0.14630   0.03612   0.09798   0.00528   0.02107   0.01275   0.02318   0.01110   0.00774   0.00595   0.00057   0.00559   0.00825   0.00000   0.00497   0.01132   0.00679   0.00848   0.00489   0.00586   0.02149   0.00425   0.02001   0.00976   0.01289   0.27481   0.01153   0.01291   0.01339   0.01266   0.00000   0.00610   0.01387   0.01047   0.00324   0.00576   0.02669   0.02743   0.02426   0.01667   0.00981   0.02732   0.02891   0.00642   0.02336   0.00142   0.02001   0.01396   0.00757   0.01235   0.02221   0.01075   0.01419   0.02611   0.09070   0.07407   0.14402   2.38257   0.34012  
 56 45.9632   8010.019592  x:  0.02528   0.02849   0.00410   0.00897   0.00000   0.00000   0.14651   0.03616   0.09739   0.00526   0.02103   0.01269   0.02309   0.01112   0.00764   0.00596   0.00057   0.00549   0.00802   0.00000   0.00496   0.01119   0.00691   0.00846   0.00489   0.00586   0.02151   0.00424   0.02014   0.00991   0.01283   0.27263   0.01148   0.01293   0.01343   0.01249   0.00000   0.00611   0.01394   0.01050   0.00325   0.00576   0.02657   0.02777   0.02425   0.01667   0.01004   0.02728   0.02938   0.00638   0.02374   0.00142   0.01981   0.01388   0.00750   0.01224   0.02201   0.01084   0.01453   0.02607   0.09128   0.07420   0.14359   2.38262   0.33956  
 57 55.7984   8010.005382  x:  0.02539   0.02845   0.00417   0.00891   0.00000   0.00000   0.14657   0.03571   0.09697   0.00526   0.02109   0.01286   0.02295   0.01111   0.00764   0.00595   0.00057   0.00555   0.00822   0.00000   0.00496   0.01124   0.00681   0.00849   0.00489   0.00587   0.02152   0.00426   0.02020   0.00983   0.01273   0.27159   0.01129   0.01284   0.01345   0.01270   0.00000   0.00611   0.01384   0.01051   0.00324   0.00577   0.02652   0.02791   0.02424   0.01639   0.00997   0.02711   0.02948   0.00640   0.02364   0.00142   0.01984   0.01374   0.00774   0.01211   0.02183   0.01081   0.01461   0.02619   0.09159   0.07426   0.14335   2.38266   0.33928  
 58 32.8151   8009.988597  x:  0.02558   0.02843   0.00410   0.00898   0.00000   0.00000   0.14656   0.03480   0.09648   0.00527   0.02115   0.01276   0.02296   0.01114   0.00765   0.00595   0.00057   0.00552   0.00810   0.00000   0.00495   0.01125   0.00685   0.00848   0.00489   0.00588   0.02153   0.00423   0.02010   0.00988   0.01292   0.27082   0.01141   0.01290   0.01344   0.01259   0.00000   0.00614   0.01394   0.01054   0.00326   0.00578   0.02661   0.02776   0.02425   0.01642   0.01000   0.02695   0.02928   0.00641   0.02330   0.00142   0.02017   0.01358   0.00763   0.01221   0.02180   0.01080   0.01435   0.02626   0.09182   0.07429   0.14317   2.38276   0.33908  
 59 19.8110   8009.961873  x:  0.02560   0.02831   0.00414   0.00904   0.00000   0.00000   0.14648   0.03391   0.09599   0.00532   0.02108   0.01272   0.02312   0.01116   0.00769   0.00595   0.00057   0.00553   0.00814   0.00000   0.00495   0.01119   0.00685   0.00848   0.00489   0.00589   0.02150   0.00423   0.01998   0.00984   0.01262   0.27040   0.01143   0.01300   0.01355   0.01267   0.00000   0.00615   0.01385   0.01057   0.00328   0.00578   0.02670   0.02743   0.02427   0.01679   0.00997   0.02707   0.02879   0.00643   0.02329   0.00142   0.01994   0.01421   0.00746   0.01222   0.02211   0.01073   0.01467   0.02637   0.09199   0.07422   0.14315   2.38298   0.33900  
 60 15.6684   8009.819739  x:  0.02507   0.02790   0.00403   0.00910   0.00000   0.00000   0.14610   0.03321   0.09482   0.00533   0.02088   0.01327   0.02327   0.01121   0.00759   0.00597   0.00058   0.00555   0.00803   0.00000   0.00494   0.01131   0.00697   0.00852   0.00489   0.00592   0.02165   0.00409   0.02055   0.00986   0.01332   0.27037   0.01092   0.01257   0.01376   0.01262   0.00000   0.00618   0.01394   0.01062   0.00330   0.00580   0.02642   0.02729   0.02425   0.01597   0.00997   0.02783   0.02768   0.00652   0.02393   0.00143   0.01873   0.01406   0.00740   0.01323   0.02308   0.01079   0.01443   0.02661   0.09237   0.07366   0.14379   2.38439   0.33940  
 61 14.3430   8008.857840  x:  0.02397   0.02739   0.00351   0.00895   0.00000   0.00000   0.14423   0.03454   0.08997   0.00600   0.02115   0.01246   0.02206   0.01120   0.00740   0.00604   0.00066   0.00504   0.00699   0.00000   0.00491   0.01151   0.00739   0.00879   0.00483   0.00597   0.02277   0.00269   0.02044   0.00980   0.01141   0.27237   0.01272   0.01302   0.01419   0.01343   0.00000   0.00625   0.01374   0.01079   0.00325   0.00585   0.02499   0.02855   0.02418   0.01559   0.00948   0.02839   0.02614   0.00739   0.02330   0.00144   0.01847   0.01276   0.00851   0.01177   0.02318   0.01016   0.01392   0.02731   0.09435   0.07077   0.14822   2.39367   0.34264  
 62 55.4238   8008.330017  x:  0.02438   0.02784   0.00327   0.00897   0.00000   0.00000   0.14376   0.03555   0.08854   0.00653   0.02136   0.01250   0.02200   0.01118   0.00760   0.00606   0.00072   0.00487   0.00649   0.00000   0.00492   0.01145   0.00782   0.00879   0.00482   0.00596   0.02282   0.00202   0.01982   0.00967   0.01273   0.27364   0.01016   0.01286   0.01523   0.01369   0.00000   0.00624   0.01288   0.01078   0.00325   0.00584   0.02500   0.02858   0.02428   0.01610   0.00933   0.02683   0.02661   0.00797   0.02307   0.00145   0.01925   0.01445   0.00820   0.01189   0.02169   0.00998   0.01375   0.02760   0.09530   0.07028   0.15010   2.39866   0.34427  
 63 178.0550   8008.211168  x:  0.02472   0.02816   0.00319   0.00890   0.00000   0.00000   0.14444   0.03540   0.08941   0.00663   0.02119   0.01239   0.02255   0.01117   0.00748   0.00607   0.00074   0.00487   0.00637   0.00000   0.00492   0.01141   0.00797   0.00872   0.00484   0.00592   0.02254   0.00204   0.01997   0.00967   0.01162   0.27397   0.00994   0.01281   0.01608   0.01354   0.00000   0.00623   0.01320   0.01077   0.00323   0.00585   0.02553   0.02808   0.02435   0.01565   0.00929   0.02604   0.02690   0.00810   0.02337   0.00145   0.01885   0.01454   0.00836   0.01219   0.02158   0.01012   0.01292   0.02757   0.09538   0.07148   0.14984   2.39969   0.34442  
 64 67.7365   8008.116362  x:  0.02490   0.02844   0.00315   0.00878   0.00000   0.00000   0.14577   0.03488   0.09107   0.00669   0.02104   0.01237   0.02281   0.01111   0.00748   0.00607   0.00075   0.00482   0.00626   0.00000   0.00493   0.01144   0.00802   0.00878   0.00482   0.00591   0.02281   0.00176   0.02009   0.00963   0.01211   0.27427   0.01049   0.01275   0.01582   0.01369   0.00000   0.00620   0.01292   0.01072   0.00319   0.00583   0.02595   0.02761   0.02437   0.01544   0.00928   0.02583   0.02694   0.00820   0.02360   0.00145   0.01838   0.01431   0.00860   0.01174   0.02187   0.00995   0.01318   0.02752   0.09531   0.07351   0.14901   2.40043   0.34438  
 65 70.7466   8008.069287  x:  0.02457   0.02842   0.00316   0.00874   0.00000   0.00000   0.14694   0.03442   0.09213   0.00675   0.02116   0.01211   0.02225   0.01109   0.00751   0.00609   0.00076   0.00480   0.00622   0.00000   0.00494   0.01141   0.00806   0.00876   0.00483   0.00589   0.02274   0.00179   0.01996   0.00962   0.01202   0.27444   0.01004   0.01288   0.01604   0.01367   0.00000   0.00618   0.01269   0.01068   0.00317   0.00583   0.02564   0.02808   0.02432   0.01570   0.00922   0.02672   0.02665   0.00826   0.02344   0.00145   0.01850   0.01414   0.00861   0.01170   0.02199   0.01006   0.01301   0.02741   0.09516   0.07478   0.14833   2.40079   0.34433  
 66 53.5571   8008.061536  x:  0.02449   0.02838   0.00314   0.00874   0.00000   0.00000   0.14737   0.03436   0.09222   0.00675   0.02119   0.01225   0.02222   0.01108   0.00751   0.00609   0.00076   0.00480   0.00620   0.00000   0.00494   0.01142   0.00808   0.00877   0.00482   0.00589   0.02280   0.00174   0.01998   0.00962   0.01196   0.27449   0.01011   0.01277   0.01590   0.01368   0.00000   0.00617   0.01296   0.01067   0.00317   0.00582   0.02553   0.02821   0.02431   0.01557   0.00922   0.02691   0.02664   0.00827   0.02336   0.00145   0.01865   0.01442   0.00855   0.01177   0.02188   0.01005   0.01300   0.02735   0.09507   0.07487   0.14816   2.40087   0.34435  
 67 21.1931   8008.050360  x:  0.02442   0.02830   0.00312   0.00876   0.00000   0.00000   0.14846   0.03434   0.09202   0.00677   0.02117   0.01224   0.02239   0.01109   0.00749   0.00609   0.00076   0.00480   0.00618   0.00000   0.00494   0.01140   0.00809   0.00875   0.00483   0.00588   0.02273   0.00179   0.01998   0.00962   0.01201   0.27460   0.01034   0.01275   0.01607   0.01363   0.00000   0.00618   0.01265   0.01068   0.00318   0.00582   0.02544   0.02833   0.02432   0.01538   0.00920   0.02694   0.02668   0.00829   0.02317   0.00145   0.01860   0.01458   0.00852   0.01185   0.02175   0.01009   0.01299   0.02732   0.09480   0.07456   0.14790   2.40104   0.34448  
 68 13.1715   8008.028939  x:  0.02445   0.02826   0.00312   0.00876   0.00000   0.00000   0.15055   0.03438   0.09154   0.00679   0.02113   0.01223   0.02250   0.01110   0.00753   0.00609   0.00076   0.00479   0.00618   0.00000   0.00494   0.01142   0.00807   0.00876   0.00483   0.00589   0.02278   0.00176   0.01989   0.00962   0.01198   0.27483   0.01007   0.01279   0.01595   0.01371   0.00000   0.00618   0.01288   0.01069   0.00318   0.00583   0.02546   0.02825   0.02434   0.01565   0.00920   0.02671   0.02667   0.00831   0.02310   0.00145   0.01838   0.01430   0.00856   0.01180   0.02183   0.01003   0.01301   0.02743   0.09425   0.07382   0.14741   2.40141   0.34473  
 69 32.4770   8008.012632  x:  0.02456   0.02841   0.00312   0.00878   0.00000   0.00000   0.15127   0.03441   0.09134   0.00679   0.02122   0.01224   0.02195   0.01111   0.00751   0.00608   0.00076   0.00479   0.00619   0.00000   0.00494   0.01142   0.00808   0.00877   0.00483   0.00590   0.02276   0.00176   0.01992   0.00962   0.01196   0.27492   0.01013   0.01282   0.01606   0.01368   0.00000   0.00619   0.01281   0.01071   0.00318   0.00584   0.02562   0.02801   0.02430   0.01554   0.00922   0.02660   0.02655   0.00827   0.02372   0.00145   0.01880   0.01435   0.00857   0.01179   0.02203   0.01001   0.01303   0.02751   0.09408   0.07355   0.14728   2.40168   0.34484  
 70 12.6208   8007.699565  x:  0.02433   0.02965   0.00319   0.00877   0.00000   0.00000   0.15202   0.03430   0.09092   0.00688   0.02153   0.01255   0.02257   0.01116   0.00761   0.00610   0.00077   0.00476   0.00628   0.00000   0.00492   0.01128   0.00814   0.00870   0.00487   0.00590   0.02229   0.00208   0.01958   0.00955   0.01292   0.27538   0.01038   0.01278   0.01742   0.01389   0.00000   0.00622   0.01392   0.01076   0.00319   0.00588   0.02546   0.02779   0.02412   0.01560   0.00930   0.02720   0.02537   0.00830   0.02486   0.00146   0.01864   0.01433   0.00885   0.00985   0.02064   0.01013   0.01265   0.02785   0.09446   0.07374   0.14771   2.40632   0.34551  
 71  5.3924   8005.354737  x:  0.02301   0.03447   0.00279   0.00869   0.00000   0.00000   0.15570   0.03388   0.08897   0.00725   0.02203   0.01196   0.02598   0.01122   0.00810   0.00604   0.00077   0.00465   0.00665   0.00000   0.00489   0.01215   0.00832   0.00875   0.00487   0.00592   0.02295   0.00231   0.01953   0.01013   0.01170   0.27859   0.00980   0.01351   0.01432   0.01423   0.00000   0.00629   0.01278   0.01086   0.00317   0.00597   0.02423   0.02639   0.02367   0.01603   0.00955   0.02821   0.02239   0.00867   0.02811   0.00147   0.01999   0.01248   0.00961   0.01247   0.01477   0.00935   0.01459   0.02936   0.09785   0.07671   0.15123   2.44048   0.35036  
 72 205.0864   7995.832207  x:  0.02019   0.03725   0.00130   0.00909   0.00000   0.00000   0.16935   0.03362   0.08182   0.00932   0.02238   0.01337   0.02145   0.01162   0.01014   0.00569   0.00089   0.00383   0.00686   0.00000   0.00478   0.01443   0.01057   0.00770   0.00512   0.00567   0.02144   0.00509   0.01995   0.01168   0.01340   0.29202   0.01020   0.01206   0.01081   0.01617   0.00000   0.00653   0.01514   0.01113   0.00330   0.00623   0.02048   0.02561   0.02468   0.01646   0.01011   0.02201   0.02995   0.01098   0.02210   0.00152   0.01853   0.01560   0.00828   0.01425   0.02290   0.00681   0.01640   0.03387   0.11260   0.08999   0.16661   2.58624   0.37089  
 73 884.3198   7994.268911  x:  0.02465   0.02847   0.00105   0.00898   0.00000   0.00000   0.17150   0.03482   0.08118   0.00974   0.02071   0.01355   0.02132   0.01159   0.01055   0.00558   0.00092   0.00358   0.00671   0.00000   0.00477   0.01485   0.01095   0.00744   0.00515   0.00557   0.02090   0.00553   0.01976   0.01193   0.01368   0.29416   0.00991   0.01183   0.01015   0.01645   0.00000   0.00655   0.01544   0.01119   0.00327   0.00626   0.02630   0.02831   0.02476   0.01643   0.01008   0.02292   0.02835   0.01147   0.02254   0.00153   0.01908   0.01575   0.00859   0.01398   0.02171   0.00615   0.01673   0.03485   0.11477   0.09219   0.16904   2.60954   0.37413  
 74 458.2055   7994.235049  x:  0.02602   0.02818   0.00105   0.00897   0.00000   0.00000   0.17155   0.03496   0.08122   0.00975   0.02131   0.01352   0.02151   0.01160   0.01055   0.00558   0.00092   0.00357   0.00671   0.00000   0.00476   0.01486   0.01098   0.00743   0.00515   0.00556   0.02086   0.00553   0.01981   0.01194   0.01366   0.29421   0.00992   0.01184   0.01016   0.01646   0.00000   0.00655   0.01543   0.01120   0.00327   0.00626   0.02551   0.02814   0.02463   0.01644   0.01007   0.02321   0.02835   0.01149   0.02261   0.00153   0.01898   0.01577   0.00860   0.01403   0.02183   0.00610   0.01673   0.03491   0.11479   0.09224   0.16909   2.61006   0.37420  
 75 38.8910   7994.226768  x:  0.02625   0.02822   0.00105   0.00897   0.00000   0.00000   0.17156   0.03498   0.08121   0.00975   0.02066   0.01355   0.02145   0.01159   0.01055   0.00557   0.00093   0.00357   0.00671   0.00000   0.00476   0.01486   0.01098   0.00743   0.00515   0.00556   0.02084   0.00553   0.01981   0.01193   0.01366   0.29422   0.00992   0.01183   0.01019   0.01647   0.00000   0.00655   0.01543   0.01120   0.00327   0.00626   0.02523   0.02806   0.02465   0.01644   0.01007   0.02329   0.02834   0.01149   0.02259   0.00153   0.01906   0.01575   0.00860   0.01401   0.02181   0.00609   0.01673   0.03493   0.11480   0.09224   0.16910   2.61022   0.37421  
 76  3.9285   7985.404662  x:  0.02877   0.02220   0.00537   0.00965   0.00000   0.00000   0.18125   0.03655   0.06835   0.00905   0.02289   0.01370   0.02288   0.01234   0.01054   0.00555   0.00089   0.00476   0.00859   0.00000   0.00457   0.01526   0.00884   0.00610   0.00466   0.00509   0.01659   0.00507   0.02162   0.01229   0.01375   0.30420   0.01138   0.01240   0.01520   0.01666   0.00000   0.00694   0.01603   0.01143   0.00355   0.00675   0.02793   0.03207   0.03827   0.01762   0.01067   0.02463   0.02774   0.00971   0.02248   0.00161   0.02089   0.01448   0.00697   0.01500   0.02297   0.01045   0.01739   0.03744   0.12805   0.09836   0.18428   2.83869   0.39726  
 77  3.9542   7983.335030  x:  0.02826   0.02068   0.00605   0.00976   0.00000   0.00000   0.18285   0.03678   0.06620   0.00897   0.02235   0.01378   0.02344   0.01245   0.01055   0.00551   0.00089   0.00494   0.00885   0.00000   0.00454   0.01534   0.00853   0.00583   0.00457   0.00500   0.01572   0.00498   0.02197   0.01236   0.01374   0.30586   0.01154   0.01239   0.01617   0.01669   0.00000   0.00699   0.01607   0.01146   0.00359   0.00683   0.02888   0.03221   0.02408   0.01821   0.01075   0.02415   0.02825   0.00950   0.02173   0.00162   0.02111   0.01442   0.00665   0.01526   0.02349   0.01101   0.01744   0.03796   0.13026   0.09937   0.18680   2.87682   0.40109  
 78 545.8097   7970.653073  x:  0.02318   0.03655   0.00439   0.00772   0.00000   0.00000   0.17200   0.03485   0.07062   0.00720   0.02112   0.01239   0.02434   0.01079   0.00791   0.00429   0.00075   0.00560   0.00951   0.00000   0.00474   0.01466   0.00346   0.00438   0.00265   0.00321   0.01013   0.00351   0.02087   0.01159   0.01225   0.29328   0.01245   0.01195   0.01869   0.01490   0.00000   0.00609   0.01430   0.00877   0.00289   0.00640   0.02407   0.02950   0.02432   0.01868   0.01046   0.02903   0.02806   0.00533   0.02418   0.00154   0.02066   0.01116   0.00537   0.01485   0.02269   0.01185   0.01605   0.03592   0.12464   0.09510   0.17958   3.38227   0.42919  
 79  0.3900   7963.889986  x:  0.02422   0.03550   0.00516   0.00419   0.00000   0.00000   0.16542   0.03363   0.07330   0.00923   0.02091   0.01165   0.02214   0.00852   0.00876   0.00424   0.00104   0.00382   0.00759   0.00000   0.00506   0.01443   0.00741   0.00590   0.00245   0.00219   0.01551   0.00416   0.01952   0.01141   0.01231   0.28840   0.01116   0.01047   0.01352   0.01474   0.00000   0.00484   0.01357   0.00581   0.00170   0.00586   0.02494   0.02916   0.02392   0.01636   0.00961   0.02793   0.02803   0.00722   0.02422   0.00156   0.01842   0.01424   0.00624   0.01404   0.02106   0.00975   0.01545   0.03445   0.11519   0.09383   0.16941   3.74249   0.43856  
 80  0.3147   7960.702706  x:  0.02571   0.02630   0.00372   0.00488   0.00000   0.00000   0.16865   0.03363   0.06678   0.00873   0.02093   0.01173   0.02231   0.00829   0.00831   0.00447   0.00098   0.00550   0.00792   0.00000   0.00483   0.01398   0.00649   0.00727   0.00215   0.00257   0.01751   0.00358   0.01995   0.01100   0.01288   0.29644   0.01093   0.01167   0.01477   0.01462   0.00000   0.00511   0.01402   0.00538   0.00185   0.00595   0.02388   0.02871   0.02567   0.01680   0.01033   0.02522   0.02661   0.00537   0.02402   0.00163   0.01971   0.01348   0.00319   0.01338   0.02086   0.01061   0.01515   0.03534   0.11581   0.09173   0.17309   4.01944   0.43388  
 81  0.2199   7959.805659  x:  0.02611   0.02477   0.00330   0.00376   0.00000   0.00000   0.17179   0.03346   0.06731   0.00900   0.02129   0.01223   0.02293   0.00780   0.00849   0.00469   0.00103   0.00552   0.00810   0.00000   0.00476   0.01404   0.00602   0.00760   0.00234   0.00244   0.01715   0.00360   0.02013   0.01108   0.01301   0.30047   0.01135   0.01178   0.01592   0.01526   0.00000   0.00507   0.01458   0.00491   0.00148   0.00609   0.02502   0.02873   0.02439   0.01745   0.01043   0.02515   0.02753   0.00578   0.02405   0.00169   0.02027   0.01230   0.00576   0.01359   0.02144   0.01108   0.01575   0.03563   0.11740   0.09158   0.17605   4.15070   0.42904  
 82  0.1759   7959.130715  x:  0.02550   0.02632   0.00342   0.00436   0.00000   0.00000   0.17484   0.03319   0.07059   0.00926   0.02195   0.01290   0.02286   0.00795   0.00912   0.00479   0.00112   0.00434   0.00797   0.00000   0.00452   0.01416   0.00595   0.00734   0.00256   0.00256   0.01614   0.00386   0.01984   0.01142   0.01295   0.30191   0.01174   0.01173   0.01611   0.01573   0.00000   0.00543   0.01496   0.00492   0.00165   0.00634   0.02626   0.02829   0.02286   0.01758   0.01034   0.02569   0.02861   0.00649   0.02352   0.00175   0.01991   0.01296   0.00436   0.01465   0.02221   0.01063   0.01642   0.03576   0.11952   0.09213   0.17948   4.27458   0.42144  
 83  0.1067   7958.763836  x:  0.02528   0.02742   0.00310   0.00457   0.00000   0.00000   0.17390   0.03308   0.06914   0.00902   0.02154   0.01292   0.02269   0.00786   0.00854   0.00476   0.00117   0.00459   0.00782   0.00000   0.00426   0.01422   0.00576   0.00718   0.00255   0.00264   0.01570   0.00373   0.01996   0.01156   0.01263   0.29939   0.01161   0.01210   0.01499   0.01549   0.00000   0.00578   0.01443   0.00496   0.00170   0.00653   0.02523   0.02860   0.02583   0.01728   0.01004   0.02594   0.02795   0.00636   0.02371   0.00181   0.01967   0.01334   0.00452   0.01449   0.02199   0.00999   0.01614   0.03498   0.11991   0.09131   0.17967   4.37102   0.41491  
 84  0.0591   7958.500583  x:  0.02568   0.02720   0.00341   0.00481   0.00000   0.00000   0.17245   0.03310   0.07042   0.00871   0.02107   0.01269   0.02263   0.00779   0.00837   0.00483   0.00122   0.00507   0.00800   0.00000   0.00393   0.01414   0.00601   0.00686   0.00259   0.00273   0.01541   0.00355   0.02018   0.01149   0.01278   0.29864   0.01137   0.01234   0.01428   0.01500   0.00000   0.00620   0.01416   0.00509   0.00175   0.00677   0.02489   0.02915   0.02301   0.01702   0.01016   0.02568   0.02748   0.00629   0.02383   0.00190   0.01978   0.01293   0.00479   0.01397   0.02164   0.00997   0.01566   0.03333   0.11941   0.09106   0.17850   4.42368   0.41454  
 85  0.0260   7958.222044  x:  0.02577   0.02689   0.00349   0.00505   0.00000   0.00000   0.17209   0.03331   0.06985   0.00864   0.02144   0.01263   0.02279   0.00770   0.00910   0.00500   0.00133   0.00482   0.00836   0.00000   0.00347   0.01391   0.00670   0.00636   0.00278   0.00279   0.01486   0.00352   0.01989   0.01130   0.01309   0.30047   0.01167   0.01211   0.01539   0.01476   0.00000   0.00674   0.01461   0.00522   0.00179   0.00714   0.02563   0.02911   0.02453   0.01721   0.01048   0.02605   0.02813   0.00691   0.02369   0.00205   0.01987   0.01265   0.00512   0.01375   0.02159   0.01039   0.01567   0.03090   0.11854   0.09113   0.17712   4.44352   0.41892  
 86  0.0090   7958.018895  x:  0.02523   0.02651   0.00384   0.00499   0.00000   0.00000   0.17357   0.03343   0.06930   0.00809   0.02174   0.01273   0.02276   0.00736   0.00899   0.00488   0.00138   0.00485   0.00801   0.00000   0.00309   0.01397   0.00606   0.00662   0.00267   0.00292   0.01567   0.00369   0.01990   0.01124   0.01278   0.30114   0.01203   0.01175   0.01467   0.01505   0.00000   0.00706   0.01467   0.00508   0.00173   0.00733   0.02575   0.02812   0.02449   0.01743   0.01027   0.02567   0.02813   0.00660   0.02390   0.00217   0.01981   0.01327   0.00522   0.01391   0.02199   0.00968   0.01608   0.02922   0.11893   0.09177   0.17795   4.43393   0.42337  
 87  0.0052   7957.843556  x:  0.02560   0.02739   0.00320   0.00498   0.00000   0.00000   0.17364   0.03319   0.06815   0.00797   0.02121   0.01257   0.02247   0.00720   0.00886   0.00485   0.00144   0.00488   0.00806   0.00000   0.00271   0.01413   0.00609   0.00687   0.00257   0.00289   0.01617   0.00372   0.01995   0.01146   0.01273   0.29943   0.01243   0.01176   0.01554   0.01541   0.00000   0.00734   0.01447   0.00492   0.00169   0.00760   0.02454   0.02815   0.02378   0.01747   0.01007   0.02599   0.02816   0.00645   0.02381   0.00234   0.01964   0.01263   0.00495   0.01441   0.02190   0.00983   0.01619   0.02880   0.11969   0.09189   0.17950   4.39251   0.42403  
 88  0.0170   7957.654471  x:  0.02573   0.02598   0.00312   0.00481   0.00000   0.00000   0.17296   0.03303   0.07124   0.00812   0.02123   0.01243   0.02253   0.00706   0.00879   0.00469   0.00153   0.00477   0.00804   0.00000   0.00223   0.01439   0.00610   0.00686   0.00244   0.00271   0.01569   0.00393   0.01994   0.01157   0.01297   0.29848   0.01208   0.01179   0.01548   0.01562   0.00000   0.00764   0.01435   0.00472   0.00159   0.00797   0.02515   0.02871   0.02444   0.01704   0.01028   0.02570   0.02800   0.00647   0.02363   0.00254   0.01977   0.01270   0.00464   0.01450   0.02137   0.00913   0.01605   0.02966   0.11976   0.09230   0.17936   4.33961   0.42069  
 89  0.0231   7957.521511  x:  0.02569   0.02689   0.00329   0.00468   0.00000   0.00000   0.17260   0.03321   0.06879   0.00850   0.02148   0.01268   0.02290   0.00712   0.00881   0.00481   0.00161   0.00480   0.00808   0.00000   0.00186   0.01439   0.00613   0.00685   0.00253   0.00262   0.01567   0.00389   0.01990   0.01150   0.01293   0.29951   0.01186   0.01193   0.01480   0.01544   0.00000   0.00788   0.01446   0.00468   0.00154   0.00834   0.02591   0.02885   0.02416   0.01716   0.01040   0.02583   0.02795   0.00662   0.02374   0.00273   0.01996   0.01300   0.00475   0.01431   0.02165   0.00977   0.01599   0.03056   0.11950   0.09185   0.17826   4.30254   0.41778  
 90  0.0248   7957.478958  x:  0.02546   0.02692   0.00338   0.00459   0.00000   0.00000   0.17283   0.03340   0.07002   0.00848   0.02156   0.01268   0.02263   0.00716   0.00876   0.00483   0.00162   0.00483   0.00810   0.00000   0.00180   0.01410   0.00608   0.00695   0.00254   0.00265   0.01565   0.00370   0.02003   0.01136   0.01276   0.30005   0.01184   0.01197   0.01503   0.01511   0.00000   0.00787   0.01454   0.00468   0.00151   0.00841   0.02531   0.02855   0.02416   0.01735   0.01025   0.02581   0.02794   0.00635   0.02376   0.00278   0.01977   0.01292   0.00485   0.01395   0.02188   0.00998   0.01591   0.03138   0.11892   0.09133   0.17789   4.31655   0.41854  
 91  0.0086   7957.462915  x:  0.02549   0.02675   0.00347   0.00455   0.00000   0.00000   0.17310   0.03323   0.06910   0.00854   0.02133   0.01260   0.02267   0.00717   0.00887   0.00480   0.00163   0.00478   0.00800   0.00000   0.00174   0.01397   0.00606   0.00689   0.00256   0.00267   0.01561   0.00365   0.01987   0.01138   0.01288   0.29952   0.01180   0.01180   0.01507   0.01507   0.00000   0.00781   0.01452   0.00463   0.00151   0.00844   0.02514   0.02856   0.02424   0.01726   0.01019   0.02578   0.02800   0.00637   0.02369   0.00283   0.01977   0.01284   0.00470   0.01405   0.02185   0.00988   0.01598   0.03183   0.11903   0.09150   0.17828   4.33103   0.41980  
 92  0.0060   7957.432376  x:  0.02565   0.02707   0.00343   0.00448   0.00000   0.00000   0.17296   0.03313   0.07027   0.00843   0.02132   0.01241   0.02285   0.00725   0.00883   0.00483   0.00163   0.00495   0.00807   0.00000   0.00173   0.01396   0.00607   0.00670   0.00269   0.00277   0.01569   0.00357   0.01998   0.01137   0.01295   0.29900   0.01178   0.01155   0.01505   0.01514   0.00000   0.00754   0.01446   0.00464   0.00152   0.00838   0.02546   0.02877   0.02441   0.01724   0.01030   0.02586   0.02789   0.00635   0.02368   0.00292   0.01992   0.01312   0.00464   0.01432   0.02178   0.01007   0.01612   0.03191   0.11935   0.09207   0.17855   4.33587   0.42116  
 93  0.0012   7957.383779  x:  0.02548   0.02685   0.00335   0.00445   0.00000   0.00000   0.17247   0.03346   0.06924   0.00812   0.02171   0.01219   0.02262   0.00738   0.00872   0.00481   0.00164   0.00474   0.00811   0.00000   0.00166   0.01410   0.00611   0.00651   0.00275   0.00295   0.01577   0.00356   0.02016   0.01129   0.01273   0.29969   0.01176   0.01160   0.01504   0.01525   0.00000   0.00712   0.01447   0.00479   0.00156   0.00828   0.02566   0.02884   0.02408   0.01725   0.01035   0.02584   0.02786   0.00626   0.02377   0.00310   0.01980   0.01287   0.00487   0.01419   0.02177   0.00972   0.01593   0.03206   0.11930   0.09192   0.17799   4.33397   0.41992  
 94  0.0010   7957.342598  x:  0.02572   0.02690   0.00325   0.00432   0.00000   0.00000   0.17297   0.03340   0.06956   0.00814   0.02137   0.01257   0.02268   0.00735   0.00886   0.00485   0.00166   0.00482   0.00795   0.00000   0.00163   0.01418   0.00609   0.00643   0.00268   0.00291   0.01574   0.00374   0.02006   0.01128   0.01282   0.30039   0.01175   0.01156   0.01487   0.01523   0.00000   0.00664   0.01460   0.00471   0.00155   0.00814   0.02533   0.02865   0.02413   0.01734   0.01014   0.02581   0.02813   0.00635   0.02363   0.00328   0.01979   0.01284   0.00477   0.01392   0.02203   0.00980   0.01594   0.03161   0.11887   0.09151   0.17764   4.33198   0.41882  
 95  0.0012   7957.316826  x:  0.02542   0.02682   0.00339   0.00448   0.00000   0.00000   0.17328   0.03316   0.06961   0.00827   0.02135   0.01264   0.02277   0.00743   0.00890   0.00488   0.00166   0.00483   0.00809   0.00000   0.00156   0.01406   0.00601   0.00659   0.00257   0.00287   0.01573   0.00379   0.01995   0.01139   0.01291   0.29969   0.01186   0.01198   0.01513   0.01509   0.00000   0.00647   0.01451   0.00486   0.00160   0.00811   0.02522   0.02862   0.02425   0.01727   0.01024   0.02577   0.02796   0.00640   0.02378   0.00340   0.01982   0.01294   0.00479   0.01390   0.02191   0.00984   0.01594   0.03142   0.11910   0.09143   0.17839   4.32416   0.41919  
 96  0.0036   7957.307725  x:  0.02550   0.02688   0.00344   0.00449   0.00000   0.00000   0.17284   0.03330   0.06955   0.00837   0.02152   0.01264   0.02266   0.00740   0.00876   0.00485   0.00166   0.00483   0.00805   0.00000   0.00160   0.01403   0.00605   0.00671   0.00254   0.00277   0.01566   0.00374   0.01998   0.01140   0.01282   0.29944   0.01185   0.01190   0.01506   0.01510   0.00000   0.00632   0.01446   0.00483   0.00160   0.00804   0.02536   0.02861   0.02422   0.01728   0.01028   0.02581   0.02789   0.00637   0.02371   0.00343   0.01983   0.01279   0.00483   0.01404   0.02177   0.00991   0.01597   0.03139   0.11916   0.09154   0.17837   4.33484   0.41938  
 97  0.0057   7957.304180  x:  0.02556   0.02683   0.00341   0.00455   0.00000   0.00000   0.17278   0.03332   0.06956   0.00842   0.02148   0.01261   0.02266   0.00737   0.00874   0.00482   0.00168   0.00483   0.00806   0.00000   0.00153   0.01407   0.00605   0.00682   0.00256   0.00274   0.01566   0.00371   0.01997   0.01138   0.01281   0.29969   0.01185   0.01182   0.01505   0.01516   0.00000   0.00637   0.01450   0.00483   0.00161   0.00808   0.02532   0.02859   0.02420   0.01729   0.01025   0.02582   0.02793   0.00638   0.02371   0.00346   0.01981   0.01282   0.00486   0.01407   0.02177   0.00990   0.01598   0.03134   0.11913   0.09159   0.17819   4.33622   0.41936  
 98  0.0009   7957.302477  x:  0.02553   0.02684   0.00339   0.00459   0.00000   0.00000   0.17290   0.03329   0.06955   0.00845   0.02142   0.01255   0.02270   0.00737   0.00879   0.00481   0.00167   0.00482   0.00807   0.00000   0.00157   0.01409   0.00605   0.00687   0.00258   0.00272   0.01567   0.00368   0.01995   0.01136   0.01283   0.29984   0.01183   0.01179   0.01505   0.01517   0.00000   0.00632   0.01452   0.00484   0.00162   0.00804   0.02531   0.02861   0.02421   0.01729   0.01024   0.02581   0.02797   0.00637   0.02372   0.00346   0.01980   0.01287   0.00487   0.01404   0.02184   0.00987   0.01597   0.03140   0.11910   0.09159   0.17811   4.33527   0.41943  
 99  0.0007   7957.301813  x:  0.02550   0.02689   0.00339   0.00462   0.00000   0.00000   0.17300   0.03329   0.06959   0.00842   0.02145   0.01254   0.02270   0.00734   0.00882   0.00481   0.00166   0.00482   0.00805   0.00000   0.00156   0.01407   0.00607   0.00685   0.00259   0.00270   0.01563   0.00367   0.01999   0.01136   0.01285   0.29967   0.01183   0.01178   0.01501   0.01513   0.00000   0.00632   0.01451   0.00483   0.00162   0.00804   0.02536   0.02865   0.02422   0.01728   0.01026   0.02580   0.02796   0.00634   0.02372   0.00347   0.01982   0.01283   0.00487   0.01398   0.02188   0.00985   0.01597   0.03136   0.11913   0.09157   0.17820   4.33365   0.41943  
100  0.0008   7957.300904  x:  0.02558   0.02681   0.00337   0.00465   0.00000   0.00000   0.17296   0.03330   0.06949   0.00839   0.02147   0.01258   0.02267   0.00729   0.00883   0.00483   0.00165   0.00484   0.00805   0.00000   0.00157   0.01403   0.00607   0.00683   0.00260   0.00271   0.01562   0.00368   0.02001   0.01137   0.01283   0.29961   0.01183   0.01177   0.01504   0.01513   0.00000   0.00633   0.01449   0.00480   0.00162   0.00803   0.02536   0.02865   0.02418   0.01729   0.01025   0.02581   0.02795   0.00635   0.02372   0.00349   0.01982   0.01288   0.00490   0.01398   0.02183   0.00987   0.01597   0.03145   0.11913   0.09158   0.17832   4.33237   0.41940  
101  0.0003   7957.300067  x:  0.02553   0.02687   0.00339   0.00468   0.00000   0.00000   0.17290   0.03329   0.06959   0.00838   0.02144   0.01256   0.02270   0.00724   0.00882   0.00485   0.00164   0.00482   0.00806   0.00000   0.00157   0.01403   0.00607   0.00682   0.00260   0.00271   0.01565   0.00370   0.01997   0.01137   0.01283   0.29976   0.01182   0.01181   0.01501   0.01514   0.00000   0.00633   0.01451   0.00477   0.00161   0.00803   0.02534   0.02861   0.02422   0.01728   0.01024   0.02582   0.02795   0.00639   0.02373   0.00352   0.01981   0.01282   0.00490   0.01401   0.02183   0.00987   0.01597   0.03148   0.11909   0.09160   0.17822   4.33299   0.41946  
102  0.0003   7957.299405  x:  0.02547   0.02689   0.00340   0.00469   0.00000   0.00000   0.17294   0.03329   0.06958   0.00839   0.02145   0.01257   0.02267   0.00722   0.00879   0.00483   0.00163   0.00483   0.00806   0.00000   0.00157   0.01409   0.00609   0.00680   0.00259   0.00272   0.01563   0.00370   0.01997   0.01136   0.01285   0.29974   0.01182   0.01179   0.01506   0.01514   0.00000   0.00634   0.01451   0.00478   0.00161   0.00803   0.02533   0.02863   0.02420   0.01728   0.01026   0.02579   0.02795   0.00638   0.02369   0.00354   0.01981   0.01287   0.00489   0.01401   0.02186   0.00986   0.01597   0.03149   0.11912   0.09160   0.17809   4.33382   0.41946  
103  0.0003   7957.298415  x:  0.02554   0.02682   0.00340   0.00469   0.00000   0.00000   0.17299   0.03329   0.06955   0.00841   0.02145   0.01255   0.02271   0.00722   0.00880   0.00481   0.00162   0.00483   0.00806   0.00000   0.00158   0.01413   0.00606   0.00680   0.00257   0.00274   0.01570   0.00369   0.01999   0.01137   0.01283   0.29962   0.01183   0.01179   0.01504   0.01516   0.00000   0.00636   0.01450   0.00481   0.00159   0.00804   0.02533   0.02866   0.02422   0.01728   0.01027   0.02582   0.02796   0.00635   0.02373   0.00358   0.01984   0.01282   0.00488   0.01398   0.02188   0.00991   0.01597   0.03148   0.11917   0.09152   0.17813   4.33407   0.41935  
104  0.0001   7957.297627  x:  0.02555   0.02690   0.00340   0.00466   0.00000   0.00000   0.17292   0.03330   0.06956   0.00845   0.02145   0.01254   0.02270   0.00722   0.00883   0.00479   0.00160   0.00482   0.00806   0.00000   0.00159   0.01407   0.00607   0.00680   0.00257   0.00273   0.01567   0.00368   0.01998   0.01137   0.01283   0.29969   0.01183   0.01179   0.01505   0.01515   0.00000   0.00637   0.01450   0.00482   0.00157   0.00804   0.02535   0.02862   0.02421   0.01728   0.01024   0.02582   0.02795   0.00636   0.02372   0.00361   0.01981   0.01285   0.00490   0.01398   0.02184   0.00987   0.01596   0.03143   0.11911   0.09153   0.17823   4.33431   0.41936  
105  0.0001   7957.297196  x:  0.02550   0.02685   0.00339   0.00467   0.00000   0.00000   0.17293   0.03329   0.06959   0.00845   0.02144   0.01257   0.02269   0.00726   0.00881   0.00481   0.00160   0.00482   0.00805   0.00000   0.00159   0.01404   0.00608   0.00680   0.00258   0.00273   0.01564   0.00369   0.01998   0.01136   0.01285   0.29978   0.01182   0.01178   0.01502   0.01514   0.00000   0.00639   0.01451   0.00484   0.00158   0.00805   0.02534   0.02863   0.02421   0.01729   0.01025   0.02580   0.02794   0.00636   0.02371   0.00363   0.01982   0.01282   0.00489   0.01400   0.02185   0.00987   0.01597   0.03142   0.11909   0.09161   0.17825   4.33374   0.41939  
106  0.0002   7957.296881  x:  0.02551   0.02686   0.00339   0.00465   0.00000   0.00000   0.17296   0.03330   0.06954   0.00843   0.02145   0.01255   0.02269   0.00728   0.00879   0.00483   0.00159   0.00482   0.00807   0.00000   0.00160   0.01406   0.00606   0.00682   0.00259   0.00272   0.01564   0.00369   0.01997   0.01136   0.01283   0.29969   0.01183   0.01180   0.01502   0.01513   0.00000   0.00639   0.01450   0.00482   0.00157   0.00805   0.02533   0.02864   0.02420   0.01728   0.01025   0.02581   0.02796   0.00636   0.02371   0.00365   0.01981   0.01284   0.00488   0.01399   0.02187   0.00986   0.01597   0.03140   0.11911   0.09161   0.17818   4.33386   0.41947  
107  0.0001   7957.296763  x:  0.02554   0.02687   0.00339   0.00466   0.00000   0.00000   0.17295   0.03329   0.06956   0.00842   0.02145   0.01256   0.02269   0.00730   0.00880   0.00483   0.00159   0.00482   0.00805   0.00000   0.00160   0.01407   0.00607   0.00683   0.00259   0.00272   0.01564   0.00369   0.01997   0.01137   0.01284   0.29969   0.01183   0.01179   0.01503   0.01514   0.00000   0.00640   0.01450   0.00481   0.00158   0.00806   0.02534   0.02863   0.02421   0.01728   0.01024   0.02581   0.02795   0.00636   0.02372   0.00365   0.01981   0.01282   0.00490   0.01398   0.02186   0.00985   0.01597   0.03142   0.11913   0.09158   0.17818   4.33391   0.41946  
108  0.0000   7957.296692  x:  0.02552   0.02686   0.00339   0.00465   0.00000   0.00000   0.17293   0.03329   0.06957   0.00841   0.02144   0.01255   0.02270   0.00731   0.00881   0.00483   0.00159   0.00482   0.00806   0.00000   0.00160   0.01407   0.00607   0.00683   0.00258   0.00272   0.01565   0.00369   0.01998   0.01137   0.01284   0.29974   0.01182   0.01178   0.01504   0.01515   0.00000   0.00640   0.01451   0.00481   0.00158   0.00806   0.02534   0.02863   0.02421   0.01728   0.01025   0.02581   0.02794   0.00637   0.02371   0.00366   0.01982   0.01284   0.00490   0.01398   0.02185   0.00986   0.01596   0.03141   0.11913   0.09156   0.17821   4.33449   0.41939  
109  0.0002   7957.296622  x:  0.02552   0.02687   0.00339   0.00466   0.00000   0.00000   0.17294   0.03330   0.06956   0.00841   0.02145   0.01254   0.02269   0.00731   0.00881   0.00481   0.00159   0.00483   0.00806   0.00000   0.00160   0.01406   0.00607   0.00682   0.00258   0.00272   0.01566   0.00369   0.01998   0.01136   0.01283   0.29972   0.01182   0.01178   0.01503   0.01515   0.00000   0.00641   0.01450   0.00480   0.00159   0.00805   0.02533   0.02863   0.02421   0.01728   0.01025   0.02581   0.02796   0.00637   0.02371   0.00366   0.01981   0.01283   0.00490   0.01399   0.02186   0.00986   0.01597   0.03142   0.11911   0.09159   0.17821   4.33384   0.41938  
110  0.0002   7957.296548  x:  0.02553   0.02686   0.00339   0.00465   0.00000   0.00000   0.17295   0.03330   0.06956   0.00842   0.02144   0.01255   0.02270   0.00731   0.00880   0.00481   0.00159   0.00482   0.00806   0.00000   0.00160   0.01406   0.00607   0.00682   0.00258   0.00272   0.01564   0.00369   0.01997   0.01136   0.01284   0.29969   0.01183   0.01178   0.01503   0.01513   0.00000   0.00641   0.01450   0.00480   0.00160   0.00805   0.02534   0.02863   0.02421   0.01728   0.01024   0.02581   0.02795   0.00637   0.02372   0.00367   0.01981   0.01283   0.00490   0.01399   0.02186   0.00986   0.01597   0.03141   0.11910   0.09159   0.17818   4.33416   0.41943  
111  0.0001   7957.296505  x:  0.02552   0.02686   0.00339   0.00464   0.00000   0.00000   0.17294   0.03329   0.06957   0.00843   0.02144   0.01256   0.02269   0.00730   0.00881   0.00482   0.00159   0.00482   0.00806   0.00000   0.00160   0.01407   0.00607   0.00682   0.00259   0.00272   0.01565   0.00369   0.01997   0.01137   0.01284   0.29972   0.01183   0.01179   0.01503   0.01514   0.00000   0.00642   0.01451   0.00480   0.00160   0.00804   0.02534   0.02864   0.02421   0.01728   0.01025   0.02581   0.02795   0.00636   0.02371   0.00367   0.01982   0.01283   0.00490   0.01398   0.02185   0.00986   0.01596   0.03141   0.11913   0.09158   0.17819   4.33406   0.41944  
112  0.0000   7957.296486  x:  0.02552   0.02686   0.00339   0.00464   0.00000   0.00000   0.17294   0.03330   0.06956   0.00843   0.02145   0.01255   0.02269   0.00729   0.00881   0.00482   0.00160   0.00482   0.00806   0.00000   0.00160   0.01407   0.00607   0.00682   0.00259   0.00272   0.01564   0.00369   0.01998   0.01137   0.01284   0.29972   0.01182   0.01179   0.01503   0.01515   0.00000   0.00642   0.01451   0.00480   0.00160   0.00804   0.02533   0.02863   0.02421   0.01728   0.01025   0.02581   0.02795   0.00636   0.02372   0.00368   0.01982   0.01283   0.00490   0.01398   0.02185   0.00986   0.01597   0.03141   0.11912   0.09157   0.17821   4.33383   0.41942  
113  0.0001   7957.296479  x:  0.02552   0.02686   0.00339   0.00464   0.00000   0.00000   0.17294   0.03329   0.06956   0.00842   0.02145   0.01255   0.02269   0.00729   0.00881   0.00482   0.00160   0.00482   0.00806   0.00000   0.00160   0.01407   0.00607   0.00682   0.00259   0.00272   0.01564   0.00369   0.01997   0.01136   0.01284   0.29971   0.01183   0.01178   0.01503   0.01514   0.00000   0.00642   0.01451   0.00481   0.00160   0.00804   0.02534   0.02863   0.02421   0.01728   0.01025   0.02581   0.02795   0.00636   0.02371   0.00368   0.01982   0.01283   0.00490   0.01399   0.02186   0.00986   0.01597   0.03142   0.11911   0.09158   0.17820   4.33386   0.41941  
114  0.0000   7957.296476  x:  0.02552   0.02686   0.00339   0.00464   0.00000   0.00000   0.17294   0.03330   0.06956   0.00842   0.02145   0.01255   0.02269   0.00729   0.00881   0.00482   0.00160   0.00482   0.00806   0.00000   0.00160   0.01407   0.00607   0.00682   0.00259   0.00272   0.01565   0.00369   0.01998   0.01136   0.01284   0.29972   0.01183   0.01178   0.01503   0.01514   0.00000   0.00642   0.01450   0.00481   0.00160   0.00804   0.02534   0.02863   0.02421   0.01728   0.01025   0.02581   0.02795   0.00636   0.02371   0.00368   0.01982   0.01283   0.00490   0.01398   0.02186   0.00986   0.01597   0.03142   0.11912   0.09158   0.17820   4.33401   0.41942  
115  0.0001   7957.296472  x:  0.02552   0.02686   0.00339   0.00464   0.00000   0.00000   0.17294   0.03330   0.06956   0.00842   0.02145   0.01255   0.02269   0.00729   0.00881   0.00482   0.00160   0.00482   0.00806   0.00000   0.00160   0.01407   0.00607   0.00682   0.00259   0.00272   0.01565   0.00369   0.01998   0.01136   0.01284   0.29971   0.01182   0.01178   0.01503   0.01514   0.00000   0.00642   0.01451   0.00481   0.00160   0.00803   0.02534   0.02863   0.02421   0.01728   0.01025   0.02581   0.02795   0.00637   0.02371   0.00368   0.01982   0.01283   0.00490   0.01398   0.02186   0.00986   0.01597   0.03142   0.11912   0.09158   0.17819   4.33411   0.41944  
116  0.0000   7957.296468  x:  0.02553   0.02686   0.00339   0.00464   0.00000   0.00000   0.17294   0.03329   0.06956   0.00841   0.02145   0.01255   0.02269   0.00729   0.00881   0.00482   0.00160   0.00482   0.00806   0.00000   0.00160   0.01406   0.00607   0.00682   0.00259   0.00272   0.01564   0.00369   0.01998   0.01136   0.01284   0.29970   0.01182   0.01179   0.01503   0.01515   0.00000   0.00642   0.01451   0.00481   0.00160   0.00803   0.02534   0.02863   0.02421   0.01728   0.01025   0.02581   0.02795   0.00636   0.02371   0.00368   0.01982   0.01283   0.00490   0.01398   0.02186   0.00986   0.01597   0.03142   0.11912   0.09158   0.17819   4.33396   0.41942  
117  0.0000   7957.296465  x:  0.02552   0.02686   0.00339   0.00464   0.00000   0.00000   0.17294   0.03329   0.06956   0.00842   0.02144   0.01255   0.02269   0.00729   0.00881   0.00482   0.00160   0.00482   0.00806   0.00000   0.00160   0.01406   0.00607   0.00682   0.00259   0.00272   0.01564   0.00369   0.01998   0.01136   0.01284   0.29971   0.01183   0.01178   0.01503   0.01514   0.00000   0.00642   0.01450   0.00481   0.00160   0.00803   0.02534   0.02863   0.02421   0.01728   0.01025   0.02581   0.02795   0.00636   0.02371   0.00368   0.01982   0.01283   0.00490   0.01399   0.02186   0.00986   0.01597   0.03142   0.11912   0.09158   0.17820   4.33384   0.41940  
118  0.0001   7957.296465  x:  0.02552   0.02686   0.00339   0.00464   0.00000   0.00000   0.17294   0.03329   0.06956   0.00842   0.02145   0.01255   0.02269   0.00729   0.00881   0.00482   0.00160   0.00482   0.00806   0.00000   0.00160   0.01407   0.00607   0.00682   0.00259   0.00272   0.01565   0.00369   0.01998   0.01136   0.01284   0.29971   0.01183   0.01178   0.01503   0.01514   0.00000   0.00642   0.01450   0.00481   0.00160   0.00803   0.02534   0.02863   0.02421   0.01728   0.01025   0.02581   0.02795   0.00636   0.02371   0.00368   0.01982   0.01283   0.00490   0.01398   0.02185   0.00986   0.01597   0.03142   0.11912   0.09158   0.17820   4.33389   0.41941  
119  0.0000   7957.296464  x:  0.02552   0.02686   0.00339   0.00464   0.00000   0.00000   0.17294   0.03329   0.06956   0.00842   0.02145   0.01255   0.02269   0.00729   0.00881   0.00482   0.00160   0.00482   0.00806   0.00000   0.00160   0.01407   0.00607   0.00682   0.00259   0.00272   0.01565   0.00369   0.01998   0.01136   0.01284   0.29971   0.01183   0.01178   0.01503   0.01514   0.00000   0.00642   0.01451   0.00481   0.00160   0.00803   0.02534   0.02863   0.02421   0.01728   0.01025   0.02581   0.02795   0.00636   0.02371   0.00368   0.01982   0.01283   0.00490   0.01398   0.02186   0.00986   0.01597   0.03142   0.11912   0.09158   0.17820   4.33394   0.41942  
120  0.0000   7957.296464  x:  0.02552   0.02686   0.00339   0.00464   0.00000   0.00000   0.17294   0.03329   0.06956   0.00842   0.02145   0.01255   0.02269   0.00729   0.00881   0.00482   0.00160   0.00482   0.00806   0.00000   0.00160   0.01407   0.00607   0.00682   0.00259   0.00272   0.01565   0.00369   0.01998   0.01136   0.01284   0.29971   0.01183   0.01178   0.01503   0.01514   0.00000   0.00642   0.01451   0.00481   0.00160   0.00803   0.02534   0.02863   0.02421   0.01728   0.01025   0.02581   0.02795   0.00636   0.02371   0.00368   0.01982   0.01283   0.00490   0.01398   0.02186   0.00986   0.01597   0.03142   0.11912   0.09158   0.17820   4.33394   0.41942  