

TREE # 1

  0  0.0000  58466.829517  x:  0.07916   0.07015   0.07018   0.05062   0.10499   0.08425   0.05333   0.09711   0.06776   0.01778   0.03973   0.01371   0.10736   0.09043   0.06233   0.09976   0.02440   0.06289   0.07909   0.09395   0.02521   0.05560   0.02261   0.08143   0.08676   0.10636   0.01262   0.04852   0.04596   0.02794   0.02344   0.08338   0.09329   0.10143   0.07357   0.09611   0.02523   0.01646   0.07969   0.10672   0.08532   0.04407   0.09217   0.02447   0.09843   0.10330   0.10431   0.01684   0.07801   0.05724   0.10251   0.04180   0.06097   0.04980   0.09952   1.12663   1.15968  
  1 99.0000  51956.444227  x:  0.10479   0.09264   0.09370   0.03971   0.08266   0.06152   0.03014   0.07613   0.04481   0.00000   0.01685   0.00092   0.08616   0.07371   0.05051   0.07796   0.00471   0.08361   0.13757   0.10836   0.43355   0.10179   0.26388   0.08706   0.11693   0.12377   0.38220   0.04659   0.08361   0.03407   0.04853   0.06226   0.07113   0.08036   0.05164   0.09858   0.06886   0.01516   0.05963   0.08498   0.06159   0.05367   0.07577   0.21937   0.18058   0.13658   0.09486   0.04188   0.10596   0.19027   0.22692   0.11375   0.06265   0.06036   0.15262   1.15134   1.13440  
  2 45188.9859  51560.277678  x:  0.11161   0.09855   0.09985   0.03671   0.07608   0.05488   0.02341   0.06999   0.03825   0.08008   0.01069   0.00533   0.07994   0.06889   0.04721   0.07156   0.00000   0.08881   0.15259   0.11122   0.52722   0.11206   0.31895   0.08774   0.12493   0.12848   0.46611   0.04567   0.09298   0.03530   0.05440   0.05604   0.06459   0.07419   0.04522   0.09923   0.07897   0.01391   0.05379   0.07857   0.05456   0.05638   0.07083   0.26437   0.20157   0.14510   0.09197   0.04744   0.11298   0.22244   0.25822   0.13109   0.06307   0.06305   0.16650   1.15858   1.12689  
  3 177029.4527  51221.313179  x:  0.11918   0.10459   0.10599   0.03296   0.06386   0.04259   0.01116   0.05889   0.02596   0.09902   0.00000   0.00984   0.06858   0.06073   0.04351   0.06056   0.10957   0.09256   0.16613   0.10814   0.54984   0.11136   0.32987   0.08285   0.13369   0.13425   0.48086   0.04169   0.09910   0.03391   0.05555   0.04456   0.05232   0.06298   0.03359   0.09985   0.08120   0.00585   0.04352   0.06660   0.04116   0.06048   0.06089   0.27623   0.22005   0.15263   0.08582   0.04642   0.11805   0.23967   0.28286   0.13950   0.06332   0.06511   0.18065   1.17169   1.11237  
  4 18908.4301  51017.058597  x:  0.12329   0.10774   0.10919   0.03110   0.05601   0.03471   0.00373   0.05193   0.01873   0.10269   0.03338   0.00985   0.06141   0.05579   0.04102   0.05324   0.13202   0.09427   0.17317   0.10552   0.55389   0.10951   0.33055   0.07927   0.13842   0.13745   0.48065   0.03915   0.10189   0.03290   0.05556   0.03731   0.04446   0.05592   0.02633   0.10018   0.08162   0.00000   0.03722   0.05896   0.03244   0.06290   0.05431   0.27878   0.22972   0.15651   0.08180   0.04488   0.12045   0.24724   0.29544   0.14291   0.06341   0.06607   0.18829   1.18003   1.10291  
  5 18143.4755  50834.762717  x:  0.12596   0.10968   0.11116   0.03016   0.05000   0.02875   0.00000   0.04679   0.01312   0.10238   0.03263   0.00894   0.05604   0.05231   0.03928   0.04757   0.13072   0.09519   0.17764   0.10326   0.55290   0.10755   0.32860   0.07640   0.14148   0.13957   0.47671   0.03734   0.10344   0.03220   0.05531   0.03192   0.03848   0.05065   0.02107   0.10039   0.08168   0.00000   0.03274   0.05316   0.02564   0.06460   0.04910   0.27872   0.23591   0.15894   0.07868   0.04332   0.12184   0.25144   0.30340   0.14463   0.06343   0.06659   0.19327   1.18636   1.09554  
  6 11616.5948  50431.115242  x:  0.13224   0.11425   0.11581   0.02797   0.03585   0.01472   0.00076   0.03471   0.00000   0.10171   0.03127   0.00691   0.04342   0.04414   0.03519   0.03425   0.12804   0.09736   0.18817   0.09796   0.55066   0.10296   0.32406   0.06963   0.14867   0.14454   0.46752   0.03310   0.10708   0.03056   0.05473   0.01926   0.02443   0.03827   0.00873   0.10088   0.08182   0.00000   0.02221   0.03951   0.00961   0.06860   0.03687   0.27864   0.25050   0.16466   0.07134   0.03968   0.12509   0.26137   0.32216   0.14870   0.06349   0.06781   0.20501   1.20126   1.07818  
  7 334243.1927  50227.281912  x:  0.13586   0.11686   0.11847   0.02686   0.02748   0.00658   0.00108   0.02776   0.00364   0.10125   0.03042   0.00647   0.03605   0.03949   0.03298   0.02642   0.12654   0.09859   0.19427   0.09482   0.54944   0.10026   0.32143   0.06565   0.15282   0.14740   0.46215   0.03071   0.10918   0.02969   0.05443   0.01204   0.01620   0.03107   0.00222   0.10116   0.08196   0.00000   0.01634   0.03149   0.00000   0.07081   0.02972   0.27865   0.25899   0.16797   0.06697   0.03754   0.12696   0.26719   0.33312   0.15108   0.06352   0.06850   0.21182   1.21012   1.06778  
  8 76206.9265  50059.303891  x:  0.13964   0.11942   0.12109   0.02668   0.01786   0.00000   0.00130   0.02092   0.00555   0.10046   0.02971   0.00979   0.02812   0.03526   0.03162   0.01782   0.12499   0.09972   0.20079   0.09110   0.54849   0.09723   0.31862   0.06109   0.15711   0.15036   0.45604   0.02863   0.11132   0.02924   0.05432   0.00653   0.00776   0.02367   0.01420   0.10144   0.08235   0.00000   0.01246   0.02258   0.00000   0.07262   0.02212   0.27892   0.26824   0.17143   0.06171   0.03512   0.12885   0.27372   0.34526   0.15374   0.06351   0.06912   0.21916   1.22084   1.05473  
  9 23340.5475  49957.073158  x:  0.14291   0.12164   0.12336   0.02650   0.00961   0.00197   0.00148   0.01501   0.00714   0.09980   0.02910   0.01249   0.02131   0.03160   0.03043   0.01042   0.12367   0.10071   0.20644   0.08790   0.54767   0.09462   0.31619   0.05716   0.16083   0.15292   0.45076   0.02682   0.11317   0.02885   0.05421   0.00192   0.00057   0.01729   0.02316   0.10169   0.08269   0.00000   0.00913   0.01491   0.00000   0.07419   0.01559   0.27915   0.27624   0.17443   0.05717   0.03303   0.13048   0.27938   0.35576   0.15604   0.06350   0.06965   0.22551   1.23010   1.04345  
 10 109123.4602  49864.991162  x:  0.14646   0.12402   0.12580   0.02643   0.00107   0.00333   0.00165   0.00904   0.00858   0.09914   0.02849   0.01489   0.01421   0.02789   0.02932   0.00291   0.12233   0.10175   0.21260   0.08434   0.54684   0.09174   0.31353   0.05282   0.16486   0.15569   0.44492   0.02496   0.11518   0.02847   0.05415   0.00340   0.00582   0.01081   0.03031   0.10196   0.08310   0.00000   0.00665   0.00699   0.00000   0.07583   0.00893   0.27945   0.28501   0.17768   0.05213   0.03074   0.13223   0.28560   0.36731   0.15857   0.06349   0.07022   0.23246   1.24043   1.03076  
 11 30656.7895  49790.531691  x:  0.15077   0.12681   0.12865   0.02687   0.01010   0.00418   0.00183   0.00482   0.00990   0.09845   0.02785   0.01680   0.00741   0.02447   0.02868   0.00098   0.12083   0.10294   0.22016   0.07980   0.54599   0.08816   0.31027   0.04742   0.16972   0.15903   0.43753   0.02308   0.11756   0.02824   0.05417   0.00858   0.00700   0.00542   0.03592   0.10227   0.08375   0.00000   0.00834   0.00110   0.00000   0.07759   0.00381   0.27996   0.29587   0.18163   0.04567   0.02794   0.13430   0.29339   0.38173   0.16173   0.06345   0.07084   0.24102   1.25386   1.01397  
 12 14340.9687  49701.613633  x:  0.15606   0.13019   0.13212   0.02739   0.01280   0.00497   0.00202   0.00303   0.01127   0.09768   0.02711   0.01858   0.00165   0.02068   0.02813   0.00672   0.11902   0.10438   0.22946   0.07418   0.54501   0.08377   0.30627   0.04080   0.17567   0.16312   0.42837   0.02091   0.12046   0.02799   0.05418   0.01243   0.00791   0.00203   0.04142   0.10265   0.08464   0.00000   0.01124   0.00608   0.00000   0.07976   0.00122   0.28062   0.30926   0.18646   0.03770   0.02453   0.13681   0.30301   0.39954   0.16563   0.06341   0.07160   0.25156   1.27057   0.99294  
 13 27038.7101  49272.270044  x:  0.18115   0.14620   0.14853   0.02958   0.02192   0.00811   0.00285   0.00428   0.01719   0.09414   0.02365   0.02586   0.01114   0.00401   0.02534   0.01805   0.11073   0.11118   0.27360   0.04752   0.54040   0.06297   0.28729   0.00955   0.20390   0.18248   0.38479   0.01102   0.13416   0.02679   0.05423   0.02778   0.01092   0.00766   0.06438   0.10444   0.08902   0.00000   0.02125   0.01276   0.00000   0.09019   0.01175   0.28383   0.37283   0.20934   0.00000   0.00850   0.14869   0.34871   0.48416   0.18415   0.06319   0.07513   0.30159   1.35021   0.89252  
 14 58508.6195  49272.270044  x:  0.18115   0.14620   0.14853   0.02958   0.02192   0.00811   0.00285   0.00428   0.01719   0.09414   0.02365   0.02586   0.01114   0.00401   0.02534   0.01805   0.11073   0.11118   0.27360   0.04752   0.54040   0.06297   0.28729   0.00955   0.20390   0.18248   0.38479   0.01102   0.13416   0.02679   0.05423   0.02778   0.01092   0.00766   0.06438   0.10444   0.08902   0.00000   0.02125   0.01276   0.00000   0.09019   0.01175   0.28383   0.37283   0.20934   0.00000   0.00850   0.14869   0.34871   0.48416   0.18415   0.06319   0.07513   0.30159   1.35021   0.89252  
 15 33144.9507  49110.054195  x:  0.18188   0.14592   0.14817   0.02970   0.01601   0.00204   0.00000   0.01926   0.01094   0.08551   0.01544   0.02009   0.01317   0.05356   0.02715   0.01301   0.10218   0.11150   0.27488   0.04715   0.54213   0.06332   0.28770   0.01234   0.20431   0.18269   0.38355   0.01557   0.13395   0.02758   0.05445   0.02159   0.00616   0.01245   0.05640   0.10435   0.08969   0.00000   0.01795   0.00998   0.00000   0.08919   0.01168   0.28504   0.37529   0.20959   0.01266   0.01172   0.14851   0.35082   0.48810   0.18518   0.06312   0.07481   0.30335   1.35626   0.88261  
 16 10471.1499  49086.912768  x:  0.18211   0.14584   0.14806   0.02973   0.01419   0.00022   0.00229   0.02375   0.00903   0.08284   0.01291   0.01832   0.01379   0.06843   0.02770   0.01146   0.09954   0.11160   0.27528   0.04703   0.54266   0.06343   0.28782   0.01320   0.20443   0.18276   0.38317   0.01695   0.13389   0.02782   0.05452   0.01969   0.00471   0.01389   0.05394   0.10433   0.08990   0.00000   0.01694   0.00914   0.00000   0.08888   0.01166   0.28542   0.37604   0.20967   0.01647   0.01269   0.14845   0.35148   0.48931   0.18550   0.06310   0.07471   0.30390   1.35812   0.87955  
 17 348757.5613  49025.060963  x:  0.18284   0.14542   0.14757   0.02951   0.00621   0.03319   0.00531   0.02812   0.00172   0.07033   0.00168   0.01155   0.01529   0.09154   0.02948   0.00612   0.08714   0.11162   0.27707   0.04642   0.54513   0.06388   0.28836   0.01645   0.20498   0.18302   0.38132   0.02099   0.13358   0.02859   0.05482   0.01171   0.00189   0.01571   0.04247   0.10424   0.09056   0.00000   0.01350   0.00728   0.00000   0.08753   0.01158   0.28713   0.37954   0.21003   0.02311   0.01522   0.14808   0.35449   0.49494   0.18672   0.06303   0.07427   0.30627   1.36681   0.86517  
 18 10754.8502  48902.917382  x:  0.18374   0.14469   0.14678   0.02900   0.00000   0.03656   0.00568   0.02371   0.00643   0.04882   0.00267   0.00260   0.01437   0.09643   0.03119   0.00634   0.06587   0.11123   0.28002   0.04531   0.54934   0.06452   0.28916   0.02042   0.20585   0.18340   0.37805   0.02409   0.13302   0.02920   0.05527   0.00315   0.01901   0.01422   0.02319   0.10416   0.09117   0.00000   0.01164   0.00941   0.00000   0.08549   0.01150   0.29000   0.38540   0.21062   0.02456   0.01683   0.14732   0.35954   0.50441   0.18841   0.06294   0.07362   0.31005   1.38159   0.84034  
 19 5633.1254  48876.176334  x:  0.18399   0.14450   0.14657   0.02891   0.00146   0.03756   0.00579   0.02253   0.00742   0.04293   0.00276   0.00068   0.01416   0.09783   0.03164   0.00639   0.06005   0.11112   0.28083   0.04501   0.55049   0.06470   0.28938   0.02150   0.20608   0.18351   0.37716   0.02493   0.13287   0.02936   0.05539   0.00119   0.02316   0.01384   0.01793   0.10414   0.09134   0.00000   0.01115   0.00993   0.00000   0.08494   0.01148   0.29078   0.38700   0.21078   0.02497   0.01726   0.14711   0.36092   0.50700   0.18887   0.06291   0.07344   0.31108   1.38563   0.83353  
 20 74835.1274  48793.653237  x:  0.18466   0.14396   0.14598   0.02863   0.00318   0.04000   0.00607   0.01936   0.00943   0.02681   0.00267   0.00409   0.01358   0.10161   0.03284   0.00656   0.04409   0.11083   0.28303   0.04419   0.55363   0.06518   0.28997   0.02437   0.20672   0.18379   0.37470   0.02713   0.13246   0.02981   0.05574   0.00000   0.03330   0.01287   0.00368   0.10407   0.09178   0.00000   0.00997   0.01116   0.00000   0.08344   0.01142   0.29292   0.39138   0.21121   0.02604   0.01839   0.14652   0.36469   0.51409   0.19011   0.06285   0.07296   0.31390   1.39671   0.81487  
 21 56079.0833  48779.044268  x:  0.18479   0.14386   0.14587   0.02858   0.00348   0.04048   0.00612   0.01877   0.00981   0.02379   0.00265   0.00444   0.01348   0.10233   0.03306   0.00659   0.04110   0.11078   0.28345   0.04404   0.55422   0.06526   0.29008   0.02490   0.20684   0.18384   0.37424   0.02755   0.13239   0.02989   0.05581   0.00036   0.03520   0.01269   0.00105   0.10405   0.09186   0.00000   0.00974   0.01139   0.00000   0.08316   0.01141   0.29332   0.39220   0.21129   0.02624   0.01861   0.14642   0.36540   0.51542   0.19035   0.06284   0.07287   0.31443   1.39878   0.81137  
 22 440483.6483  48669.353053  x:  0.18569   0.14313   0.14509   0.02820   0.00491   0.04257   0.00637   0.01440   0.01021   0.00155   0.00187   0.00638   0.01286   0.10613   0.03441   0.00717   0.01886   0.11035   0.28649   0.04291   0.55861   0.06589   0.29088   0.02851   0.20771   0.18421   0.37078   0.03010   0.13183   0.03043   0.05629   0.00113   0.04533   0.01192   0.00462   0.10395   0.09241   0.00000   0.00903   0.01239   0.00000   0.08121   0.01131   0.29628   0.39826   0.21188   0.02722   0.01987   0.14558   0.37062   0.52526   0.19203   0.06277   0.07225   0.31832   1.41423   0.78518  
 23 15913.9809  48598.927639  x:  0.18637   0.14260   0.14454   0.02788   0.00491   0.04222   0.00635   0.01203   0.00651   0.00315   0.00268   0.00640   0.01289   0.10649   0.03477   0.00811   0.00147   0.10998   0.28889   0.04204   0.56220   0.06632   0.29145   0.03058   0.20835   0.18446   0.36791   0.03107   0.13140   0.03064   0.05662   0.00115   0.04650   0.01223   0.00482   0.10385   0.09268   0.00000   0.01042   0.01174   0.00000   0.07997   0.01120   0.29864   0.40311   0.21230   0.02701   0.02020   0.14482   0.37479   0.53319   0.19325   0.06275   0.07186   0.32136   1.42683   0.76337  
 24 8216.5982  48515.873474  x:  0.18738   0.14183   0.14376   0.02741   0.00425   0.04007   0.00614   0.01049   0.00030   0.00149   0.00116   0.00554   0.01319   0.10468   0.03480   0.00984   0.00140   0.10937   0.29258   0.04072   0.56783   0.06693   0.29229   0.03310   0.20930   0.18482   0.36337   0.03171   0.13077   0.03077   0.05707   0.00087   0.04437   0.01293   0.00370   0.10369   0.09296   0.00000   0.01232   0.01015   0.00000   0.07835   0.01119   0.30228   0.41064   0.21292   0.02588   0.02019   0.14356   0.38126   0.54555   0.19504   0.06276   0.07136   0.32603   1.44665   0.72865  
 25 7584.2718  48435.906273  x:  0.18850   0.14099   0.14291   0.02692   0.00392   0.03906   0.00603   0.00946   0.00098   0.00128   0.00000   0.00514   0.01362   0.10376   0.03487   0.01129   0.00178   0.10873   0.29663   0.03928   0.57402   0.06758   0.29321   0.03587   0.21035   0.18520   0.35839   0.03249   0.13009   0.03093   0.05757   0.00078   0.04119   0.01381   0.00330   0.10352   0.09327   0.00000   0.01416   0.00830   0.00000   0.07658   0.01120   0.30627   0.41889   0.21360   0.02495   0.02025   0.14218   0.38835   0.55911   0.19701   0.06278   0.07081   0.33115   1.46839   0.69055  
 26 82263.1138  48167.593960  x:  0.19294   0.13766   0.13952   0.02498   0.00269   0.03592   0.00566   0.00560   0.00306   0.00000   0.00006   0.00366   0.01537   0.10072   0.03517   0.01691   0.00372   0.10617   0.31273   0.03356   0.59861   0.07021   0.29688   0.04692   0.21451   0.18674   0.33858   0.03566   0.12736   0.03158   0.05953   0.00045   0.02814   0.01740   0.00183   0.10284   0.09453   0.00000   0.02139   0.00086   0.00000   0.06956   0.01124   0.32215   0.45170   0.21628   0.02142   0.02050   0.13671   0.41654   0.61305   0.20485   0.06284   0.06864   0.35151   1.55486   0.53904  
 27 3473502.9746  48143.731827  x:  0.19340   0.13732   0.13917   0.02479   0.00260   0.03565   0.00563   0.00515   0.00324   0.00002   0.00006   0.00355   0.01553   0.10049   0.03523   0.01748   0.00400   0.10591   0.31439   0.03297   0.60113   0.07048   0.29726   0.04809   0.21494   0.18690   0.33655   0.03603   0.12708   0.03165   0.05973   0.00043   0.02708   0.01773   0.00174   0.10277   0.09466   0.00000   0.02206   0.00015   0.00000   0.06882   0.01125   0.32378   0.45507   0.21655   0.02109   0.02055   0.13615   0.41944   0.61858   0.20566   0.06284   0.06841   0.35360   1.56372   0.52352  
 28 6124205.3470  48004.550703  x:  0.19721   0.13448   0.13627   0.02317   0.00173   0.03347   0.00538   0.00234   0.00459   0.00008   0.00010   0.00257   0.01696   0.09857   0.03557   0.02199   0.00623   0.10373   0.32815   0.02808   0.62215   0.07273   0.30040   0.05761   0.21850   0.18822   0.31964   0.03887   0.12475   0.03223   0.06140   0.00027   0.01666   0.02064   0.00098   0.10220   0.09577   0.00000   0.02783   0.00340   0.00000   0.06284   0.01121   0.33735   0.48311   0.21884   0.01830   0.02086   0.13147   0.44353   0.66466   0.21236   0.06289   0.06656   0.37101   1.63759   0.39415  
 29 693119.1670  47980.038526  x:  0.19810   0.13396   0.13574   0.02318   0.00178   0.03337   0.00533   0.01185   0.00450   0.00008   0.00010   0.00263   0.01671   0.09527   0.03554   0.02168   0.00600   0.10328   0.33132   0.02709   0.62719   0.07323   0.30114   0.05944   0.21930   0.18850   0.31573   0.03904   0.12432   0.03224   0.06158   0.00029   0.01664   0.02010   0.00107   0.10213   0.09596   0.00000   0.02781   0.00352   0.00000   0.06211   0.01119   0.34052   0.48967   0.21933   0.01706   0.02064   0.13030   0.44918   0.67556   0.21384   0.06297   0.06631   0.37502   1.65503   0.36513  
 30 25264.6197  47952.277434  x:  0.19904   0.13510   0.13689   0.02697   0.00144   0.03092   0.00507   0.01112   0.00405   0.00008   0.00009   0.00228   0.01434   0.09305   0.03382   0.00597   0.00549   0.10383   0.33369   0.02787   0.63303   0.07338   0.30181   0.05642   0.21973   0.18847   0.31282   0.03455   0.12515   0.03109   0.05979   0.00025   0.01358   0.01459   0.00096   0.10269   0.09554   0.00000   0.01711   0.00332   0.00000   0.06849   0.01105   0.34327   0.49549   0.21920   0.01730   0.01819   0.12853   0.45425   0.68641   0.21432   0.06373   0.06808   0.37799   1.67212   0.35604  
 31 2053.1883  47934.123472  x:  0.20032   0.13751   0.13930   0.02964   0.00122   0.03093   0.00508   0.01124   0.00411   0.00008   0.00009   0.00206   0.01474   0.09316   0.03145   0.01221   0.00503   0.10507   0.33635   0.02958   0.64156   0.07329   0.30272   0.04986   0.22008   0.18829   0.30968   0.02731   0.12702   0.02977   0.05652   0.00024   0.01169   0.01283   0.00085   0.10372   0.09490   0.00000   0.00708   0.00340   0.00000   0.07772   0.01194   0.34676   0.50300   0.21862   0.01900   0.01453   0.12577   0.46085   0.70132   0.21444   0.06480   0.07100   0.38137   1.69548   0.35929  
 32 1720.9337  47894.721905  x:  0.20373   0.14434   0.14613   0.03377   0.00140   0.03259   0.00527   0.01204   0.00447   0.00009   0.00010   0.00233   0.01636   0.09497   0.02661   0.01290   0.00586   0.10849   0.34325   0.03393   0.66561   0.07268   0.30528   0.03124   0.22093   0.18777   0.30174   0.00983   0.13250   0.02735   0.04811   0.00030   0.01464   0.01386   0.00096   0.10657   0.09349   0.00000   0.01754   0.00366   0.00000   0.09992   0.01353   0.35619   0.52354   0.21662   0.02378   0.00563   0.11787   0.47900   0.74295   0.21453   0.06725   0.07836   0.39025   1.76110   0.37700  
 33 4457.3670  47859.612504  x:  0.20631   0.15026   0.15205   0.02723   0.00114   0.03052   0.00500   0.01358   0.00481   0.00010   0.00011   0.00193   0.01552   0.08993   0.03123   0.01039   0.00662   0.11067   0.34890   0.03506   0.69191   0.07060   0.30810   0.01763   0.22160   0.18744   0.29657   0.02929   0.13790   0.03209   0.04952   0.00024   0.00994   0.02163   0.00062   0.10832   0.09678   0.00000   0.01760   0.00399   0.00000   0.10865   0.00630   0.36529   0.54440   0.21318   0.02389   0.00863   0.10895   0.49774   0.78796   0.21441   0.06697   0.08122   0.39796   1.83517   0.40660  
 34 2886.9503  47851.829209  x:  0.20632   0.15097   0.15283   0.02509   0.00098   0.02970   0.00491   0.01409   0.00489   0.00010   0.00011   0.00172   0.01649   0.08898   0.03207   0.00931   0.00674   0.11052   0.34925   0.03392   0.69932   0.06927   0.30890   0.01972   0.22156   0.18751   0.29683   0.03195   0.13843   0.03197   0.05163   0.00020   0.00765   0.01997   0.00051   0.10819   0.09724   0.00000   0.01749   0.00420   0.00000   0.10560   0.01688   0.36707   0.54923   0.21140   0.02222   0.01077   0.10594   0.50223   0.80036   0.21377   0.06585   0.07987   0.39877   1.85806   0.41657  
 35 2224.9044  47838.997532  x:  0.20460   0.14991   0.15211   0.02558   0.00071   0.02895   0.00484   0.01477   0.00503   0.00010   0.00012   0.00145   0.01945   0.08974   0.02976   0.00861   0.00700   0.10886   0.34657   0.02991   0.70913   0.06591   0.30967   0.03038   0.22072   0.18761   0.30084   0.02560   0.13690   0.02805   0.05483   0.00016   0.00472   0.01399   0.00039   0.10667   0.09524   0.00000   0.01706   0.00435   0.00000   0.09101   0.01194   0.36745   0.55283   0.20709   0.01660   0.01277   0.10060   0.50601   0.81583   0.21104   0.06295   0.07444   0.39630   1.89344   0.43145  
 36 1465.1735  47834.868009  x:  0.20285   0.14863   0.15113   0.02686   0.00076   0.02892   0.00483   0.01493   0.00502   0.00010   0.00012   0.00152   0.01921   0.08975   0.02768   0.00681   0.00698   0.10790   0.34309   0.02840   0.71231   0.06398   0.30921   0.03040   0.21949   0.18721   0.30433   0.02217   0.13557   0.02789   0.05392   0.00017   0.00545   0.02200   0.00037   0.10546   0.09413   0.00000   0.01453   0.00441   0.00000   0.08405   0.01241   0.36587   0.55137   0.20420   0.01354   0.01173   0.09783   0.50521   0.81971   0.20855   0.06250   0.07234   0.39242   1.90927   0.43538  
 37 944.0981  47828.374558  x:  0.19848   0.14531   0.14844   0.02989   0.00069   0.02924   0.00487   0.01491   0.00502   0.00010   0.00012   0.00144   0.01294   0.09074   0.02895   0.00781   0.00697   0.10705   0.33258   0.02837   0.71576   0.06115   0.30706   0.02202   0.21587   0.18579   0.31391   0.02244   0.13267   0.03162   0.05019   0.00017   0.00497   0.01864   0.00035   0.10307   0.09306   0.00000   0.01510   0.00442   0.00000   0.07709   0.01320   0.35979   0.54259   0.19758   0.01380   0.01021   0.09284   0.49896   0.82085   0.20259   0.06424   0.07144   0.38026   1.93908   0.43750  
 38 682.1411  47823.845266  x:  0.19496   0.14298   0.14652   0.02851   0.00072   0.02915   0.00486   0.01487   0.00499   0.00010   0.00012   0.00152   0.02058   0.09033   0.02876   0.00718   0.00691   0.10707   0.32290   0.02983   0.71788   0.05988   0.30521   0.01662   0.21287   0.18476   0.32278   0.02357   0.13070   0.03183   0.04874   0.00018   0.00569   0.01632   0.00042   0.10184   0.09256   0.00000   0.01478   0.00441   0.00000   0.07642   0.01326   0.35396   0.53330   0.19225   0.01581   0.01109   0.08949   0.49232   0.81982   0.19789   0.06568   0.07202   0.36884   1.96499   0.43807  
 39 1385.2917  47818.133267  x:  0.19180   0.14171   0.14535   0.02493   0.00081   0.02914   0.00485   0.01488   0.00500   0.00010   0.00012   0.00154   0.01744   0.08893   0.02859   0.00745   0.00694   0.10872   0.31055   0.03400   0.71928   0.06141   0.30360   0.02255   0.21024   0.18450   0.33486   0.02315   0.12987   0.02720   0.05200   0.00017   0.00570   0.01849   0.00042   0.10265   0.09260   0.00000   0.01526   0.00440   0.00000   0.08556   0.01265   0.34619   0.51894   0.18742   0.02068   0.01534   0.08812   0.48223   0.81548   0.19386   0.06625   0.07462   0.35372   2.00040   0.43886  
 40 946.6879  47816.332353  x:  0.19236   0.14321   0.14657   0.02986   0.00074   0.02912   0.00485   0.01490   0.00502   0.00010   0.00012   0.00155   0.01880   0.08920   0.02980   0.00773   0.00698   0.10968   0.30801   0.03419   0.71828   0.06343   0.30331   0.02569   0.21083   0.18513   0.33770   0.02382   0.13163   0.03107   0.05341   0.00017   0.00575   0.01897   0.00042   0.10436   0.09380   0.00000   0.01570   0.00440   0.00000   0.08865   0.01265   0.34393   0.51260   0.18916   0.01869   0.01383   0.09122   0.47790   0.81111   0.19474   0.06431   0.07457   0.34978   2.01475   0.43962  
 41 412.6850  47813.534948  x:  0.19545   0.14721   0.14975   0.02548   0.00081   0.02932   0.00488   0.01489   0.00501   0.00010   0.00012   0.00157   0.01787   0.09086   0.02729   0.00758   0.00695   0.11132   0.30728   0.03179   0.71441   0.06696   0.30273   0.02450   0.21339   0.18654   0.33910   0.02370   0.13555   0.03159   0.05188   0.00018   0.00593   0.01768   0.00045   0.10693   0.09591   0.00000   0.01545   0.00440   0.00000   0.08857   0.01258   0.34121   0.50138   0.19647   0.01372   0.01110   0.10049   0.47018   0.79995   0.19948   0.06119   0.07336   0.34664   2.03957   0.44114  
 42 453.8948  47811.617697  x:  0.19834   0.14929   0.15131   0.02736   0.00077   0.02918   0.00486   0.01495   0.00501   0.00010   0.00012   0.00155   0.01794   0.09004   0.03070   0.00743   0.00696   0.11239   0.30881   0.02975   0.71056   0.06863   0.30231   0.02213   0.21550   0.18742   0.33833   0.02254   0.13707   0.02787   0.05100   0.00018   0.00571   0.01816   0.00044   0.10718   0.09620   0.00000   0.01519   0.00442   0.00000   0.08568   0.01266   0.33983   0.49347   0.20299   0.01561   0.01373   0.10791   0.46439   0.78978   0.20411   0.06210   0.07313   0.34690   2.05865   0.44294  
 43 584.8204  47810.419050  x:  0.19954   0.14832   0.15043   0.02772   0.00076   0.02908   0.00484   0.01502   0.00501   0.00011   0.00012   0.00154   0.01788   0.08896   0.02728   0.00728   0.00698   0.11207   0.31199   0.03008   0.70707   0.06802   0.30225   0.02275   0.21642   0.18744   0.33601   0.02280   0.13555   0.03009   0.05275   0.00017   0.00564   0.01818   0.00044   0.10513   0.09468   0.00000   0.01510   0.00444   0.00000   0.08406   0.01271   0.33967   0.48946   0.20699   0.01961   0.01305   0.11110   0.46051   0.78088   0.20601   0.06565   0.07427   0.34996   2.07173   0.44489  
 44 316.7881  47809.387694  x:  0.19906   0.14570   0.14831   0.02646   0.00077   0.02905   0.00484   0.01508   0.00502   0.00011   0.00012   0.00154   0.01814   0.08916   0.03018   0.00711   0.00699   0.11028   0.31599   0.03176   0.70317   0.06594   0.30238   0.02419   0.21636   0.18678   0.33256   0.02324   0.13264   0.02968   0.05264   0.00017   0.00555   0.01827   0.00044   0.10276   0.09280   0.00000   0.01496   0.00445   0.00000   0.08526   0.01268   0.34007   0.48737   0.20912   0.01884   0.00946   0.11151   0.45719   0.77103   0.20546   0.06645   0.07473   0.35449   2.08336   0.44675  
 45 288.1026  47808.549544  x:  0.19780   0.14344   0.14661   0.02787   0.00076   0.02912   0.00485   0.01510   0.00503   0.00011   0.00012   0.00155   0.01790   0.08975   0.02855   0.00732   0.00701   0.10831   0.31950   0.03313   0.69935   0.06363   0.30262   0.02392   0.21556   0.18579   0.32898   0.02411   0.13074   0.02895   0.05150   0.00018   0.00563   0.01805   0.00046   0.10232   0.09238   0.00000   0.01525   0.00446   0.00000   0.08742   0.01275   0.34070   0.48695   0.20922   0.01632   0.01257   0.11048   0.45494   0.76154   0.20397   0.06405   0.07409   0.35901   2.09287   0.44804  
 46 288.9323  47808.002369  x:  0.19661   0.14384   0.14708   0.02664   0.00078   0.02908   0.00485   0.01510   0.00502   0.00011   0.00012   0.00155   0.01779   0.08946   0.02968   0.00714   0.00700   0.10816   0.32083   0.03319   0.69637   0.06319   0.30327   0.02358   0.21441   0.18523   0.32671   0.02204   0.13216   0.03090   0.05266   0.00018   0.00561   0.01809   0.00047   0.10523   0.09410   0.00000   0.01495   0.00446   0.00000   0.08683   0.01255   0.34151   0.48885   0.20670   0.01745   0.01382   0.10853   0.45480   0.75445   0.20166   0.06274   0.07356   0.36162   2.09837   0.44851  
 47 127.7659  47807.426857  x:  0.19555   0.14536   0.14847   0.02770   0.00077   0.02909   0.00485   0.01510   0.00503   0.00011   0.00012   0.00156   0.01772   0.08930   0.02877   0.00720   0.00701   0.10871   0.32121   0.03271   0.69327   0.06382   0.30423   0.02418   0.21334   0.18505   0.32505   0.02333   0.13454   0.02874   0.05266   0.00018   0.00565   0.01793   0.00048   0.10752   0.09628   0.00000   0.01505   0.00446   0.00000   0.08554   0.01268   0.34260   0.49214   0.20303   0.01837   0.01199   0.10658   0.45576   0.74721   0.19903   0.06355   0.07372   0.36340   2.10342   0.44893  
 48 188.2349  47806.627410  x:  0.19550   0.14768   0.15030   0.02723   0.00077   0.02902   0.00484   0.01512   0.00503   0.00011   0.00012   0.00156   0.01774   0.08951   0.02932   0.00713   0.00703   0.11020   0.31938   0.03143   0.68969   0.06629   0.30558   0.02580   0.21320   0.18601   0.32500   0.02325   0.13580   0.03006   0.04989   0.00020   0.00551   0.01782   0.00050   0.10443   0.09440   0.00000   0.01498   0.00447   0.00000   0.08556   0.01265   0.34449   0.49877   0.19815   0.01666   0.01370   0.10679   0.45979   0.73939   0.19847   0.06669   0.07472   0.36304   2.10853   0.44958  
 49 101.7287  47805.534271  x:  0.19655   0.14841   0.15053   0.02766   0.00080   0.02913   0.00485   0.01513   0.00503   0.00011   0.00012   0.00160   0.01730   0.08982   0.02928   0.00718   0.00704   0.11166   0.31596   0.03068   0.68607   0.06819   0.30636   0.02336   0.21397   0.18732   0.32634   0.02316   0.13427   0.02925   0.05503   0.00018   0.00575   0.01761   0.00055   0.10057   0.09126   0.00000   0.01494   0.00448   0.00000   0.08602   0.01275   0.34691   0.50789   0.19408   0.01621   0.01294   0.10892   0.46612   0.73178   0.20014   0.06452   0.07337   0.36070   2.11377   0.45027  
 50 154.7268  47803.760542  x:  0.19892   0.14482   0.14687   0.02765   0.00079   0.02886   0.00482   0.01522   0.00505   0.00011   0.00012   0.00159   0.01715   0.08840   0.02911   0.00695   0.00710   0.11146   0.31172   0.03224   0.68328   0.06655   0.30592   0.02491   0.21611   0.18826   0.33031   0.02367   0.12988   0.02984   0.05066   0.00021   0.00532   0.01764   0.00059   0.10323   0.09310   0.00000   0.01475   0.00451   0.00000   0.08538   0.01277   0.34983   0.51953   0.19401   0.02050   0.01116   0.11257   0.47465   0.72629   0.20526   0.06008   0.07230   0.35620   2.11947   0.45208  
 51 132.3592  47801.458190  x:  0.20016   0.14058   0.14328   0.02792   0.00081   0.02892   0.00483   0.01526   0.00507   0.00011   0.00012   0.00163   0.01666   0.08952   0.02969   0.00692   0.00717   0.10823   0.30961   0.03362   0.68263   0.06143   0.30387   0.02473   0.21760   0.18719   0.33469   0.02253   0.12889   0.02949   0.05379   0.00022   0.00536   0.01716   0.00068   0.10949   0.09728   0.00000   0.01463   0.00453   0.00000   0.08492   0.01267   0.35158   0.52843   0.19856   0.01600   0.01224   0.11386   0.48098   0.72561   0.20970   0.06670   0.07568   0.35179   2.12415   0.45361  
 52 149.2457  47790.458447  x:  0.19830   0.14398   0.14864   0.02853   0.00093   0.02855   0.00478   0.01534   0.00510   0.00011   0.00012   0.00181   0.01417   0.08799   0.03106   0.00664   0.00741   0.10245   0.32071   0.03850   0.69320   0.05269   0.29560   0.03075   0.21545   0.17670   0.34549   0.02263   0.14785   0.02997   0.05538   0.00032   0.00521   0.01546   0.00112   0.09858   0.09326   0.00000   0.01396   0.00463   0.00000   0.08169   0.01283   0.34929   0.53410   0.22508   0.02044   0.01383   0.09777   0.48303   0.75136   0.20780   0.06556   0.06644   0.34897   2.13562   0.45688  
 53 96.5744  47779.183263  x:  0.19521   0.14640   0.14921   0.02959   0.00103   0.02816   0.00474   0.01551   0.00515   0.00011   0.00012   0.00198   0.01171   0.08743   0.03233   0.00616   0.00768   0.10909   0.33411   0.02805   0.70774   0.07058   0.29713   0.03459   0.21440   0.18089   0.34261   0.02313   0.13084   0.03052   0.05761   0.00042   0.00483   0.01359   0.00157   0.10236   0.09003   0.00000   0.01307   0.00476   0.00000   0.07380   0.01315   0.34295   0.52172   0.22895   0.02008   0.01564   0.09062   0.47805   0.78934   0.20021   0.05795   0.08276   0.36006   2.14484   0.46248  
 54 258.6664  47774.285551  x:  0.19564   0.14489   0.14635   0.02982   0.00107   0.02800   0.00472   0.01559   0.00519   0.00011   0.00013   0.00205   0.01073   0.08706   0.03290   0.00608   0.00781   0.11067   0.33637   0.02229   0.71445   0.07407   0.30050   0.03610   0.21509   0.18708   0.33487   0.02294   0.12406   0.03100   0.05813   0.00046   0.00467   0.01293   0.00175   0.10434   0.09388   0.00000   0.01289   0.00480   0.00000   0.07705   0.01303   0.33966   0.51064   0.21824   0.02040   0.01557   0.09606   0.47518   0.80848   0.19947   0.06519   0.06763   0.36857   2.14817   0.46528  
 55 323.9264  47772.426221  x:  0.19782   0.14295   0.14413   0.03004   0.00109   0.02794   0.00471   0.01561   0.00519   0.00011   0.00013   0.00208   0.01031   0.08708   0.03314   0.00596   0.00785   0.10886   0.33311   0.02935   0.71736   0.07011   0.30367   0.03711   0.21608   0.18985   0.32681   0.02268   0.13004   0.03089   0.05869   0.00048   0.00462   0.01256   0.00182   0.10232   0.09442   0.00000   0.01265   0.00482   0.00000   0.07407   0.01307   0.33991   0.50271   0.20611   0.01981   0.01533   0.10329   0.47343   0.81766   0.20318   0.06378   0.07007   0.37360   2.14920   0.46612  
 56 191.5477  47772.177023  x:  0.19845   0.14324   0.14469   0.03002   0.00110   0.02794   0.00471   0.01561   0.00519   0.00011   0.00013   0.00208   0.01026   0.08696   0.03318   0.00598   0.00785   0.10780   0.33111   0.02638   0.71736   0.06696   0.30448   0.03763   0.21613   0.18896   0.32488   0.02298   0.13058   0.03094   0.05869   0.00048   0.00465   0.01253   0.00183   0.10249   0.09335   0.00000   0.01268   0.00482   0.00000   0.07470   0.01308   0.34122   0.50131   0.20436   0.02035   0.01501   0.10378   0.47260   0.81900   0.20433   0.06311   0.07126   0.37405   2.14930   0.46614  
 57 87.9425  47772.037992  x:  0.19908   0.14414   0.14608   0.03004   0.00110   0.02793   0.00471   0.01560   0.00519   0.00011   0.00013   0.00209   0.01024   0.08699   0.03320   0.00598   0.00785   0.10815   0.32802   0.02748   0.71691   0.06645   0.30630   0.03785   0.21604   0.18668   0.32256   0.02318   0.12907   0.03095   0.05868   0.00048   0.00465   0.01250   0.00184   0.10329   0.09257   0.00000   0.01266   0.00482   0.00000   0.07430   0.01311   0.34525   0.50025   0.20451   0.02013   0.01506   0.10273   0.47101   0.82001   0.20548   0.06340   0.07071   0.37378   2.14941   0.46614  
 58 40.8365  47771.978294  x:  0.19878   0.14339   0.14516   0.03004   0.00110   0.02793   0.00471   0.01560   0.00519   0.00011   0.00013   0.00209   0.01024   0.08698   0.03320   0.00598   0.00785   0.10875   0.32680   0.02686   0.71629   0.06684   0.30735   0.03780   0.21625   0.18675   0.32173   0.02293   0.12954   0.03095   0.05877   0.00048   0.00464   0.01250   0.00184   0.10215   0.09402   0.00000   0.01266   0.00482   0.00000   0.07440   0.01307   0.34805   0.49994   0.20518   0.02014   0.01512   0.10228   0.47010   0.82063   0.20520   0.06328   0.07090   0.37340   2.14957   0.46623  
 59 23.0080  47771.883449  x:  0.19790   0.14291   0.14412   0.03005   0.00110   0.02791   0.00470   0.01560   0.00519   0.00011   0.00013   0.00209   0.01024   0.08693   0.03318   0.00599   0.00786   0.10892   0.32693   0.02681   0.71491   0.06675   0.30797   0.03761   0.21657   0.18875   0.32197   0.02321   0.13062   0.03091   0.05865   0.00048   0.00462   0.01251   0.00184   0.10337   0.09205   0.00000   0.01266   0.00482   0.00000   0.07439   0.01312   0.35129   0.49987   0.20566   0.02025   0.01523   0.10286   0.46920   0.82169   0.20375   0.06340   0.07066   0.37271   2.15005   0.46617  
 60 13.8905  47771.441743  x:  0.19696   0.14579   0.14695   0.02998   0.00111   0.02784   0.00470   0.01556   0.00520   0.00011   0.00013   0.00210   0.01030   0.08677   0.03320   0.00607   0.00786   0.10729   0.33080   0.02811   0.70930   0.06341   0.30742   0.03746   0.21586   0.19205   0.32518   0.02292   0.12809   0.03098   0.05883   0.00048   0.00458   0.01259   0.00184   0.10220   0.09416   0.00000   0.01271   0.00479   0.00000   0.07428   0.01307   0.35750   0.50030   0.20414   0.02051   0.01543   0.10584   0.46716   0.82565   0.20117   0.06319   0.07117   0.37105   2.15259   0.46544  
 61 19.8354  47768.957907  x:  0.20166   0.14045   0.14581   0.02976   0.00113   0.02739   0.00464   0.01539   0.00527   0.00011   0.00013   0.00214   0.01084   0.08610   0.03308   0.00640   0.00792   0.10835   0.34325   0.02646   0.68817   0.06839   0.30463   0.03706   0.21123   0.18110   0.33423   0.02303   0.13043   0.03091   0.05896   0.00050   0.00405   0.01311   0.00183   0.10314   0.09332   0.00000   0.01290   0.00470   0.00000   0.07459   0.01306   0.36413   0.50441   0.19405   0.01965   0.01455   0.10666   0.46197   0.84112   0.20843   0.06330   0.07082   0.37111   2.16730   0.46335  
 62 39.0957  47759.611971  x:  0.20211   0.15036   0.13919   0.02893   0.00125   0.02579   0.00445   0.01466   0.00551   0.00010   0.00012   0.00235   0.01258   0.08351   0.03290   0.00778   0.00808   0.10717   0.33074   0.02921   0.65890   0.06762   0.30104   0.03687   0.23182   0.19164   0.32149   0.02366   0.12937   0.03105   0.05991   0.00056   0.00258   0.01471   0.00182   0.10280   0.09399   0.00000   0.01363   0.00431   0.00000   0.07366   0.01292   0.34442   0.52059   0.19855   0.01839   0.01457   0.08837   0.46570   0.87127   0.21497   0.06333   0.07035   0.38322   2.21977   0.45391  
 63 75.1507  47752.607718  x:  0.19772   0.13771   0.15069   0.02814   0.00135   0.02464   0.00431   0.01409   0.00568   0.00009   0.00012   0.00252   0.01382   0.08146   0.03291   0.00881   0.00819   0.11068   0.32344   0.02854   0.67190   0.06668   0.30676   0.03843   0.21784   0.18742   0.30759   0.02431   0.12918   0.03112   0.06063   0.00061   0.00159   0.01580   0.00182   0.10253   0.09363   0.00000   0.01416   0.00401   0.00000   0.07233   0.01282   0.33880   0.52609   0.20942   0.01842   0.01502   0.10229   0.48426   0.87913   0.20182   0.06320   0.07055   0.38650   2.25647   0.44618  
 64 166.4563  47748.632025  x:  0.20274   0.14839   0.13879   0.02779   0.00141   0.02401   0.00423   0.01372   0.00577   0.00009   0.00011   0.00262   0.01451   0.08041   0.03291   0.00948   0.00823   0.10668   0.33397   0.02665   0.70877   0.06669   0.31216   0.03833   0.21234   0.18797   0.30937   0.02455   0.12878   0.03119   0.06112   0.00064   0.00113   0.01639   0.00182   0.10267   0.09397   0.00000   0.01450   0.00383   0.00000   0.07185   0.01276   0.35200   0.52236   0.20533   0.01802   0.01463   0.09888   0.49239   0.86852   0.20696   0.06322   0.07032   0.38298   2.27547   0.44060  
 65 135.7917  47747.757221  x:  0.20331   0.14228   0.14514   0.02766   0.00143   0.02389   0.00422   0.01363   0.00578   0.00009   0.00011   0.00265   0.01463   0.08026   0.03297   0.00964   0.00824   0.10978   0.33758   0.02610   0.72036   0.06530   0.31049   0.03807   0.22026   0.19041   0.31201   0.02456   0.12890   0.03121   0.06128   0.00065   0.00109   0.01648   0.00182   0.10280   0.09413   0.00000   0.01459   0.00379   0.00000   0.07168   0.01275   0.35694   0.52201   0.20177   0.01757   0.01460   0.09518   0.49104   0.86440   0.20982   0.06321   0.07018   0.38319   2.27942   0.43907  
 66 100.4427  47747.206131  x:  0.19994   0.14320   0.14467   0.02760   0.00145   0.02381   0.00421   0.01360   0.00580   0.00009   0.00011   0.00267   0.01471   0.08003   0.03297   0.00971   0.00825   0.10607   0.33465   0.02559   0.72735   0.06864   0.30321   0.03827   0.22512   0.18619   0.31354   0.02452   0.12898   0.03121   0.06133   0.00065   0.00113   0.01651   0.00181   0.10278   0.09426   0.00000   0.01464   0.00377   0.00000   0.07166   0.01273   0.35999   0.52722   0.20024   0.01809   0.01463   0.10018   0.48490   0.86354   0.20777   0.06325   0.07017   0.38763   2.28213   0.43856  
 67 24.4575  47746.095435  x:  0.20339   0.14468   0.14213   0.02752   0.00148   0.02369   0.00419   0.01351   0.00581   0.00008   0.00011   0.00271   0.01486   0.07995   0.03307   0.00989   0.00825   0.11514   0.33224   0.02562   0.73527   0.06502   0.29642   0.03915   0.21916   0.18846   0.31336   0.02469   0.12876   0.03124   0.06149   0.00065   0.00136   0.01646   0.00180   0.10285   0.09420   0.00000   0.01473   0.00373   0.00000   0.07129   0.01270   0.36062   0.53692   0.20010   0.01682   0.01467   0.10300   0.47432   0.86323   0.20809   0.06324   0.07018   0.39153   2.28794   0.43731  
 68 34.6015  47743.344647  x:  0.20760   0.13970   0.14724   0.02717   0.00157   0.02334   0.00415   0.01336   0.00586   0.00008   0.00011   0.00282   0.01519   0.07906   0.03318   0.01023   0.00829   0.10151   0.33370   0.02473   0.74425   0.07055   0.30672   0.03885   0.20997   0.19798   0.31020   0.02483   0.12927   0.03129   0.06172   0.00066   0.00186   0.01638   0.00176   0.10281   0.09444   0.00000   0.01488   0.00365   0.00000   0.07108   0.01262   0.35905   0.54757   0.20118   0.01798   0.01435   0.10012   0.46740   0.86411   0.21428   0.06318   0.06994   0.38849   2.30307   0.43535  
 69 48.5064  47738.138346  x:  0.19742   0.14331   0.14257   0.02665   0.00175   0.02270   0.00407   0.01305   0.00596   0.00008   0.00011   0.00304   0.01585   0.07764   0.03340   0.01095   0.00835   0.10609   0.34823   0.02478   0.75013   0.06472   0.33267   0.03895   0.22563   0.18518   0.30681   0.02526   0.12848   0.03134   0.06236   0.00068   0.00290   0.01618   0.00168   0.10300   0.09462   0.00000   0.01524   0.00348   0.00000   0.07006   0.01249   0.35758   0.54243   0.20092   0.01846   0.01464   0.10093   0.49110   0.86710   0.21207   0.06323   0.06978   0.37789   2.33302   0.43085  
 70 88.9680  47736.161615  x:  0.20495   0.14240   0.14250   0.02641   0.00182   0.02245   0.00404   0.01294   0.00600   0.00008   0.00011   0.00312   0.01612   0.07715   0.03352   0.01120   0.00837   0.10410   0.34386   0.02450   0.74721   0.06706   0.31970   0.03949   0.22412   0.18679   0.31115   0.02532   0.12857   0.03139   0.06254   0.00069   0.00327   0.01613   0.00164   0.10315   0.09487   0.00000   0.01537   0.00342   0.00000   0.07000   0.01243   0.36779   0.52423   0.20202   0.01821   0.01470   0.09341   0.51831   0.86739   0.20905   0.06324   0.06966   0.38724   2.34455   0.42950  
 71 87.1981  47736.069373  x:  0.20085   0.14259   0.14277   0.02642   0.00182   0.02243   0.00404   0.01294   0.00600   0.00008   0.00011   0.00312   0.01613   0.07711   0.03350   0.01120   0.00837   0.10454   0.34387   0.02443   0.74700   0.06733   0.31768   0.03964   0.22262   0.18755   0.31044   0.02535   0.12856   0.03139   0.06254   0.00069   0.00328   0.01613   0.00164   0.10316   0.09488   0.00000   0.01537   0.00342   0.00000   0.07000   0.01242   0.36856   0.52315   0.20200   0.01830   0.01448   0.09290   0.51990   0.86743   0.21197   0.06325   0.06962   0.38724   2.34509   0.42956  
 72 27.8997  47735.879138  x:  0.20207   0.14238   0.14263   0.02642   0.00183   0.02237   0.00403   0.01296   0.00600   0.00008   0.00011   0.00313   0.01612   0.07697   0.03351   0.01118   0.00836   0.10415   0.34598   0.02428   0.74675   0.06833   0.31251   0.04026   0.22319   0.18741   0.30433   0.02543   0.12840   0.03141   0.06252   0.00069   0.00330   0.01607   0.00164   0.10313   0.09484   0.00000   0.01535   0.00343   0.00000   0.06994   0.01241   0.36882   0.52325   0.20120   0.01844   0.01462   0.09252   0.52031   0.86757   0.21109   0.06326   0.06961   0.38131   2.34565   0.42992  
 73  3.7102  47674.671044  x:  0.20385   0.14464   0.14638   0.02724   0.00416   0.00340   0.00175   0.01511   0.00536   0.00011   0.00019   0.00628   0.01563   0.04090   0.03216   0.00742   0.00402   0.11039   0.33396   0.03253   0.73196   0.06824   0.30807   0.03379   0.21881   0.18664   0.31399   0.02662   0.13372   0.03087   0.06328   0.00126   0.00334   0.00730   0.00122   0.10612   0.09635   0.00000   0.01212   0.00484   0.00000   0.09566   0.01062   0.36895   0.56267   0.20109   0.01762   0.01256   0.09313   0.52076   0.86889   0.21104   0.06473   0.07575   0.37951   2.47949   0.44392  
 74  1.6626  47667.120146  x:  0.20352   0.14477   0.14654   0.02745   0.00434   0.00079   0.00142   0.01550   0.00522   0.00012   0.00020   0.00652   0.01526   0.03512   0.03195   0.00807   0.00367   0.11060   0.33302   0.03217   0.73474   0.06819   0.30837   0.03366   0.21839   0.18675   0.31417   0.02566   0.13349   0.03066   0.06180   0.00129   0.00351   0.01152   0.00144   0.10599   0.09610   0.00000   0.01172   0.00514   0.00000   0.09483   0.01080   0.36740   0.55821   0.20112   0.01617   0.01240   0.09361   0.51789   0.87013   0.21031   0.06474   0.07553   0.37989   2.47753   0.44555  
 75  0.0520  47656.182187  x:  0.20147   0.14457   0.14602   0.02818   0.00442   0.00490   0.00170   0.01633   0.00500   0.00014   0.00024   0.00664   0.01378   0.03419   0.03130   0.01092   0.00406   0.10998   0.33094   0.02948   0.73859   0.06747   0.31014   0.03311   0.21781   0.18695   0.31743   0.02155   0.13195   0.02992   0.05744   0.00129   0.00398   0.01904   0.00206   0.10478   0.09493   0.00000   0.01218   0.00593   0.00000   0.08595   0.01137   0.36027   0.53309   0.20176   0.01065   0.01202   0.09589   0.50343   0.86134   0.20774   0.06438   0.07334   0.37917   2.41214   0.44997  
 76  0.1280  47647.525276  x:  0.20073   0.14364   0.14470   0.02834   0.00501   0.00329   0.00135   0.01646   0.00440   0.00016   0.00029   0.00750   0.01372   0.02424   0.03081   0.01155   0.00585   0.10832   0.33165   0.02639   0.72993   0.06679   0.30863   0.03166   0.21792   0.18749   0.31975   0.01962   0.13087   0.02958   0.05523   0.00151   0.00457   0.01491   0.00261   0.10350   0.09437   0.00000   0.01440   0.00681   0.00000   0.07488   0.01148   0.35679   0.52502   0.20275   0.00726   0.01174   0.09705   0.49303   0.85666   0.20829   0.06403   0.07087   0.37872   2.36286   0.44143  
 77  0.0442  47641.697701  x:  0.20200   0.14437   0.14586   0.02861   0.00550   0.00268   0.00134   0.01533   0.00386   0.00019   0.00035   0.00828   0.01325   0.02360   0.03065   0.00850   0.00495   0.10876   0.33358   0.03017   0.72710   0.06709   0.30844   0.02883   0.21830   0.18715   0.31517   0.02214   0.13205   0.03069   0.05906   0.00182   0.00521   0.01138   0.00303   0.10441   0.09464   0.00000   0.01471   0.00764   0.00000   0.08482   0.01251   0.36199   0.53845   0.20270   0.01088   0.01118   0.09626   0.50113   0.85347   0.21012   0.06397   0.07383   0.37996   2.33775   0.42859  
 78  0.0171  47635.712709  x:  0.20312   0.14305   0.14489   0.02781   0.00615   0.00320   0.00160   0.01444   0.00335   0.00023   0.00045   0.00938   0.01609   0.03080   0.03132   0.00819   0.00381   0.11062   0.33167   0.03027   0.73037   0.06783   0.30892   0.03205   0.21767   0.18751   0.31396   0.02066   0.13188   0.03043   0.06040   0.00230   0.00626   0.01112   0.00394   0.10497   0.09534   0.00000   0.01296   0.00942   0.00000   0.08370   0.01101   0.36370   0.54560   0.20185   0.00469   0.01213   0.09771   0.50709   0.84733   0.21093   0.06456   0.07347   0.38179   2.34744   0.43592  
 79  0.0093  47631.239066  x:  0.20208   0.14230   0.14437   0.02689   0.00686   0.00389   0.00177   0.01354   0.00293   0.00028   0.00057   0.01049   0.01530   0.03057   0.03152   0.00942   0.00487   0.10936   0.33034   0.02861   0.72939   0.06802   0.30816   0.03411   0.21742   0.18737   0.31680   0.02034   0.13189   0.02996   0.05819   0.00281   0.00731   0.01302   0.00498   0.10457   0.09537   0.00000   0.01219   0.01126   0.00000   0.07992   0.01047   0.36187   0.54695   0.20277   0.01472   0.01173   0.09807   0.50585   0.84743   0.20997   0.06476   0.07222   0.37942   2.37342   0.44038  
 80  0.0264  47628.623145  x:  0.20128   0.14387   0.14529   0.02797   0.00738   0.00354   0.00175   0.01260   0.00277   0.00032   0.00067   0.01133   0.01250   0.02872   0.03075   0.00959   0.00546   0.10871   0.33187   0.02895   0.72664   0.06734   0.30755   0.03123   0.21752   0.18677   0.31867   0.02207   0.13227   0.02964   0.05605   0.00326   0.00803   0.01345   0.00590   0.10413   0.09485   0.00000   0.01325   0.01270   0.00000   0.08150   0.01158   0.35945   0.54136   0.20351   0.01041   0.01166   0.09589   0.49846   0.85566   0.20925   0.06415   0.07262   0.37847   2.38576   0.43362  
 81  0.0156  47627.488292  x:  0.20137   0.14404   0.14537   0.02859   0.00763   0.00291   0.00171   0.01252   0.00295   0.00035   0.00076   0.01180   0.01532   0.02695   0.03075   0.00967   0.00476   0.10870   0.33191   0.02877   0.73005   0.06683   0.30872   0.03019   0.21776   0.18772   0.31699   0.02169   0.13167   0.03009   0.05744   0.00365   0.00840   0.01271   0.00652   0.10408   0.09470   0.00000   0.01322   0.01396   0.00000   0.08143   0.01142   0.35991   0.53502   0.20204   0.00911   0.01166   0.09677   0.49668   0.85572   0.20917   0.06392   0.07256   0.37965   2.37822   0.43572  
 82  0.0081  47626.051613  x:  0.20303   0.14276   0.14481   0.02752   0.00757   0.00248   0.00183   0.01217   0.00407   0.00040   0.00089   0.01182   0.01410   0.02959   0.03120   0.00912   0.00451   0.10998   0.33186   0.02909   0.72812   0.06772   0.30712   0.03067   0.21729   0.18733   0.31646   0.02053   0.13210   0.03018   0.05823   0.00427   0.00831   0.01337   0.00745   0.10481   0.09559   0.00000   0.01258   0.01567   0.00000   0.08192   0.01034   0.36287   0.54619   0.20305   0.00851   0.01209   0.09674   0.50493   0.85507   0.21127   0.06475   0.07311   0.37985   2.38501   0.43736  
 83  0.0055  47624.793589  x:  0.20113   0.14413   0.14525   0.02796   0.00687   0.00187   0.00185   0.01260   0.00527   0.00043   0.00098   0.01092   0.01405   0.02887   0.03101   0.00932   0.00537   0.10873   0.33119   0.02883   0.72940   0.06699   0.30910   0.03127   0.21793   0.18705   0.31758   0.02247   0.13206   0.02980   0.05662   0.00469   0.00735   0.01332   0.00795   0.10409   0.09484   0.00000   0.01251   0.01651   0.00000   0.08135   0.01163   0.35939   0.53881   0.20241   0.01066   0.01148   0.09682   0.49895   0.85176   0.20871   0.06414   0.07219   0.37890   2.36898   0.43523  
 84  0.0074  47624.117729  x:  0.20156   0.14338   0.14518   0.02810   0.00605   0.00229   0.00189   0.01304   0.00591   0.00043   0.00100   0.00980   0.01416   0.02831   0.03073   0.00965   0.00472   0.10893   0.33178   0.02909   0.72698   0.06734   0.30731   0.03098   0.21738   0.18739   0.31778   0.02102   0.13191   0.02985   0.05727   0.00486   0.00618   0.01365   0.00790   0.10452   0.09511   0.00000   0.01280   0.01639   0.00000   0.08183   0.01057   0.36041   0.53842   0.20325   0.01033   0.01187   0.09660   0.49928   0.85214   0.20957   0.06402   0.07299   0.37869   2.37098   0.43298  
 85  0.0023  47623.631317  x:  0.20247   0.14333   0.14476   0.02783   0.00565   0.00264   0.00193   0.01311   0.00558   0.00044   0.00104   0.00931   0.01447   0.02837   0.03111   0.00923   0.00514   0.10942   0.33195   0.02901   0.72769   0.06733   0.30846   0.03066   0.21802   0.18712   0.31698   0.02164   0.13209   0.02993   0.05731   0.00510   0.00549   0.01270   0.00793   0.10475   0.09522   0.00000   0.01219   0.01655   0.00000   0.08184   0.01123   0.36215   0.54206   0.20253   0.00857   0.01189   0.09664   0.50359   0.85257   0.21064   0.06460   0.07269   0.37967   2.38339   0.43604  
 86  0.0054  47623.010005  x:  0.20141   0.14410   0.14523   0.02770   0.00568   0.00327   0.00200   0.01248   0.00397   0.00045   0.00109   0.00948   0.01407   0.02771   0.03104   0.00932   0.00469   0.10888   0.33133   0.02883   0.73039   0.06686   0.30933   0.03070   0.21818   0.18670   0.31770   0.02193   0.13218   0.02978   0.05686   0.00548   0.00540   0.01213   0.00806   0.10424   0.09501   0.00000   0.01247   0.01696   0.00000   0.08135   0.01106   0.36050   0.53986   0.20214   0.00982   0.01149   0.09638   0.50257   0.85147   0.20897   0.06425   0.07215   0.37819   2.38582   0.43666  
 87  0.0021  47622.734021  x:  0.20153   0.14361   0.14517   0.02804   0.00535   0.00337   0.00205   0.01242   0.00359   0.00046   0.00115   0.00908   0.01414   0.02795   0.03085   0.00942   0.00510   0.10900   0.33186   0.02911   0.72893   0.06726   0.30814   0.03095   0.21772   0.18725   0.31756   0.02149   0.13191   0.02985   0.05709   0.00582   0.00492   0.01318   0.00815   0.10454   0.09504   0.00000   0.01265   0.01723   0.00000   0.08197   0.01081   0.36062   0.53854   0.20301   0.00971   0.01179   0.09631   0.50134   0.85356   0.20941   0.06404   0.07289   0.37897   2.37840   0.43455  
 88  0.0050  47622.439451  x:  0.20246   0.14296   0.14456   0.02770   0.00542   0.00250   0.00201   0.01284   0.00356   0.00047   0.00119   0.00914   0.01416   0.02849   0.03101   0.00974   0.00478   0.10914   0.33261   0.02882   0.72618   0.06760   0.30773   0.03131   0.21797   0.18717   0.31735   0.02131   0.13200   0.02979   0.05718   0.00606   0.00504   0.01343   0.00803   0.10492   0.09526   0.00000   0.01247   0.01737   0.00000   0.08126   0.01107   0.36220   0.54081   0.20325   0.00950   0.01199   0.09638   0.50333   0.85286   0.21089   0.06453   0.07272   0.37962   2.37275   0.43510  
 89  0.0023  47621.967624  x:  0.20112   0.14458   0.14553   0.02814   0.00537   0.00228   0.00200   0.01354   0.00295   0.00047   0.00123   0.00894   0.01450   0.02885   0.03096   0.00928   0.00490   0.10870   0.33130   0.02891   0.73167   0.06655   0.31026   0.03113   0.21830   0.18662   0.31672   0.02223   0.13218   0.02964   0.05683   0.00645   0.00502   0.01351   0.00721   0.10414   0.09489   0.00000   0.01248   0.01662   0.00000   0.08233   0.01092   0.36064   0.54078   0.20141   0.00992   0.01143   0.09616   0.50319   0.85415   0.20835   0.06414   0.07199   0.37906   2.38845   0.43514  
 90  0.0042  47621.268591  x:  0.20081   0.14429   0.14560   0.02803   0.00523   0.00276   0.00200   0.01482   0.00394   0.00045   0.00129   0.00844   0.01418   0.02868   0.03091   0.00926   0.00480   0.10882   0.33136   0.02903   0.73266   0.06686   0.30905   0.03033   0.21790   0.18701   0.31788   0.02217   0.13186   0.02990   0.05646   0.00690   0.00496   0.01367   0.00604   0.10414   0.09474   0.00000   0.01266   0.01543   0.00000   0.08174   0.01097   0.35977   0.53885   0.20240   0.01033   0.01153   0.09601   0.50138   0.85483   0.20817   0.06382   0.07274   0.37798   2.39958   0.43436  
 91  0.0044  47620.544032  x:  0.20227   0.14274   0.14468   0.02770   0.00582   0.00325   0.00205   0.01486   0.00331   0.00047   0.00145   0.00908   0.01382   0.02833   0.03102   0.00949   0.00498   0.10933   0.33261   0.02892   0.72817   0.06780   0.30668   0.03034   0.21750   0.18762   0.31818   0.02115   0.13170   0.03008   0.05671   0.00787   0.00583   0.01331   0.00540   0.10498   0.09503   0.00000   0.01285   0.01542   0.00000   0.08051   0.01109   0.36131   0.53869   0.20409   0.00948   0.01210   0.09624   0.50119   0.85573   0.21076   0.06421   0.07335   0.37910   2.38626   0.43433  
 92  0.0083  47620.176634  x:  0.20213   0.14367   0.14501   0.02801   0.00570   0.00306   0.00211   0.01439   0.00372   0.00052   0.00164   0.00892   0.01418   0.02845   0.03102   0.00939   0.00490   0.10891   0.33205   0.02875   0.72805   0.06708   0.30891   0.03160   0.21801   0.18699   0.31646   0.02150   0.13217   0.02961   0.05676   0.00888   0.00567   0.01301   0.00566   0.10474   0.09505   0.00000   0.01266   0.01634   0.00000   0.08158   0.01103   0.36143   0.54048   0.20237   0.00965   0.01176   0.09662   0.50173   0.85476   0.21004   0.06444   0.07213   0.38027   2.36906   0.43413  
 93  0.0092  47619.960159  x:  0.20109   0.14385   0.14535   0.02799   0.00570   0.00314   0.00212   0.01376   0.00370   0.00052   0.00177   0.00879   0.01406   0.02826   0.03092   0.00938   0.00495   0.10902   0.33182   0.02894   0.73109   0.06724   0.30841   0.03120   0.21779   0.18713   0.31786   0.02193   0.13175   0.02976   0.05659   0.00966   0.00566   0.01312   0.00514   0.10437   0.09476   0.00000   0.01255   0.01590   0.00000   0.08185   0.01106   0.36018   0.53982   0.20280   0.00958   0.01170   0.09609   0.50147   0.85422   0.20867   0.06398   0.07293   0.37839   2.38370   0.43465  
 94  0.0053  47619.743537  x:  0.20198   0.14336   0.14494   0.02792   0.00576   0.00279   0.00207   0.01220   0.00396   0.00053   0.00180   0.00887   0.01406   0.02811   0.03097   0.00948   0.00495   0.10912   0.33202   0.02890   0.72838   0.06736   0.30780   0.03093   0.21774   0.18740   0.31773   0.02143   0.13196   0.02985   0.05662   0.00977   0.00564   0.01334   0.00540   0.10484   0.09505   0.00000   0.01259   0.01570   0.00000   0.08118   0.01100   0.36094   0.53938   0.20313   0.00964   0.01192   0.09632   0.50119   0.85500   0.21008   0.06419   0.07278   0.37937   2.38276   0.43518  
 95  0.0016  47619.593092  x:  0.20212   0.14359   0.14501   0.02797   0.00577   0.00259   0.00197   0.01207   0.00413   0.00049   0.00173   0.00879   0.01419   0.02818   0.03104   0.00939   0.00488   0.10895   0.33197   0.02886   0.72819   0.06707   0.30870   0.03086   0.21794   0.18697   0.31692   0.02146   0.13213   0.02972   0.05664   0.00937   0.00558   0.01334   0.00502   0.10480   0.09492   0.00000   0.01287   0.01443   0.00000   0.08125   0.01117   0.36127   0.53928   0.20253   0.00979   0.01175   0.09671   0.50112   0.85407   0.21010   0.06440   0.07232   0.37974   2.37561   0.43610  
 96  0.0032  47619.323544  x:  0.20062   0.14394   0.14549   0.02796   0.00579   0.00305   0.00193   0.01176   0.00395   0.00047   0.00169   0.00895   0.01394   0.02808   0.03092   0.00937   0.00494   0.10899   0.33196   0.02885   0.73155   0.06730   0.30837   0.03166   0.21777   0.18696   0.31778   0.02194   0.13148   0.02962   0.05633   0.00896   0.00536   0.01307   0.00555   0.10414   0.09434   0.00000   0.01313   0.01353   0.00000   0.08178   0.01134   0.35981   0.53993   0.20290   0.00904   0.01166   0.09597   0.50191   0.85299   0.20792   0.06393   0.07306   0.37805   2.36746   0.43549  
 97  0.0019  47618.265116  x:  0.20150   0.14349   0.14485   0.02794   0.00608   0.00302   0.00179   0.01336   0.00406   0.00049   0.00209   0.00945   0.01404   0.02839   0.03078   0.00952   0.00498   0.10920   0.33178   0.02885   0.72880   0.06773   0.30724   0.03261   0.21787   0.18796   0.31913   0.02114   0.13194   0.02980   0.05691   0.01065   0.00511   0.01315   0.00629   0.10497   0.09505   0.00000   0.01296   0.01069   0.00000   0.08115   0.01117   0.36030   0.54147   0.20349   0.00948   0.01212   0.09522   0.50338   0.85526   0.20962   0.06376   0.07304   0.37912   2.37470   0.43340  
 98  0.0017  47618.090035  x:  0.20191   0.14358   0.14502   0.02798   0.00613   0.00280   0.00179   0.01314   0.00397   0.00051   0.00220   0.00963   0.01417   0.02831   0.03093   0.00945   0.00486   0.10891   0.33211   0.02898   0.72840   0.06717   0.30870   0.03108   0.21806   0.18679   0.31755   0.02150   0.13208   0.02966   0.05681   0.01107   0.00512   0.01327   0.00685   0.10483   0.09477   0.00000   0.01312   0.01101   0.00000   0.08140   0.01136   0.36124   0.53902   0.20271   0.00975   0.01175   0.09658   0.50157   0.85284   0.20989   0.06433   0.07255   0.37905   2.37696   0.43561  
 99  0.0046  47618.057172  x:  0.20167   0.14361   0.14511   0.02795   0.00609   0.00278   0.00177   0.01311   0.00393   0.00050   0.00221   0.00961   0.01418   0.02842   0.03100   0.00940   0.00497   0.10891   0.33191   0.02891   0.72883   0.06716   0.30838   0.03071   0.21791   0.18700   0.31742   0.02151   0.13188   0.02969   0.05660   0.01104   0.00510   0.01310   0.00704   0.10467   0.09460   0.00000   0.01347   0.01050   0.00000   0.08114   0.01131   0.36090   0.53951   0.20273   0.00965   0.01175   0.09644   0.50171   0.85319   0.20951   0.06425   0.07261   0.37907   2.37715   0.43541  
100  0.0007  47617.969934  x:  0.20145   0.14368   0.14512   0.02790   0.00578   0.00293   0.00184   0.01341   0.00379   0.00052   0.00220   0.00929   0.01413   0.02864   0.03100   0.00932   0.00495   0.10909   0.33167   0.02887   0.72918   0.06735   0.30761   0.03053   0.21779   0.18756   0.31822   0.02133   0.13184   0.02987   0.05654   0.01085   0.00539   0.01314   0.00740   0.10471   0.09472   0.00000   0.01367   0.01104   0.00000   0.08100   0.01129   0.36037   0.54085   0.20298   0.00973   0.01186   0.09576   0.50230   0.85395   0.20930   0.06398   0.07295   0.37889   2.37642   0.43497  
101  0.0005  47617.836533  x:  0.20187   0.14358   0.14505   0.02790   0.00543   0.00297   0.00184   0.01325   0.00383   0.00051   0.00223   0.00880   0.01412   0.02832   0.03091   0.00937   0.00482   0.10907   0.33188   0.02901   0.72853   0.06718   0.30849   0.03097   0.21796   0.18687   0.31808   0.02134   0.13215   0.02975   0.05679   0.01072   0.00586   0.01330   0.00743   0.10483   0.09477   0.00000   0.01342   0.01030   0.00000   0.08126   0.01149   0.36096   0.54012   0.20274   0.00975   0.01175   0.09644   0.50130   0.85314   0.20983   0.06423   0.07264   0.37895   2.37664   0.43603  
102  0.0011  47617.777746  x:  0.20180   0.14347   0.14508   0.02792   0.00543   0.00285   0.00187   0.01319   0.00380   0.00053   0.00227   0.00875   0.01416   0.02811   0.03094   0.00948   0.00502   0.10890   0.33161   0.02899   0.72799   0.06713   0.30828   0.03119   0.21774   0.18701   0.31727   0.02156   0.13186   0.02964   0.05671   0.01089   0.00613   0.01291   0.00724   0.10460   0.09475   0.00000   0.01318   0.01048   0.00000   0.08134   0.01117   0.36093   0.53994   0.20274   0.00948   0.01177   0.09695   0.50055   0.85240   0.20972   0.06435   0.07250   0.37923   2.37851   0.43546  
103  0.0011  47617.448063  x:  0.20132   0.14390   0.14530   0.02801   0.00550   0.00302   0.00198   0.01339   0.00344   0.00055   0.00237   0.00880   0.01407   0.02839   0.03114   0.00942   0.00478   0.10893   0.33134   0.02888   0.72749   0.06745   0.30712   0.03027   0.21765   0.18810   0.31751   0.02216   0.13163   0.02993   0.05630   0.01087   0.00647   0.01307   0.00684   0.10457   0.09468   0.00000   0.01291   0.01010   0.00000   0.08154   0.01141   0.35992   0.54058   0.20300   0.01001   0.01194   0.09640   0.50058   0.84987   0.20917   0.06412   0.07314   0.37880   2.37067   0.43439  
104  0.0011  47615.908894  x:  0.20062   0.14427   0.14532   0.02829   0.00555   0.00307   0.00274   0.01400   0.00303   0.00075   0.00288   0.00879   0.01374   0.02928   0.03179   0.00959   0.00432   0.10962   0.33157   0.02865   0.72686   0.06795   0.30602   0.02691   0.21784   0.18904   0.31920   0.02286   0.13163   0.03086   0.05568   0.00909   0.00708   0.01370   0.00553   0.10484   0.09491   0.00000   0.01302   0.00902   0.00000   0.08160   0.01151   0.35849   0.54325   0.20278   0.01077   0.01239   0.09457   0.50252   0.84671   0.20833   0.06336   0.07422   0.37835   2.34870   0.43352  
105  0.0048  47613.282458  x:  0.20194   0.14366   0.14513   0.02797   0.00566   0.00263   0.00356   0.01307   0.00423   0.00105   0.00364   0.00946   0.01432   0.02830   0.03114   0.00941   0.00520   0.10903   0.33202   0.02887   0.72941   0.06689   0.30879   0.03094   0.21799   0.18646   0.31739   0.02157   0.13207   0.02995   0.05681   0.00721   0.00565   0.01334   0.00721   0.10456   0.09474   0.00000   0.01377   0.00970   0.00000   0.08086   0.01128   0.36139   0.54073   0.20238   0.00983   0.01172   0.09640   0.50252   0.85704   0.20982   0.06437   0.07248   0.37934   2.38024   0.43615  
106  0.0109  47612.954415  x:  0.20190   0.14346   0.14499   0.02789   0.00587   0.00257   0.00383   0.01280   0.00406   0.00117   0.00414   0.00964   0.01408   0.02760   0.03084   0.00952   0.00490   0.10883   0.33201   0.02898   0.72862   0.06717   0.30858   0.03128   0.21796   0.18686   0.31748   0.02129   0.13194   0.02964   0.05700   0.00803   0.00533   0.01298   0.00656   0.10460   0.09481   0.00000   0.01341   0.00910   0.00000   0.08120   0.01130   0.36120   0.53889   0.20280   0.00942   0.01173   0.09667   0.50105   0.85327   0.20987   0.06434   0.07245   0.37905   2.38093   0.43546  
107  0.0034  47612.846296  x:  0.20167   0.14362   0.14508   0.02795   0.00576   0.00264   0.00414   0.01300   0.00387   0.00128   0.00440   0.00952   0.01408   0.02797   0.03094   0.00939   0.00486   0.10899   0.33190   0.02894   0.72864   0.06733   0.30816   0.03097   0.21790   0.18727   0.31762   0.02144   0.13186   0.02981   0.05678   0.00752   0.00558   0.01317   0.00644   0.10464   0.09480   0.00000   0.01350   0.00924   0.00000   0.08133   0.01144   0.36073   0.53970   0.20286   0.00959   0.01182   0.09636   0.50143   0.85255   0.20956   0.06416   0.07276   0.37913   2.37550   0.43511  
108  0.0035  47612.782812  x:  0.20184   0.14362   0.14509   0.02794   0.00571   0.00264   0.00421   0.01302   0.00393   0.00135   0.00466   0.00948   0.01418   0.02813   0.03101   0.00940   0.00499   0.10900   0.33195   0.02891   0.72884   0.06712   0.30850   0.03093   0.21795   0.18684   0.31754   0.02142   0.13199   0.02985   0.05678   0.00795   0.00551   0.01323   0.00675   0.10463   0.09477   0.00000   0.01365   0.00941   0.00000   0.08105   0.01137   0.36105   0.54000   0.20261   0.00970   0.01175   0.09648   0.50178   0.85421   0.20974   0.06427   0.07257   0.37920   2.37870   0.43572  
109  0.0013  47612.398776  x:  0.20192   0.14348   0.14498   0.02784   0.00583   0.00267   0.00398   0.01289   0.00430   0.00149   0.00508   0.00936   0.01401   0.02751   0.03094   0.00961   0.00495   0.10878   0.33207   0.02891   0.72918   0.06701   0.30868   0.03124   0.21803   0.18664   0.31765   0.02131   0.13200   0.02969   0.05705   0.00755   0.00559   0.01301   0.00648   0.10449   0.09470   0.00000   0.01355   0.00881   0.00000   0.08079   0.01124   0.36139   0.53934   0.20272   0.00930   0.01172   0.09634   0.50157   0.85557   0.20992   0.06439   0.07236   0.37889   2.37807   0.43585  
110  0.0003  47611.397412  x:  0.20182   0.14334   0.14489   0.02780   0.00632   0.00282   0.00223   0.01278   0.00480   0.00180   0.00593   0.00885   0.01384   0.02701   0.03089   0.00978   0.00479   0.10862   0.33222   0.02892   0.72991   0.06704   0.30857   0.03110   0.21800   0.18688   0.31771   0.02143   0.13188   0.02959   0.05738   0.00705   0.00566   0.01274   0.00610   0.10437   0.09471   0.00000   0.01323   0.00894   0.00000   0.08090   0.01110   0.36151   0.53879   0.20304   0.00905   0.01177   0.09593   0.50149   0.85666   0.20986   0.06441   0.07237   0.37863   2.37474   0.43529  
111  0.0019  47611.078841  x:  0.20175   0.14360   0.14506   0.02794   0.00626   0.00295   0.00176   0.01308   0.00406   0.00182   0.00599   0.00873   0.01414   0.02828   0.03100   0.00945   0.00492   0.10895   0.33199   0.02891   0.72916   0.06719   0.30837   0.03082   0.21792   0.18703   0.31755   0.02150   0.13191   0.02982   0.05690   0.00740   0.00557   0.01313   0.00656   0.10458   0.09478   0.00000   0.01349   0.00932   0.00000   0.08115   0.01136   0.36097   0.53985   0.20277   0.00969   0.01179   0.09630   0.50173   0.85427   0.20964   0.06424   0.07262   0.37914   2.37706   0.43527  
112  0.0030  47611.048951  x:  0.20175   0.14362   0.14508   0.02796   0.00619   0.00295   0.00196   0.01313   0.00383   0.00180   0.00591   0.00876   0.01416   0.02840   0.03099   0.00941   0.00492   0.10899   0.33194   0.02891   0.72886   0.06723   0.30834   0.03088   0.21792   0.18706   0.31754   0.02147   0.13192   0.02984   0.05681   0.00740   0.00554   0.01318   0.00655   0.10461   0.09480   0.00000   0.01351   0.00947   0.00000   0.08120   0.01139   0.36090   0.53990   0.20274   0.00974   0.01179   0.09641   0.50165   0.85359   0.20963   0.06422   0.07265   0.37919   2.37767   0.43528  
113  0.0018  47611.041430  x:  0.20177   0.14358   0.14506   0.02795   0.00617   0.00291   0.00190   0.01312   0.00373   0.00178   0.00583   0.00877   0.01414   0.02826   0.03095   0.00944   0.00491   0.10895   0.33195   0.02893   0.72865   0.06723   0.30835   0.03104   0.21793   0.18705   0.31755   0.02142   0.13191   0.02980   0.05683   0.00734   0.00555   0.01315   0.00647   0.10461   0.09481   0.00000   0.01349   0.00950   0.00000   0.08120   0.01137   0.36095   0.53969   0.20276   0.00964   0.01178   0.09646   0.50148   0.85330   0.20969   0.06424   0.07264   0.37914   2.37802   0.43530  
114  0.0005  47611.022230  x:  0.20178   0.14357   0.14506   0.02792   0.00604   0.00282   0.00190   0.01306   0.00392   0.00173   0.00569   0.00894   0.01415   0.02815   0.03094   0.00942   0.00494   0.10891   0.33199   0.02895   0.72914   0.06717   0.30846   0.03123   0.21795   0.18700   0.31754   0.02141   0.13195   0.02977   0.05701   0.00734   0.00558   0.01320   0.00642   0.10457   0.09477   0.00000   0.01354   0.00928   0.00000   0.08118   0.01138   0.36112   0.53973   0.20277   0.00959   0.01175   0.09632   0.50171   0.85450   0.20969   0.06426   0.07258   0.37913   2.37825   0.43531  
115  0.0002  47610.963238  x:  0.20173   0.14363   0.14508   0.02788   0.00558   0.00288   0.00184   0.01308   0.00389   0.00176   0.00572   0.00933   0.01414   0.02842   0.03099   0.00935   0.00490   0.10899   0.33196   0.02889   0.72930   0.06722   0.30838   0.03093   0.21793   0.18704   0.31764   0.02140   0.13194   0.02985   0.05684   0.00742   0.00553   0.01317   0.00643   0.10460   0.09479   0.00000   0.01363   0.00958   0.00000   0.08106   0.01140   0.36086   0.54000   0.20279   0.00979   0.01177   0.09629   0.50181   0.85414   0.20959   0.06419   0.07263   0.37912   2.37750   0.43541  
116  0.0003  47610.950059  x:  0.20178   0.14358   0.14507   0.02795   0.00558   0.00282   0.00185   0.01302   0.00389   0.00182   0.00587   0.00951   0.01416   0.02838   0.03096   0.00943   0.00493   0.10896   0.33196   0.02893   0.72868   0.06723   0.30834   0.03096   0.21792   0.18705   0.31747   0.02145   0.13190   0.02982   0.05680   0.00737   0.00560   0.01318   0.00636   0.10461   0.09480   0.00000   0.01349   0.00949   0.00000   0.08123   0.01137   0.36095   0.53965   0.20275   0.00965   0.01179   0.09649   0.50146   0.85342   0.20969   0.06424   0.07265   0.37921   2.37778   0.43529  
117  0.0007  47610.944945  x:  0.20175   0.14358   0.14506   0.02791   0.00553   0.00279   0.00185   0.01302   0.00389   0.00183   0.00590   0.00952   0.01413   0.02822   0.03094   0.00945   0.00489   0.10894   0.33195   0.02891   0.72879   0.06721   0.30837   0.03113   0.21795   0.18704   0.31765   0.02140   0.13193   0.02979   0.05687   0.00734   0.00551   0.01313   0.00645   0.10459   0.09480   0.00000   0.01350   0.00941   0.00000   0.08113   0.01137   0.36096   0.53984   0.20276   0.00968   0.01177   0.09636   0.50159   0.85369   0.20966   0.06423   0.07260   0.37905   2.37800   0.43532  
118  0.0002  47610.891783  x:  0.20170   0.14366   0.14508   0.02789   0.00557   0.00277   0.00184   0.01301   0.00386   0.00184   0.00590   0.00953   0.01414   0.02813   0.03096   0.00938   0.00493   0.10894   0.33194   0.02893   0.72934   0.06720   0.30846   0.03138   0.21798   0.18704   0.31772   0.02147   0.13199   0.02981   0.05701   0.00744   0.00553   0.01320   0.00646   0.10458   0.09482   0.00000   0.01344   0.00945   0.00000   0.08120   0.01138   0.36095   0.54020   0.20276   0.00975   0.01176   0.09616   0.50195   0.85450   0.20955   0.06418   0.07259   0.37908   2.37788   0.43517  
119  0.0002  47610.359354  x:  0.20118   0.14439   0.14530   0.02765   0.00595   0.00249   0.00182   0.01296   0.00357   0.00210   0.00546   0.00957   0.01419   0.02730   0.03115   0.00862   0.00525   0.10901   0.33204   0.02906   0.73526   0.06716   0.30921   0.03355   0.21825   0.18714   0.31834   0.02215   0.13244   0.03002   0.05833   0.00825   0.00585   0.01389   0.00654   0.10453   0.09492   0.00000   0.01297   0.00984   0.00000   0.08166   0.01149   0.36068   0.54330   0.20303   0.01039   0.01172   0.09418   0.50556   0.86271   0.20849   0.06367   0.07255   0.37934   2.37438   0.43386  
120  0.0054  47607.365637  x:  0.20161   0.14381   0.14508   0.02770   0.00601   0.00296   0.00188   0.01304   0.00394   0.00271   0.00261   0.00937   0.01404   0.02805   0.03113   0.00958   0.00515   0.10897   0.33204   0.02893   0.73312   0.06724   0.30873   0.03267   0.21798   0.18704   0.31772   0.02189   0.13208   0.02995   0.05770   0.00864   0.00579   0.01370   0.00641   0.10457   0.09483   0.00000   0.01350   0.00950   0.00000   0.08098   0.01133   0.36069   0.54022   0.20318   0.01002   0.01173   0.09556   0.50341   0.85916   0.20935   0.06406   0.07252   0.37931   2.37517   0.43492  
121  0.0009  47606.288794  x:  0.20203   0.14332   0.14502   0.02819   0.00579   0.00298   0.00195   0.01304   0.00393   0.00392   0.00216   0.00923   0.01417   0.02876   0.03090   0.00973   0.00476   0.10889   0.33202   0.02882   0.72524   0.06723   0.30789   0.02966   0.21786   0.18707   0.31718   0.02122   0.13169   0.02971   0.05607   0.00777   0.00536   0.01282   0.00666   0.10469   0.09474   0.00000   0.01359   0.00862   0.00000   0.08113   0.01131   0.36113   0.53865   0.20252   0.00937   0.01185   0.09737   0.49986   0.84920   0.21020   0.06449   0.07273   0.37903   2.37848   0.43559  
122  0.0093  47606.061069  x:  0.20185   0.14345   0.14503   0.02806   0.00577   0.00290   0.00194   0.01304   0.00393   0.00437   0.00289   0.00923   0.01415   0.02850   0.03093   0.00961   0.00483   0.10895   0.33192   0.02889   0.72693   0.06724   0.30811   0.03036   0.21788   0.18705   0.31743   0.02137   0.13180   0.02976   0.05644   0.00769   0.00543   0.01297   0.00661   0.10464   0.09480   0.00000   0.01348   0.00896   0.00000   0.08124   0.01134   0.36100   0.53936   0.20262   0.00955   0.01183   0.09686   0.50071   0.85112   0.20987   0.06433   0.07269   0.37910   2.37802   0.43535  
123  0.0032  47605.940234  x:  0.20167   0.14366   0.14508   0.02790   0.00577   0.00280   0.00191   0.01305   0.00386   0.00474   0.00253   0.00922   0.01415   0.02817   0.03098   0.00937   0.00496   0.10898   0.33190   0.02896   0.72952   0.06722   0.30846   0.03133   0.21795   0.18703   0.31769   0.02153   0.13197   0.02983   0.05699   0.00779   0.00557   0.01324   0.00650   0.10460   0.09483   0.00000   0.01347   0.00926   0.00000   0.08128   0.01139   0.36089   0.54023   0.20278   0.00977   0.01178   0.09615   0.50199   0.85442   0.20949   0.06415   0.07262   0.37919   2.37750   0.43511  
124  0.0054  47605.919824  x:  0.20178   0.14359   0.14507   0.02793   0.00580   0.00285   0.00191   0.01306   0.00385   0.00497   0.00248   0.00922   0.01414   0.02831   0.03097   0.00942   0.00492   0.10895   0.33197   0.02892   0.72881   0.06722   0.30836   0.03098   0.21794   0.18703   0.31756   0.02142   0.13191   0.02980   0.05681   0.00786   0.00555   0.01317   0.00650   0.10463   0.09478   0.00000   0.01359   0.00901   0.00000   0.08114   0.01139   0.36095   0.53974   0.20276   0.00966   0.01178   0.09644   0.50156   0.85359   0.20969   0.06424   0.07263   0.37914   2.37784   0.43531  
125  0.0011  47605.919280  x:  0.20177   0.14358   0.14507   0.02794   0.00579   0.00284   0.00192   0.01306   0.00387   0.00500   0.00250   0.00922   0.01415   0.02830   0.03096   0.00942   0.00492   0.10895   0.33196   0.02892   0.72877   0.06722   0.30836   0.03099   0.21794   0.18703   0.31757   0.02142   0.13191   0.02980   0.05681   0.00785   0.00554   0.01316   0.00650   0.10462   0.09479   0.00000   0.01358   0.00907   0.00000   0.08117   0.01139   0.36096   0.53976   0.20276   0.00966   0.01178   0.09643   0.50155   0.85353   0.20968   0.06424   0.07263   0.37914   2.37781   0.43530  
126  0.0001  47605.919267  x:  0.20177   0.14359   0.14507   0.02794   0.00579   0.00284   0.00192   0.01306   0.00386   0.00500   0.00250   0.00922   0.01415   0.02830   0.03096   0.00942   0.00492   0.10895   0.33196   0.02892   0.72878   0.06722   0.30836   0.03100   0.21794   0.18703   0.31757   0.02142   0.13191   0.02980   0.05681   0.00785   0.00554   0.01317   0.00650   0.10462   0.09479   0.00000   0.01358   0.00906   0.00000   0.08117   0.01139   0.36096   0.53977   0.20276   0.00967   0.01178   0.09642   0.50156   0.85355   0.20967   0.06423   0.07263   0.37915   2.37780   0.43529  
127  0.0000  47605.919266  x:  0.20177   0.14359   0.14507   0.02794   0.00579   0.00284   0.00192   0.01306   0.00386   0.00500   0.00250   0.00922   0.01415   0.02830   0.03096   0.00942   0.00492   0.10895   0.33196   0.02892   0.72878   0.06722   0.30836   0.03100   0.21794   0.18703   0.31757   0.02142   0.13191   0.02980   0.05681   0.00785   0.00554   0.01317   0.00650   0.10462   0.09479   0.00000   0.01357   0.00906   0.00000   0.08117   0.01139   0.36096   0.53977   0.20276   0.00967   0.01178   0.09642   0.50156   0.85355   0.20967   0.06423   0.07263   0.37915   2.37780   0.43529  