

TREE # 1

  0  0.0000  60092.611256  x:  0.08979   0.03788   0.04696   0.06159   0.09157   0.09738   0.04393   0.07543   0.04815   0.03594   0.08612   0.05676   0.06343   0.09217   0.08101   0.03746   0.02955   0.07360   0.06712   0.02607   0.03108   0.08466   0.01302   0.02228   0.05882   0.01162   0.06277   0.01570   0.07556   0.01293   0.05744   0.05487   0.05075   0.03839   0.03734   0.04734   0.05648   0.07546   0.10478   0.02699   0.09191   0.09639   0.10185   0.09919   0.07819   0.05436   0.03320   0.05012   0.04129   0.05224   0.03810   0.08081   0.07473   2.00000   0.40000  
  1 99.0000  55851.681887  x:  0.06776   0.02534   0.02941   0.09965   0.07470   0.12267   0.05355   0.07721   0.05916   0.15973   0.29765   0.16374   0.09842   0.07144   0.20127   0.04051   0.12418   0.05077   0.04234   0.08637   0.01765   0.08981   0.19905   0.02044   0.04920   0.02669   0.04196   0.03701   0.04907   0.00000   0.03871   0.11005   0.06807   0.09008   0.03953   0.03418   0.11073   0.12485   0.10862   0.09061   0.10837   0.08535   0.14169   0.07591   0.05457   0.04271   0.01543   0.10480   0.05016   0.09220   0.02324   0.05943   0.12096   2.00375   0.40197  
  2 26474.8246  55170.806843  x:  0.03541   0.00228   0.00000   0.12429   0.04865   0.14460   0.05832   0.07848   0.05626   0.18487   0.37937   0.20386   0.12112   0.04023   0.26031   0.03384   0.13673   0.01918   0.00702   0.08946   0.01423   0.09337   0.20127   0.00572   0.03930   0.01530   0.01650   0.02870   0.01112   0.21224   0.01725   0.13507   0.07617   0.10434   0.03715   0.01519   0.13695   0.15456   0.11009   0.09911   0.12389   0.07116   0.17446   0.04291   0.02215   0.03300   0.00830   0.12831   0.05560   0.11163   0.01223   0.03172   0.15031   2.00952   0.40248  
  3 15411.1020  55063.089799  x:  0.02704   0.01225   0.02151   0.12866   0.04144   0.14898   0.05842   0.07864   0.05425   0.18467   0.39082   0.20867   0.12464   0.03137   0.26949   0.03230   0.13445   0.01517   0.00732   0.08671   0.01799   0.09450   0.19070   0.01067   0.03882   0.01584   0.01609   0.02706   0.00000   0.22138   0.01143   0.13807   0.07632   0.10467   0.03622   0.01210   0.14030   0.15928   0.11011   0.09736   0.12684   0.06653   0.18056   0.03448   0.01567   0.03280   0.01627   0.13086   0.05463   0.11369   0.01673   0.02690   0.15483   2.01144   0.40223  
  4 7486.0767  54874.553266  x:  0.00573   0.00810   0.01415   0.13632   0.02137   0.15902   0.05795   0.07877   0.04820   0.17945   0.41392   0.21655   0.13106   0.00851   0.28878   0.02977   0.12494   0.01414   0.01468   0.07760   0.02587   0.09666   0.15479   0.01417   0.03931   0.01863   0.02069   0.02492   0.00000   0.21126   0.00000   0.14321   0.07535   0.10316   0.03405   0.00815   0.14632   0.16905   0.10989   0.09030   0.13344   0.05442   0.19427   0.01497   0.00674   0.03346   0.01960   0.13477   0.05138   0.11652   0.02398   0.01852   0.16400   2.01700   0.40129  
  5 6000.1294  54820.170629  x:  0.00273   0.00895   0.01172   0.14052   0.01160   0.16450   0.05774   0.07884   0.04536   0.17689   0.42702   0.22102   0.13458   0.00000   0.29951   0.02992   0.12009   0.01359   0.01359   0.07335   0.02878   0.09766   0.13495   0.01483   0.03936   0.01876   0.02100   0.02433   0.00000   0.20681   0.01049   0.14622   0.07533   0.10251   0.03316   0.00725   0.14962   0.17438   0.10981   0.08682   0.13695   0.04875   0.20172   0.01001   0.01098   0.03356   0.02064   0.13704   0.04981   0.11804   0.02585   0.01603   0.16899   2.02025   0.40080  
  6 9540.2362  54767.656894  x:  0.00351   0.01020   0.00865   0.14594   0.00000   0.17164   0.05749   0.07893   0.04186   0.17358   0.44406   0.22679   0.13914   0.00627   0.31352   0.03109   0.11384   0.01308   0.01213   0.06805   0.03245   0.09894   0.10909   0.01555   0.03941   0.01881   0.02125   0.02365   0.00000   0.20140   0.01655   0.15000   0.07513   0.10167   0.03207   0.00626   0.15388   0.18128   0.10971   0.08236   0.14148   0.04133   0.21138   0.00570   0.01415   0.03365   0.02178   0.13995   0.04785   0.12001   0.02805   0.01340   0.17542   2.02455   0.40015  
  7 16371.2592  54680.802000  x:  0.00902   0.01246   0.00373   0.15589   0.00861   0.18523   0.05708   0.07909   0.03695   0.16758   0.47571   0.23721   0.14740   0.00822   0.33932   0.03315   0.10248   0.01289   0.00900   0.05900   0.03779   0.10119   0.06110   0.01610   0.03941   0.01836   0.02096   0.02290   0.00000   0.19209   0.01929   0.15665   0.07459   0.10015   0.03035   0.00541   0.16161   0.19393   0.10957   0.07444   0.14968   0.02818   0.22920   0.01219   0.01714   0.03367   0.02276   0.14519   0.04447   0.12353   0.03089   0.01173   0.18715   2.03284   0.39890  
  8 12958.8641  54666.558715  x:  0.00869   0.01182   0.00607   0.15734   0.00495   0.18828   0.05683   0.07913   0.03741   0.16405   0.48260   0.23792   0.14832   0.00670   0.34506   0.03422   0.09939   0.01538   0.00795   0.05976   0.03383   0.10128   0.05260   0.01438   0.03929   0.01627   0.01826   0.02445   0.00000   0.19043   0.01692   0.15685   0.07420   0.09914   0.03113   0.00853   0.16234   0.19637   0.10970   0.07313   0.15111   0.03036   0.23362   0.01601   0.01616   0.03338   0.01972   0.14563   0.04454   0.12348   0.02715   0.02185   0.18914   2.03667   0.39842  
  9 2161.3238  54658.008570  x:  0.00898   0.01213   0.00777   0.15775   0.00662   0.19168   0.05641   0.07911   0.03985   0.15670   0.48803   0.23582   0.14805   0.00694   0.35035   0.03569   0.09487   0.01451   0.00972   0.06200   0.02649   0.10106   0.05044   0.01412   0.03947   0.01569   0.01687   0.02523   0.00000   0.18875   0.01681   0.15527   0.07356   0.09683   0.03217   0.00819   0.16120   0.19796   0.10996   0.07160   0.15201   0.03600   0.23855   0.01205   0.01623   0.03328   0.01680   0.14463   0.04523   0.12194   0.01951   0.02028   0.19024   2.04344   0.39769  
 10 1107.7112  54653.355222  x:  0.00899   0.01212   0.00740   0.15760   0.00486   0.19448   0.05611   0.07909   0.04193   0.14929   0.49189   0.23291   0.14737   0.00637   0.35460   0.03589   0.09150   0.01390   0.00720   0.06316   0.02296   0.10092   0.05245   0.01506   0.03968   0.01671   0.01831   0.02467   0.00000   0.18797   0.01571   0.15331   0.07301   0.09476   0.03264   0.00710   0.15958   0.19894   0.11024   0.07057   0.15251   0.03881   0.24279   0.01547   0.01660   0.03335   0.01813   0.14306   0.04594   0.12023   0.01863   0.01790   0.19077   2.05088   0.39709  
 11 1115.5719  54648.886459  x:  0.01001   0.01240   0.00642   0.15707   0.00523   0.19805   0.05593   0.07909   0.04505   0.14002   0.49684   0.22851   0.14623   0.00660   0.36018   0.03549   0.08911   0.01546   0.01031   0.06415   0.02328   0.10081   0.05665   0.01487   0.03960   0.01655   0.01870   0.02398   0.00000   0.18885   0.01673   0.15058   0.07263   0.09272   0.03295   0.00758   0.15728   0.20002   0.11069   0.07020   0.15289   0.04022   0.24824   0.01539   0.01682   0.03336   0.01992   0.14065   0.04693   0.11798   0.02288   0.01961   0.19115   2.06278   0.39647  
 12 1175.7457  54646.531809  x:  0.00926   0.01242   0.00641   0.15630   0.00626   0.19956   0.05593   0.07910   0.04691   0.13590   0.49880   0.22549   0.14524   0.00702   0.36267   0.03502   0.08962   0.01488   0.00733   0.06428   0.02555   0.10072   0.05791   0.01417   0.03951   0.01609   0.01805   0.02443   0.00000   0.18833   0.01707   0.14889   0.07258   0.09228   0.03289   0.00843   0.15571   0.20010   0.11095   0.07072   0.15269   0.03963   0.25075   0.01356   0.01631   0.03338   0.01930   0.13902   0.04723   0.11675   0.02395   0.02062   0.19080   2.07139   0.39634  
 13 1016.9392  54643.036302  x:  0.00909   0.01253   0.00728   0.15438   0.00515   0.20114   0.05620   0.07915   0.04977   0.13226   0.50139   0.22007   0.14328   0.00680   0.36614   0.03415   0.09406   0.01337   0.00896   0.06395   0.02977   0.10045   0.05768   0.01342   0.03935   0.01594   0.01669   0.02564   0.00000   0.18840   0.01701   0.14627   0.07299   0.09324   0.03237   0.00859   0.15291   0.19940   0.11133   0.07291   0.15164   0.03654   0.25412   0.01558   0.01625   0.03326   0.01670   0.13636   0.04723   0.11522   0.02139   0.01924   0.18941   2.09070   0.39673  
 14 921.0935  54638.870910  x:  0.00975   0.01261   0.00716   0.15184   0.00523   0.20185   0.05658   0.07919   0.05203   0.13299   0.50372   0.21435   0.14123   0.00656   0.36930   0.03453   0.09998   0.01793   0.00827   0.06335   0.02856   0.09994   0.05540   0.01528   0.03944   0.01701   0.01934   0.02464   0.00000   0.18935   0.01684   0.14427   0.07380   0.09576   0.03203   0.00765   0.15017   0.19772   0.11147   0.07522   0.14988   0.03415   0.25698   0.01433   0.01656   0.03326   0.01868   0.13443   0.04674   0.11462   0.01893   0.01975   0.18710   2.12124   0.39808  
 15 1059.3837  54632.040330  x:  0.00831   0.01285   0.00615   0.14875   0.00555   0.20154   0.05674   0.07913   0.05217   0.13799   0.50537   0.20823   0.13928   0.00699   0.37218   0.03580   0.10405   0.01274   0.00900   0.06225   0.02240   0.09935   0.05226   0.01537   0.03958   0.01604   0.01899   0.02301   0.00000   0.18921   0.01690   0.14322   0.07460   0.09891   0.03233   0.00872   0.14788   0.19479   0.11110   0.07581   0.14743   0.03460   0.25949   0.01415   0.01719   0.03348   0.02109   0.13383   0.04597   0.11522   0.02283   0.02058   0.18362   2.17455   0.40099  
 16 1660.0941  54621.139265  x:  0.01358   0.01312   0.00681   0.14652   0.00416   0.19981   0.05619   0.07897   0.04673   0.14662   0.50521   0.20397   0.13887   0.00497   0.37413   0.03607   0.09972   0.01576   0.00768   0.06027   0.02239   0.09953   0.05242   0.01291   0.03973   0.01588   0.01539   0.02559   0.00000   0.18902   0.01568   0.14462   0.07444   0.10020   0.03296   0.00916   0.14755   0.19070   0.10994   0.07164   0.14513   0.03868   0.26120   0.01372   0.01477   0.03362   0.01824   0.13603   0.04587   0.11783   0.02709   0.01657   0.17965   2.27041   0.40649  
 17 2450.6073  54609.603423  x:  0.00742   0.01226   0.00793   0.14655   0.00594   0.19782   0.05561   0.07888   0.04000   0.15332   0.50369   0.20404   0.14008   0.00739   0.37454   0.03554   0.09170   0.01677   0.00849   0.06006   0.02746   0.10037   0.05516   0.01431   0.03976   0.01700   0.01875   0.02662   0.00000   0.19008   0.01729   0.14747   0.07366   0.09893   0.03317   0.00826   0.14924   0.18790   0.10905   0.06737   0.14435   0.04125   0.26137   0.01537   0.01686   0.03344   0.01585   0.13915   0.04650   0.12058   0.02453   0.01813   0.17756   2.37122   0.41210  
 18 4800.5197  54603.969818  x:  0.01089   0.01210   0.00676   0.14837   0.00552   0.19652   0.05561   0.07896   0.03795   0.15336   0.50118   0.20793   0.14175   0.00626   0.37256   0.03465   0.08846   0.01326   0.00871   0.06191   0.03019   0.10085   0.05683   0.01521   0.03954   0.01632   0.01945   0.02411   0.00000   0.18959   0.01639   0.14918   0.07283   0.09632   0.03289   0.00848   0.15141   0.18805   0.10931   0.06796   0.14543   0.03923   0.25949   0.01419   0.01670   0.03341   0.01933   0.14036   0.04692   0.12102   0.01993   0.02103   0.17845   2.42327   0.41454  
 19 2849.4425  54597.823181  x:  0.00835   0.01309   0.00617   0.15278   0.00571   0.19496   0.05609   0.07922   0.04002   0.14868   0.49632   0.21743   0.14463   0.00690   0.36727   0.03450   0.08900   0.01575   0.00859   0.06543   0.02754   0.10105   0.05697   0.01327   0.03917   0.01541   0.01542   0.02272   0.00000   0.18872   0.01669   0.15104   0.07207   0.09205   0.03247   0.00890   0.15522   0.19081   0.11057   0.07251   0.14864   0.03445   0.25459   0.01484   0.01645   0.03333   0.02110   0.14102   0.04705   0.11981   0.01957   0.01947   0.18238   2.48006   0.41641  
 20 1949.0785  54594.696030  x:  0.00957   0.01258   0.00687   0.15576   0.00550   0.19435   0.05636   0.07936   0.04290   0.14485   0.49347   0.22410   0.14633   0.00663   0.36348   0.03476   0.09130   0.01487   0.00855   0.06626   0.02560   0.10106   0.05627   0.01392   0.03926   0.01678   0.01864   0.02551   0.00000   0.18902   0.01685   0.15187   0.07213   0.09066   0.03243   0.00820   0.15749   0.19342   0.11132   0.07479   0.15096   0.03358   0.25108   0.01445   0.01605   0.03322   0.01805   0.14130   0.04697   0.11870   0.02185   0.01975   0.18565   2.51044   0.41704  
 21 1941.7740  54593.668264  x:  0.00963   0.01153   0.00697   0.15683   0.00543   0.19471   0.05628   0.07927   0.04514   0.14300   0.49285   0.22729   0.14660   0.00662   0.36143   0.03496   0.09368   0.01495   0.00847   0.06391   0.02675   0.10103   0.05613   0.01540   0.03948   0.01588   0.01787   0.02448   0.00000   0.18875   0.01656   0.15171   0.07289   0.09272   0.03268   0.00760   0.15806   0.19557   0.11126   0.07352   0.15203   0.03688   0.24913   0.01457   0.01666   0.03342   0.01806   0.14133   0.04670   0.11813   0.02203   0.01966   0.18786   2.52048   0.41680  
 22 465.5166  54593.451531  x:  0.00948   0.01213   0.00675   0.15691   0.00542   0.19504   0.05622   0.07921   0.04561   0.14263   0.49290   0.22803   0.14646   0.00665   0.36072   0.03499   0.09411   0.01488   0.00854   0.06320   0.02695   0.10095   0.05619   0.01420   0.03951   0.01658   0.01821   0.02458   0.00000   0.18875   0.01660   0.15147   0.07316   0.09378   0.03267   0.00805   0.15801   0.19645   0.11113   0.07270   0.15223   0.03753   0.24843   0.01461   0.01646   0.03340   0.01862   0.14117   0.04662   0.11804   0.02165   0.01968   0.18860   2.52259   0.41662  
 23 244.0786  54593.364820  x:  0.00945   0.01255   0.00656   0.15659   0.00540   0.19562   0.05616   0.07915   0.04548   0.14262   0.49327   0.22823   0.14604   0.00664   0.35995   0.03497   0.09376   0.01489   0.00854   0.06325   0.02667   0.10085   0.05642   0.01436   0.03938   0.01611   0.01820   0.02492   0.00000   0.18874   0.01664   0.15102   0.07326   0.09472   0.03242   0.00774   0.15756   0.19742   0.11095   0.07193   0.15218   0.03692   0.24765   0.01462   0.01628   0.03330   0.01856   0.14077   0.04659   0.11811   0.02156   0.01980   0.18926   2.52344   0.41639  
 24 85.1723  54593.322636  x:  0.00951   0.01220   0.00676   0.15631   0.00541   0.19609   0.05615   0.07914   0.04530   0.14274   0.49366   0.22823   0.14571   0.00664   0.35938   0.03497   0.09347   0.01489   0.00853   0.06349   0.02659   0.10080   0.05643   0.01449   0.03939   0.01650   0.01805   0.02467   0.00000   0.18879   0.01662   0.15070   0.07325   0.09508   0.03239   0.00798   0.15722   0.19814   0.11088   0.07176   0.15210   0.03662   0.24707   0.01457   0.01643   0.03331   0.01841   0.14052   0.04661   0.11820   0.02162   0.01977   0.18969   2.52385   0.41625  
 25 87.7925  54593.299953  x:  0.00951   0.01200   0.00688   0.15607   0.00541   0.19647   0.05617   0.07915   0.04515   0.14293   0.49410   0.22813   0.14549   0.00665   0.35889   0.03497   0.09336   0.01491   0.00853   0.06368   0.02672   0.10079   0.05629   0.01425   0.03944   0.01627   0.01824   0.02462   0.00000   0.18880   0.01663   0.15052   0.07318   0.09493   0.03250   0.00789   0.15694   0.19867   0.11089   0.07207   0.15201   0.03681   0.24661   0.01459   0.01644   0.03338   0.01849   0.14042   0.04662   0.11827   0.02168   0.01967   0.18994   2.52406   0.41619  
 26 50.1683  54593.285026  x:  0.00948   0.01223   0.00672   0.15590   0.00540   0.19675   0.05619   0.07917   0.04505   0.14307   0.49448   0.22797   0.14539   0.00665   0.35847   0.03495   0.09334   0.01489   0.00853   0.06365   0.02683   0.10081   0.05619   0.01443   0.03948   0.01641   0.01813   0.02474   0.00000   0.18885   0.01665   0.15043   0.07311   0.09459   0.03257   0.00786   0.15676   0.19902   0.11093   0.07235   0.15193   0.03705   0.24627   0.01461   0.01637   0.03339   0.01854   0.14040   0.04660   0.11831   0.02169   0.01971   0.19007   2.52418   0.41618  
 27 47.7531  54593.273976  x:  0.00949   0.01234   0.00672   0.15588   0.00539   0.19692   0.05617   0.07918   0.04503   0.14308   0.49487   0.22775   0.14546   0.00664   0.35809   0.03495   0.09344   0.01491   0.00853   0.06332   0.02675   0.10086   0.05628   0.01441   0.03941   0.01632   0.01820   0.02461   0.00000   0.18886   0.01658   0.15052   0.07308   0.09420   0.03249   0.00800   0.15677   0.19915   0.11096   0.07228   0.15189   0.03698   0.24603   0.01459   0.01647   0.03329   0.01841   0.14047   0.04653   0.11829   0.02166   0.01970   0.19003   2.52423   0.41626  
 28 18.7865  54593.260183  x:  0.00949   0.01212   0.00681   0.15593   0.00540   0.19703   0.05614   0.07919   0.04508   0.14300   0.49534   0.22746   0.14562   0.00666   0.35761   0.03499   0.09354   0.01488   0.00854   0.06314   0.02667   0.10091   0.05633   0.01433   0.03938   0.01642   0.01810   0.02471   0.00000   0.18884   0.01664   0.15068   0.07311   0.09393   0.03243   0.00777   0.15683   0.19914   0.11098   0.07206   0.15186   0.03686   0.24581   0.01459   0.01641   0.03331   0.01852   0.14057   0.04650   0.11823   0.02163   0.01978   0.18989   2.52427   0.41639  
 29 27.7614  54593.227633  x:  0.00946   0.01207   0.00677   0.15613   0.00539   0.19709   0.05611   0.07919   0.04525   0.14272   0.49623   0.22695   0.14599   0.00667   0.35666   0.03502   0.09362   0.01490   0.00856   0.06352   0.02675   0.10096   0.05623   0.01451   0.03948   0.01629   0.01818   0.02483   0.00000   0.18888   0.01673   0.15102   0.07324   0.09406   0.03260   0.00810   0.15713   0.19889   0.11102   0.07174   0.15189   0.03680   0.24549   0.01463   0.01621   0.03352   0.01864   0.14079   0.04663   0.11810   0.02161   0.01964   0.18950   2.52433   0.41662  
 30 29.8490  54593.184684  x:  0.00948   0.01241   0.00667   0.15637   0.00536   0.19703   0.05613   0.07917   0.04539   0.14240   0.49713   0.22653   0.14631   0.00663   0.35570   0.03494   0.09352   0.01489   0.00852   0.06396   0.02687   0.10097   0.05607   0.01436   0.03955   0.01640   0.01816   0.02452   0.00000   0.18887   0.01654   0.15128   0.07332   0.09451   0.03268   0.00776   0.15740   0.19848   0.11107   0.07173   0.15194   0.03686   0.24527   0.01458   0.01648   0.03348   0.01841   0.14094   0.04675   0.11799   0.02173   0.01972   0.18908   2.52438   0.41678  
 31 57.5956  54593.044229  x:  0.00947   0.01213   0.00673   0.15680   0.00540   0.19655   0.05628   0.07914   0.04527   0.14183   0.49863   0.22644   0.14639   0.00666   0.35415   0.03467   0.09264   0.01490   0.00854   0.06335   0.02679   0.10077   0.05602   0.01443   0.03920   0.01637   0.01812   0.02499   0.00000   0.18883   0.01645   0.15119   0.07304   0.09569   0.03211   0.00799   0.15779   0.19748   0.11110   0.07299   0.15218   0.03707   0.24539   0.01453   0.01672   0.03261   0.01872   0.14081   0.04658   0.11799   0.02171   0.01963   0.18849   2.52451   0.41664  
 32 33.0557  54592.719751  x:  0.00944   0.01217   0.00678   0.15718   0.00544   0.19556   0.05636   0.07908   0.04491   0.14153   0.50047   0.22714   0.14586   0.00676   0.35235   0.03507   0.09196   0.01488   0.00857   0.06222   0.02658   0.10045   0.05624   0.01445   0.03924   0.01643   0.01830   0.02404   0.00000   0.18868   0.01715   0.15045   0.07255   0.09625   0.03193   0.00782   0.15793   0.19596   0.11088   0.07400   0.15265   0.03698   0.24619   0.01475   0.01535   0.03387   0.01812   0.14017   0.04624   0.11824   0.02160   0.01977   0.18813   2.52477   0.41601  
 33 64.2364  54591.410622  x:  0.00947   0.01240   0.00662   0.15751   0.00551   0.19232   0.05615   0.07900   0.04424   0.14190   0.50496   0.23034   0.14339   0.00649   0.34784   0.03634   0.09247   0.01491   0.00856   0.06161   0.02669   0.09982   0.05653   0.01431   0.04025   0.01625   0.01798   0.02552   0.00000   0.18863   0.01583   0.14744   0.07155   0.09478   0.03330   0.00815   0.15743   0.19183   0.10971   0.07321   0.15402   0.03639   0.24952   0.01433   0.01775   0.03655   0.01859   0.13777   0.04600   0.11926   0.02155   0.01980   0.18810   2.52577   0.41383  
 34 133.6000  54588.499724  x:  0.00945   0.01196   0.00648   0.15684   0.00568   0.18775   0.05580   0.07908   0.04428   0.14355   0.51034   0.23499   0.13979   0.00673   0.34187   0.03541   0.09499   0.01488   0.00856   0.06446   0.02723   0.09960   0.05570   0.01445   0.03995   0.01637   0.01825   0.02434   0.00000   0.18712   0.01678   0.14372   0.07203   0.09110   0.03364   0.00818   0.15569   0.18686   0.10842   0.06977   0.15519   0.03730   0.25499   0.01468   0.01581   0.03077   0.01859   0.13510   0.04667   0.12022   0.02188   0.01957   0.18889   2.52775   0.41148  
 35 258.6402  54571.783543  x:  0.00992   0.01143   0.00564   0.14941   0.00641   0.18201   0.05734   0.08027   0.04691   0.14875   0.51646   0.24022   0.13839   0.00746   0.33151   0.02387   0.09685   0.01512   0.00835   0.06905   0.02506   0.10361   0.05684   0.01417   0.03222   0.01688   0.01815   0.02503   0.00000   0.17801   0.01555   0.14573   0.08188   0.08990   0.02308   0.00975   0.14847   0.18606   0.11263   0.07000   0.15136   0.04109   0.26991   0.01489   0.01675   0.03830   0.01792   0.13801   0.04837   0.11694   0.02147   0.02008   0.19383   2.53792   0.41586  
 36 147.3740  54507.027612  x:  0.01051   0.00906   0.00290   0.12451   0.00838   0.17104   0.06092   0.08247   0.05050   0.16179   0.52968   0.24697   0.14170   0.00606   0.30360   0.04520   0.09824   0.01479   0.00803   0.07034   0.02192   0.11545   0.07237   0.01158   0.03956   0.01604   0.01670   0.02648   0.00000   0.13974   0.01007   0.16042   0.10524   0.09982   0.03407   0.01095   0.12788   0.19399   0.12869   0.08377   0.13532   0.03976   0.31405   0.01621   0.01588   0.03195   0.01465   0.15227   0.04969   0.10408   0.01749   0.02343   0.20804   2.58103   0.43661  
 37 983.9472  54413.429168  x:  0.01155   0.00647   0.00000   0.13143   0.01082   0.17664   0.05501   0.07789   0.04719   0.17172   0.53862   0.23695   0.14051   0.00704   0.30452   0.03303   0.11499   0.01508   0.00765   0.07616   0.01506   0.10445   0.08435   0.00972   0.04298   0.01553   0.01578   0.02760   0.00000   0.10512   0.00816   0.15987   0.08589   0.10718   0.04130   0.01052   0.13831   0.20062   0.12315   0.08952   0.12966   0.04524   0.31432   0.01758   0.01452   0.03138   0.01172   0.15211   0.05076   0.11358   0.01420   0.02644   0.20195   2.62089   0.43677  
 38 846.3507  54413.429168  x:  0.01155   0.00647   0.00000   0.13143   0.01082   0.17664   0.05501   0.07789   0.04719   0.17172   0.53862   0.23695   0.14051   0.00704   0.30452   0.03303   0.11499   0.01508   0.00765   0.07616   0.01506   0.10445   0.08435   0.00972   0.04298   0.01553   0.01578   0.02760   0.00000   0.10512   0.00816   0.15987   0.08589   0.10718   0.04130   0.01052   0.13831   0.20062   0.12315   0.08952   0.12966   0.04524   0.31432   0.01758   0.01452   0.03138   0.01172   0.15211   0.05076   0.11358   0.01420   0.02644   0.20195   2.62089   0.43677  
 39 979.6359  54399.988714  x:  0.01174   0.00831   0.01709   0.13277   0.01180   0.17730   0.05527   0.07800   0.04713   0.17295   0.54125   0.23820   0.14091   0.00762   0.30722   0.03338   0.11571   0.01535   0.00856   0.07655   0.01764   0.10431   0.08571   0.01102   0.04255   0.01636   0.01666   0.02771   0.00000   0.10049   0.00811   0.16019   0.08538   0.10735   0.04058   0.01025   0.13963   0.20096   0.12263   0.08967   0.13045   0.04459   0.31341   0.01780   0.01445   0.03170   0.01336   0.15234   0.05064   0.11426   0.01596   0.02554   0.20194   2.62088   0.43617  
 40 6343.2803  54220.499466  x:  0.00844   0.00797   0.01144   0.15406   0.01583   0.18888   0.06020   0.07957   0.04426   0.19472   0.58990   0.26063   0.14797   0.01347   0.35691   0.03869   0.12895   0.01821   0.01488   0.08264   0.04741   0.10112   0.10922   0.02471   0.03502   0.02686   0.02759   0.02916   0.00000   0.01374   0.00749   0.16600   0.07629   0.11040   0.02809   0.00593   0.16352   0.20726   0.11318   0.09228   0.14483   0.03330   0.29657   0.02087   0.01317   0.03640   0.02972   0.15647   0.04872   0.12645   0.03758   0.01023   0.20185   2.62071   0.42498  
 41 2889.3099  54197.001874  x:  0.00928   0.00808   0.01169   0.15661   0.01516   0.19041   0.06042   0.07966   0.04355   0.19771   0.59779   0.26386   0.14885   0.01153   0.36426   0.03846   0.13041   0.01721   0.01252   0.08306   0.04724   0.10056   0.11129   0.02284   0.03491   0.02561   0.02609   0.02885   0.00000   0.00263   0.00966   0.16679   0.07573   0.11075   0.02809   0.00671   0.16659   0.20819   0.11202   0.09260   0.14670   0.03345   0.29399   0.02026   0.01343   0.03609   0.02758   0.15714   0.04876   0.12792   0.03680   0.01467   0.20185   2.62068   0.42341  
 42 4451.2334  54128.907853  x:  0.01061   0.00784   0.01265   0.17353   0.01183   0.20069   0.06192   0.08025   0.03894   0.21793   0.65186   0.28565   0.15465   0.00216   0.41419   0.03783   0.14007   0.01432   0.00406   0.08588   0.04783   0.09720   0.12528   0.01290   0.03432   0.01967   0.01895   0.02759   0.00000   0.00829   0.01920   0.17196   0.07254   0.11294   0.02734   0.00773   0.18689   0.21432   0.10438   0.09469   0.15905   0.03560   0.27651   0.01753   0.01479   0.03478   0.01647   0.16163   0.05026   0.13744   0.03174   0.01378   0.20190   2.62046   0.41285  
 43 2857.7994  54108.180908  x:  0.01067   0.00761   0.01297   0.17971   0.01012   0.20482   0.06180   0.08025   0.03653   0.22640   0.67743   0.29499   0.15674   0.00574   0.43645   0.03758   0.14332   0.01537   0.01474   0.08643   0.04320   0.09610   0.12925   0.00847   0.03569   0.01682   0.01601   0.02727   0.00000   0.01012   0.01929   0.17385   0.07208   0.11364   0.02880   0.00755   0.19464   0.21688   0.10183   0.09544   0.16365   0.03781   0.26867   0.01689   0.01512   0.03369   0.01151   0.16342   0.05092   0.14072   0.02621   0.01725   0.20194   2.62035   0.40860  
 44 6348.6181  54082.703435  x:  0.00941   0.00697   0.01358   0.18270   0.00976   0.20809   0.05990   0.07967   0.03318   0.23408   0.70912   0.30393   0.15763   0.00989   0.46045   0.03610   0.14391   0.01643   0.01212   0.08499   0.02799   0.09642   0.12797   0.01428   0.04004   0.01779   0.01887   0.02805   0.00000   0.01144   0.00981   0.17476   0.07393   0.11361   0.03294   0.00523   0.19948   0.21909   0.10156   0.09571   0.16601   0.04170   0.26025   0.01876   0.01460   0.03247   0.01856   0.16456   0.05124   0.14155   0.01586   0.02155   0.20199   2.62019   0.40549  
 45 2865.6991  54070.454682  x:  0.01313   0.00822   0.01371   0.17916   0.01219   0.20803   0.05755   0.07892   0.03075   0.23617   0.73289   0.30691   0.15615   0.00910   0.47353   0.03400   0.14030   0.01686   0.01214   0.08213   0.01783   0.09820   0.11982   0.01283   0.04111   0.02053   0.02093   0.02860   0.00000   0.01047   0.00746   0.17398   0.07790   0.11245   0.03443   0.00492   0.19717   0.21953   0.10485   0.09506   0.16338   0.04296   0.25607   0.01902   0.01325   0.03312   0.01590   0.16380   0.05048   0.13816   0.02337   0.01801   0.20202   2.62005   0.40608  
 46 1409.5632  54060.732191  x:  0.01076   0.00617   0.01389   0.17181   0.01269   0.20646   0.05512   0.07819   0.02787   0.23665   0.76292   0.30840   0.15323   0.00985   0.48703   0.03270   0.13416   0.01665   0.01245   0.07857   0.01936   0.10114   0.10712   0.01364   0.04103   0.02062   0.02072   0.02870   0.00591   0.00996   0.01236   0.17241   0.08310   0.11062   0.03513   0.00557   0.19115   0.21935   0.10997   0.09384   0.15797   0.04364   0.25227   0.01938   0.01452   0.03384   0.01687   0.16203   0.04950   0.13228   0.02461   0.01652   0.20211   2.61989   0.40816  
 47 1918.3093  54050.613672  x:  0.00911   0.00624   0.01381   0.16607   0.01231   0.20488   0.05429   0.07795   0.02629   0.23629   0.78396   0.30856   0.15107   0.01005   0.49525   0.03285   0.12986   0.01634   0.01240   0.07675   0.02394   0.10293   0.09878   0.01398   0.04012   0.01965   0.01970   0.02849   0.00000   0.00988   0.01308   0.17106   0.08570   0.10940   0.03460   0.00610   0.18608   0.21894   0.11333   0.09292   0.15374   0.04333   0.25029   0.01908   0.01498   0.03415   0.01736   0.16060   0.04882   0.12808   0.02370   0.01650   0.20217   2.61980   0.40985  
 48 3257.7772  54047.517746  x:  0.01246   0.00823   0.01350   0.16292   0.01190   0.20360   0.05528   0.07827   0.02633   0.23538   0.79530   0.30759   0.15010   0.00934   0.49805   0.03417   0.12821   0.01647   0.01226   0.07721   0.02723   0.10333   0.09686   0.01385   0.03909   0.01918   0.01950   0.02830   0.00118   0.01023   0.00977   0.17021   0.08517   0.10903   0.03330   0.00608   0.18277   0.21838   0.11429   0.09249   0.15146   0.04234   0.25022   0.01857   0.01403   0.03394   0.01688   0.15972   0.04921   0.12642   0.02236   0.01743   0.20221   2.61979   0.41074  
 49 1254.2657  54043.712538  x:  0.01058   0.00518   0.01402   0.15841   0.01207   0.20083   0.05883   0.07939   0.02820   0.23221   0.81274   0.30341   0.14903   0.00695   0.49818   0.03697   0.12748   0.01697   0.01276   0.08052   0.02597   0.10241   0.10026   0.01311   0.03802   0.02023   0.02070   0.02828   0.00151   0.01029   0.00854   0.16902   0.08125   0.10927   0.03122   0.00645   0.17667   0.21680   0.11376   0.09210   0.14844   0.04027   0.25253   0.01901   0.01383   0.03315   0.01564   0.15835   0.05113   0.12543   0.02177   0.01815   0.20230   2.61990   0.41187  
 50 713.7713  54041.203051  x:  0.01055   0.00840   0.01373   0.15540   0.01237   0.19848   0.06095   0.08003   0.02978   0.22913   0.82689   0.29938   0.14852   0.00787   0.49686   0.03845   0.12755   0.01677   0.01279   0.08303   0.02404   0.10137   0.10424   0.01350   0.03808   0.02041   0.02067   0.02834   0.00119   0.01036   0.01155   0.16827   0.07818   0.10973   0.03104   0.00697   0.17196   0.21539   0.11279   0.09197   0.14662   0.03945   0.25509   0.01931   0.01440   0.03295   0.01667   0.15747   0.05238   0.12524   0.02151   0.01796   0.20234   2.62005   0.41248  
 51 1288.4447  54039.369495  x:  0.01231   0.00647   0.01388   0.15461   0.01199   0.19672   0.06002   0.07966   0.03041   0.22581   0.83893   0.29509   0.14869   0.00966   0.49334   0.03643   0.12866   0.01603   0.01230   0.08337   0.02458   0.10047   0.10778   0.01384   0.03938   0.01889   0.01880   0.02833   0.00089   0.01012   0.01150   0.16794   0.07688   0.11042   0.03361   0.00709   0.16927   0.21416   0.11141   0.09226   0.14659   0.04072   0.25811   0.01837   0.01419   0.03381   0.01748   0.15733   0.05207   0.12610   0.02253   0.01692   0.20229   2.62029   0.41230  
 52 598.6302  54038.023102  x:  0.01049   0.00795   0.01371   0.15537   0.01231   0.19567   0.05800   0.07896   0.03041   0.22288   0.84921   0.29128   0.14925   0.00894   0.48881   0.03353   0.13001   0.01676   0.01230   0.08241   0.02605   0.09997   0.10976   0.01345   0.04003   0.01910   0.01969   0.02838   0.00125   0.01014   0.01030   0.16795   0.07713   0.11097   0.03504   0.00685   0.16836   0.21325   0.11026   0.09272   0.14749   0.04198   0.26093   0.01868   0.01435   0.03418   0.01665   0.15758   0.05104   0.12732   0.02303   0.01742   0.20219   2.62059   0.41166  
 53 636.2215  54037.042408  x:  0.01201   0.00728   0.01372   0.15757   0.01255   0.19552   0.05651   0.07852   0.03000   0.22057   0.85811   0.28808   0.15008   0.00874   0.48287   0.03386   0.13133   0.01674   0.01262   0.08085   0.02616   0.10004   0.10946   0.01341   0.03905   0.02059   0.02105   0.02837   0.00082   0.01024   0.01137   0.16840   0.07892   0.11112   0.03348   0.00699   0.16956   0.21278   0.10973   0.09319   0.14907   0.04191   0.26334   0.01944   0.01403   0.03342   0.01662   0.15811   0.05003   0.12860   0.02177   0.01760   0.20212   2.62098   0.41070  
 54 408.3700  54036.316142  x:  0.01100   0.00765   0.01375   0.15977   0.01252   0.19591   0.05648   0.07858   0.02972   0.21922   0.86528   0.28594   0.15075   0.00926   0.47710   0.03559   0.13208   0.01620   0.01236   0.07987   0.02527   0.10041   0.10808   0.01340   0.03811   0.01981   0.01961   0.02823   0.00119   0.01013   0.01057   0.16888   0.08036   0.11099   0.03177   0.00706   0.17152   0.21268   0.10974   0.09347   0.15052   0.04107   0.26499   0.01876   0.01409   0.03317   0.01675   0.15861   0.04979   0.12946   0.02209   0.01724   0.20209   2.62138   0.40988  
 55 475.1883  54036.010512  x:  0.01129   0.00758   0.01371   0.16081   0.01216   0.19659   0.05778   0.07904   0.02989   0.21939   0.86876   0.28562   0.15092   0.00857   0.47338   0.03596   0.13194   0.01704   0.01260   0.08017   0.02532   0.10074   0.10688   0.01388   0.03891   0.01919   0.01976   0.02839   0.00108   0.01028   0.01077   0.16921   0.08041   0.11075   0.03235   0.00669   0.17317   0.21294   0.11014   0.09340   0.15115   0.04050   0.26531   0.01875   0.01460   0.03378   0.01712   0.15891   0.05041   0.12949   0.02272   0.01774   0.20213   2.62169   0.40962  
 56 222.2604  54035.815135  x:  0.01113   0.00765   0.01372   0.16128   0.01215   0.19730   0.05874   0.07936   0.03013   0.22002   0.87115   0.28589   0.15088   0.00886   0.47029   0.03577   0.13152   0.01645   0.01251   0.08079   0.02557   0.10095   0.10604   0.01358   0.03956   0.01955   0.02011   0.02842   0.00108   0.01011   0.01079   0.16942   0.07994   0.11052   0.03319   0.00677   0.17449   0.21331   0.11056   0.09322   0.15137   0.04037   0.26521   0.01882   0.01400   0.03393   0.01674   0.15914   0.05095   0.12922   0.02229   0.01724   0.20218   2.62199   0.40958  
 57 227.1089  54035.698467  x:  0.01124   0.00757   0.01370   0.16117   0.01242   0.19796   0.05858   0.07929   0.03020   0.22107   0.87277   0.28677   0.15069   0.00918   0.46768   0.03512   0.13100   0.01644   0.01240   0.08138   0.02564   0.10094   0.10607   0.01344   0.03902   0.01997   0.01974   0.02826   0.00106   0.01016   0.01070   0.16950   0.07915   0.11040   0.03306   0.00657   0.17530   0.21373   0.11083   0.09300   0.15114   0.04076   0.26469   0.01908   0.01458   0.03344   0.01683   0.15925   0.05099   0.12875   0.02242   0.01738   0.20220   2.62233   0.40973  
 58 120.5103  54035.633162  x:  0.01119   0.00758   0.01370   0.16092   0.01227   0.19834   0.05816   0.07913   0.03003   0.22186   0.87370   0.28756   0.15054   0.00907   0.46596   0.03485   0.13070   0.01667   0.01247   0.08160   0.02554   0.10086   0.10637   0.01368   0.03866   0.01971   0.01982   0.02829   0.00106   0.01017   0.01086   0.16950   0.07877   0.11038   0.03280   0.00666   0.17564   0.21403   0.11091   0.09288   0.15087   0.04099   0.26421   0.01875   0.01405   0.03337   0.01691   0.15926   0.05084   0.12843   0.02244   0.01741   0.20221   2.62261   0.40986  
 59 143.8193  54035.594819  x:  0.01122   0.00760   0.01372   0.16060   0.01203   0.19852   0.05778   0.07900   0.02967   0.22250   0.87428   0.28830   0.15043   0.00901   0.46472   0.03516   0.13063   0.01649   0.01250   0.08149   0.02550   0.10075   0.10682   0.01363   0.03883   0.01946   0.02008   0.02839   0.00107   0.01012   0.01079   0.16944   0.07881   0.11046   0.03268   0.00669   0.17559   0.21423   0.11083   0.09287   0.15062   0.04095   0.26372   0.01886   0.01434   0.03370   0.01681   0.15918   0.05064   0.12830   0.02235   0.01726   0.20221   2.62290   0.40998  
 60 82.4230  54035.573747  x:  0.01119   0.00758   0.01371   0.16037   0.01219   0.19856   0.05772   0.07898   0.02937   0.22295   0.87461   0.28887   0.15040   0.00902   0.46396   0.03548   0.13072   0.01654   0.01246   0.08125   0.02559   0.10067   0.10715   0.01355   0.03909   0.01970   0.01989   0.02836   0.00107   0.01018   0.01080   0.16937   0.07907   0.11055   0.03277   0.00661   0.17537   0.21433   0.11069   0.09292   0.15049   0.04081   0.26334   0.01888   0.01419   0.03379   0.01685   0.15909   0.05057   0.12834   0.02243   0.01742   0.20221   2.62317   0.41003  
 61 65.7913  54035.565400  x:  0.01120   0.00759   0.01371   0.16028   0.01228   0.19849   0.05790   0.07905   0.02922   0.22318   0.87473   0.28917   0.15042   0.00894   0.46361   0.03542   0.13086   0.01659   0.01250   0.08108   0.02560   0.10066   0.10722   0.01360   0.03904   0.01967   0.01986   0.02831   0.00107   0.01014   0.01078   0.16932   0.07928   0.11061   0.03289   0.00672   0.17512   0.21434   0.11058   0.09299   0.15047   0.04077   0.26313   0.01885   0.01425   0.03358   0.01685   0.15902   0.05065   0.12846   0.02237   0.01730   0.20221   2.62340   0.41003  
 62 33.6761  54035.561514  x:  0.01120   0.00758   0.01371   0.16027   0.01222   0.19841   0.05805   0.07910   0.02918   0.22331   0.87479   0.28934   0.15045   0.00902   0.46345   0.03534   0.13097   0.01652   0.01247   0.08102   0.02560   0.10067   0.10719   0.01359   0.03894   0.01962   0.01995   0.02833   0.00107   0.01015   0.01079   0.16929   0.07937   0.11062   0.03287   0.00663   0.17493   0.21431   0.11052   0.09304   0.15050   0.04080   0.26301   0.01884   0.01423   0.03354   0.01685   0.15899   0.05071   0.12857   0.02243   0.01736   0.20221   2.62360   0.41002  
 63 26.2988  54035.558752  x:  0.01120   0.00758   0.01371   0.16031   0.01217   0.19828   0.05809   0.07912   0.02920   0.22341   0.87482   0.28948   0.15050   0.00905   0.46335   0.03527   0.13108   0.01658   0.01246   0.08106   0.02559   0.10069   0.10708   0.01358   0.03891   0.01968   0.01990   0.02836   0.00107   0.01015   0.01078   0.16928   0.07935   0.11061   0.03278   0.00673   0.17473   0.21425   0.11049   0.09307   0.15057   0.04086   0.26292   0.01888   0.01422   0.03369   0.01685   0.15897   0.05073   0.12869   0.02241   0.01735   0.20220   2.62390   0.41000  
 64 15.9550  54035.556086  x:  0.01120   0.00758   0.01371   0.16040   0.01226   0.19812   0.05803   0.07910   0.02926   0.22349   0.87485   0.28959   0.15055   0.00899   0.46328   0.03528   0.13117   0.01653   0.01249   0.08115   0.02558   0.10073   0.10694   0.01361   0.03898   0.01966   0.01989   0.02834   0.00107   0.01014   0.01080   0.16927   0.07926   0.11059   0.03274   0.00664   0.17455   0.21417   0.11049   0.09308   0.15066   0.04089   0.26285   0.01884   0.01423   0.03370   0.01684   0.15896   0.05069   0.12878   0.02238   0.01733   0.20219   2.62436   0.40998  
 65 16.8587  54035.553221  x:  0.01120   0.00757   0.01370   0.16049   0.01226   0.19798   0.05793   0.07906   0.02928   0.22354   0.87487   0.28969   0.15059   0.00902   0.46324   0.03537   0.13120   0.01655   0.01247   0.08124   0.02560   0.10075   0.10685   0.01359   0.03902   0.01963   0.01996   0.02832   0.00107   0.01016   0.01079   0.16928   0.07916   0.11056   0.03279   0.00675   0.17443   0.21409   0.11052   0.09307   0.15075   0.04086   0.26279   0.01885   0.01423   0.03358   0.01686   0.15896   0.05063   0.12882   0.02244   0.01736   0.20219   2.62499   0.40998  
 66 23.2135  54035.546994  x:  0.01118   0.00758   0.01371   0.16064   0.01206   0.19777   0.05787   0.07903   0.02922   0.22352   0.87490   0.28977   0.15061   0.00898   0.46323   0.03542   0.13111   0.01661   0.01247   0.08126   0.02558   0.10075   0.10686   0.01358   0.03893   0.01969   0.01987   0.02838   0.00107   0.01013   0.01080   0.16931   0.07910   0.11055   0.03295   0.00664   0.17436   0.21394   0.11060   0.09301   0.15085   0.04074   0.26274   0.01891   0.01420   0.03350   0.01684   0.15897   0.05059   0.12877   0.02242   0.01730   0.20218   2.62662   0.41003  
 67 25.1397  54035.525723  x:  0.01120   0.00757   0.01369   0.16099   0.01227   0.19735   0.05796   0.07905   0.02904   0.22340   0.87499   0.28993   0.15060   0.00894   0.46332   0.03533   0.13074   0.01642   0.01253   0.08111   0.02556   0.10068   0.10713   0.01366   0.03871   0.01973   0.01989   0.02841   0.00107   0.01019   0.01078   0.16941   0.07909   0.11055   0.03305   0.00677   0.17444   0.21356   0.11085   0.09283   0.15101   0.04057   0.26269   0.01880   0.01426   0.03374   0.01685   0.15906   0.05062   0.12849   0.02239   0.01743   0.20217   2.63247   0.41029  
 68 83.8906  54035.508014  x:  0.01121   0.00755   0.01370   0.16108   0.01239   0.19721   0.05808   0.07909   0.02901   0.22330   0.87506   0.28996   0.15056   0.00909   0.46340   0.03529   0.13054   0.01667   0.01241   0.08100   0.02557   0.10064   0.10728   0.01349   0.03889   0.01957   0.01995   0.02828   0.00106   0.01014   0.01079   0.16945   0.07919   0.11056   0.03282   0.00668   0.17458   0.21338   0.11093   0.09278   0.15098   0.04071   0.26272   0.01884   0.01423   0.03373   0.01681   0.15913   0.05072   0.12833   0.02232   0.01735   0.20218   2.63739   0.41052  
 69 162.0191  54035.491397  x:  0.01120   0.00758   0.01369   0.16091   0.01217   0.19735   0.05812   0.07912   0.02914   0.22324   0.87513   0.28990   0.15050   0.00898   0.46352   0.03528   0.13059   0.01650   0.01248   0.08099   0.02561   0.10064   0.10729   0.01361   0.03919   0.01963   0.01988   0.02828   0.00106   0.01014   0.01077   0.16945   0.07933   0.11060   0.03259   0.00674   0.17478   0.21342   0.11083   0.09288   0.15083   0.04100   0.26281   0.01892   0.01420   0.03352   0.01684   0.15916   0.05080   0.12832   0.02244   0.01737   0.20219   2.64200   0.41072  
 70 140.8055  54035.473233  x:  0.01119   0.00758   0.01369   0.16045   0.01220   0.19788   0.05800   0.07911   0.02944   0.22325   0.87519   0.28968   0.15045   0.00898   0.46367   0.03542   0.13096   0.01656   0.01246   0.08115   0.02561   0.10070   0.10707   0.01354   0.03898   0.01969   0.01992   0.02847   0.00106   0.01013   0.01077   0.16938   0.07943   0.11064   0.03283   0.00669   0.17498   0.21376   0.11052   0.09313   0.15057   0.04104   0.26296   0.01873   0.01427   0.03359   0.01685   0.15910   0.05075   0.12853   0.02239   0.01736   0.20222   2.64701   0.41089  
 71 101.1135  54035.469212  x:  0.01119   0.00758   0.01369   0.16034   0.01222   0.19806   0.05797   0.07909   0.02943   0.22325   0.87521   0.28961   0.15046   0.00898   0.46371   0.03538   0.13106   0.01654   0.01246   0.08117   0.02558   0.10072   0.10700   0.01359   0.03892   0.01962   0.01990   0.02832   0.00106   0.01014   0.01078   0.16935   0.07938   0.11063   0.03287   0.00669   0.17498   0.21391   0.11046   0.09316   0.15052   0.04090   0.26300   0.01891   0.01421   0.03365   0.01682   0.15906   0.05070   0.12861   0.02239   0.01737   0.20222   2.64807   0.41090  
 72 53.8956  54035.466913  x:  0.01120   0.00758   0.01369   0.16030   0.01218   0.19822   0.05798   0.07908   0.02929   0.22325   0.87521   0.28953   0.15049   0.00900   0.46373   0.03528   0.13110   0.01654   0.01246   0.08114   0.02556   0.10073   0.10696   0.01356   0.03899   0.01965   0.01991   0.02827   0.00106   0.01015   0.01078   0.16933   0.07927   0.11060   0.03282   0.00669   0.17490   0.21408   0.11048   0.09311   0.15054   0.04075   0.26303   0.01882   0.01424   0.03363   0.01685   0.15901   0.05066   0.12868   0.02238   0.01737   0.20223   2.64857   0.41087  
 73 16.5399  54035.465223  x:  0.01120   0.00757   0.01369   0.16031   0.01222   0.19835   0.05800   0.07908   0.02918   0.22327   0.87521   0.28945   0.15053   0.00902   0.46374   0.03528   0.13110   0.01655   0.01245   0.08110   0.02557   0.10072   0.10696   0.01360   0.03901   0.01963   0.01989   0.02841   0.00106   0.01015   0.01079   0.16931   0.07919   0.11057   0.03280   0.00669   0.17479   0.21425   0.11054   0.09303   0.15060   0.04078   0.26305   0.01886   0.01423   0.03360   0.01680   0.15899   0.05066   0.12871   0.02238   0.01738   0.20224   2.64881   0.41084  
 74 10.7592  54035.462795  x:  0.01120   0.00758   0.01369   0.16038   0.01222   0.19848   0.05802   0.07908   0.02911   0.22334   0.87521   0.28934   0.15058   0.00895   0.46376   0.03537   0.13105   0.01653   0.01248   0.08108   0.02558   0.10071   0.10699   0.01352   0.03896   0.01962   0.01990   0.02837   0.00106   0.01014   0.01078   0.16929   0.07917   0.11056   0.03283   0.00669   0.17461   0.21448   0.11065   0.09294   0.15069   0.04093   0.26309   0.01888   0.01421   0.03363   0.01689   0.15898   0.05069   0.12873   0.02239   0.01737   0.20224   2.64901   0.41081  
 75 10.3958  54035.460141  x:  0.01119   0.00758   0.01369   0.16045   0.01217   0.19856   0.05801   0.07909   0.02915   0.22345   0.87522   0.28924   0.15061   0.00899   0.46377   0.03543   0.13098   0.01656   0.01245   0.08108   0.02559   0.10070   0.10703   0.01362   0.03893   0.01967   0.01992   0.02825   0.00105   0.01014   0.01079   0.16928   0.07923   0.11056   0.03286   0.00669   0.17446   0.21466   0.11072   0.09290   0.15077   0.04100   0.26311   0.01883   0.01424   0.03365   0.01679   0.15898   0.05072   0.12871   0.02239   0.01737   0.20225   2.64912   0.41081  
 76 11.8401  54035.446458  x:  0.01120   0.00758   0.01368   0.16075   0.01213   0.19861   0.05789   0.07911   0.02959   0.22396   0.87528   0.28889   0.15062   0.00900   0.46382   0.03525   0.13074   0.01654   0.01245   0.08121   0.02557   0.10067   0.10719   0.01355   0.03900   0.01961   0.01988   0.02836   0.00105   0.01014   0.01076   0.16930   0.07963   0.11068   0.03277   0.00670   0.17407   0.21519   0.11081   0.09299   0.15095   0.04069   0.26315   0.01885   0.01422   0.03361   0.01683   0.15898   0.05073   0.12850   0.02236   0.01739   0.20226   2.64931   0.41088  
 77 10.3654  54035.232890  x:  0.01122   0.00760   0.01360   0.16190   0.01223   0.19676   0.05848   0.07916   0.02751   0.22675   0.87612   0.28651   0.14975   0.00890   0.46437   0.03533   0.13054   0.01652   0.01236   0.08155   0.02545   0.10100   0.10652   0.01351   0.03899   0.01957   0.01982   0.02831   0.00099   0.01011   0.01079   0.16993   0.07907   0.11121   0.03288   0.00668   0.17400   0.21677   0.10880   0.09472   0.15043   0.04104   0.26322   0.01882   0.01424   0.03360   0.01674   0.15970   0.04996   0.12701   0.02225   0.01753   0.20220   2.64931   0.41162  
 78  6.9400  54034.411544  x:  0.01126   0.00771   0.01330   0.16100   0.01219   0.19333   0.05626   0.07845   0.02616   0.23240   0.87964   0.28290   0.14920   0.00860   0.46611   0.03541   0.13159   0.01642   0.01201   0.07984   0.02537   0.10080   0.10578   0.01324   0.03908   0.01928   0.01954   0.02827   0.00056   0.00986   0.01086   0.17030   0.07836   0.11013   0.03310   0.00667   0.17585   0.21689   0.10870   0.09275   0.14889   0.04061   0.26288   0.01870   0.01426   0.03349   0.01644   0.16013   0.05474   0.12837   0.02178   0.01801   0.20222   2.64845   0.41156  
 79 35.5334  54032.320025  x:  0.01131   0.00787   0.01267   0.15796   0.01170   0.19190   0.05840   0.07939   0.02641   0.23767   0.88746   0.28103   0.15013   0.00796   0.46959   0.03533   0.13257   0.01619   0.01122   0.07970   0.02479   0.10012   0.10585   0.01264   0.03931   0.01860   0.01885   0.02813   0.00000   0.00959   0.01092   0.16973   0.07974   0.10885   0.03362   0.00686   0.17824   0.21442   0.11240   0.08960   0.14827   0.04187   0.26195   0.01843   0.01432   0.03323   0.01572   0.15953   0.04945   0.13063   0.02064   0.01916   0.20180   2.64626   0.41000  
 80 104.2616  54029.198203  x:  0.01151   0.00817   0.01137   0.15775   0.01120   0.19963   0.05695   0.07871   0.02361   0.23220   0.90254   0.28834   0.15203   0.00673   0.47568   0.03498   0.12908   0.01581   0.00972   0.08362   0.02416   0.10117   0.10429   0.01154   0.03966   0.01737   0.01760   0.02788   0.00000   0.00881   0.01109   0.16819   0.08126   0.11176   0.03391   0.00744   0.17594   0.21048   0.11347   0.09613   0.15180   0.04302   0.25985   0.01792   0.01442   0.03280   0.01444   0.15782   0.05240   0.12928   0.01867   0.02121   0.20214   2.64170   0.40839  
 81 138.8360  54028.394940  x:  0.01152   0.00824   0.01104   0.16003   0.01080   0.20149   0.05724   0.07893   0.02718   0.22846   0.90655   0.29260   0.15083   0.00640   0.47714   0.03529   0.12900   0.01569   0.00937   0.07968   0.02387   0.10101   0.10304   0.01129   0.03976   0.01711   0.01733   0.02782   0.00000   0.00865   0.01122   0.16888   0.07937   0.11098   0.03420   0.00757   0.17426   0.21220   0.10945   0.09413   0.15162   0.04323   0.25907   0.01781   0.01445   0.03270   0.01412   0.15861   0.05196   0.12722   0.01823   0.02171   0.20228   2.64047   0.40920  
 82 149.4968  54028.286072  x:  0.01154   0.00824   0.01098   0.16069   0.01090   0.20042   0.05719   0.07894   0.02697   0.22653   0.90713   0.29394   0.15004   0.00637   0.47730   0.03515   0.12988   0.01568   0.00930   0.08097   0.02388   0.10077   0.10311   0.01126   0.03977   0.01706   0.01727   0.02781   0.00000   0.00862   0.01117   0.16953   0.08034   0.11029   0.03427   0.00752   0.17425   0.21444   0.10963   0.09317   0.15062   0.04323   0.25881   0.01779   0.01446   0.03268   0.01408   0.15936   0.05200   0.12739   0.01815   0.02178   0.20227   2.64029   0.40938  
 83 52.8320  54028.271862  x:  0.01154   0.00824   0.01098   0.16055   0.01091   0.19979   0.05722   0.07891   0.02722   0.22612   0.90722   0.29425   0.15011   0.00636   0.47731   0.03518   0.12982   0.01568   0.00930   0.08064   0.02387   0.10087   0.10317   0.01125   0.03977   0.01705   0.01727   0.02781   0.00000   0.00862   0.01118   0.16961   0.08007   0.11050   0.03428   0.00748   0.17446   0.21528   0.11015   0.09370   0.15050   0.04322   0.25874   0.01779   0.01446   0.03268   0.01407   0.15943   0.05197   0.12763   0.01814   0.02179   0.20225   2.64027   0.40923  
 84 20.6309  54028.270447  x:  0.01154   0.00824   0.01098   0.16040   0.01092   0.19961   0.05721   0.07893   0.02723   0.22604   0.90722   0.29429   0.15026   0.00636   0.47731   0.03518   0.12968   0.01568   0.00930   0.08068   0.02387   0.10087   0.10314   0.01125   0.03977   0.01705   0.01727   0.02781   0.00000   0.00862   0.01118   0.16953   0.08010   0.11059   0.03427   0.00747   0.17457   0.21545   0.10999   0.09360   0.15065   0.04323   0.25872   0.01779   0.01446   0.03268   0.01407   0.15934   0.05197   0.12762   0.01814   0.02179   0.20224   2.64027   0.40914  
 85  5.0865  54028.268188  x:  0.01154   0.00824   0.01097   0.16034   0.01093   0.19953   0.05723   0.07887   0.02724   0.22601   0.90724   0.29429   0.15029   0.00636   0.47732   0.03518   0.12980   0.01568   0.00930   0.08067   0.02388   0.10082   0.10318   0.01125   0.03977   0.01705   0.01727   0.02781   0.00000   0.00861   0.01118   0.16935   0.08011   0.11026   0.03426   0.00746   0.17465   0.21553   0.10999   0.09371   0.15087   0.04326   0.25869   0.01779   0.01446   0.03268   0.01407   0.15914   0.05199   0.12746   0.01814   0.02179   0.20223   2.64026   0.40928  
 86  0.9090  54028.187672  x:  0.01155   0.00826   0.01084   0.16094   0.01095   0.19943   0.05693   0.07984   0.02720   0.22584   0.90764   0.29404   0.14931   0.00633   0.47753   0.03516   0.13092   0.01568   0.00926   0.08066   0.02388   0.10122   0.10321   0.01124   0.03976   0.01707   0.01728   0.02781   0.00000   0.00859   0.01125   0.16818   0.07987   0.11173   0.03420   0.00743   0.17514   0.21568   0.11054   0.09316   0.15133   0.04342   0.25802   0.01779   0.01446   0.03268   0.01409   0.15773   0.05200   0.12718   0.01818   0.02181   0.20215   2.64026   0.41029  
 87  1.2262  54026.984578  x:  0.01156   0.00823   0.00892   0.16398   0.01104   0.19997   0.05947   0.07334   0.02795   0.22576   0.91307   0.29204   0.14742   0.00598   0.48045   0.03528   0.13010   0.01563   0.00874   0.08102   0.02438   0.09992   0.10395   0.01152   0.03950   0.01744   0.01760   0.02780   0.00000   0.00805   0.01175   0.16612   0.08003   0.11288   0.03397   0.00745   0.17666   0.21554   0.11020   0.09268   0.15016   0.04375   0.25218   0.01786   0.01450   0.03280   0.01439   0.15493   0.05133   0.12977   0.01917   0.02184   0.20157   2.64070   0.40906  
 88 12.1057  54024.728027  x:  0.01156   0.00815   0.00535   0.16476   0.01144   0.20086   0.05757   0.08073   0.02771   0.22711   0.92317   0.29126   0.14993   0.00531   0.48618   0.03545   0.12912   0.01556   0.00778   0.08132   0.02527   0.09949   0.10624   0.01197   0.03902   0.01813   0.01821   0.02780   0.00000   0.00705   0.01252   0.16795   0.07963   0.10907   0.03365   0.00755   0.17805   0.21515   0.10934   0.09387   0.14982   0.04340   0.24731   0.01795   0.01459   0.03302   0.01498   0.15691   0.05022   0.13160   0.02100   0.02191   0.20132   2.64151   0.40621  
 89 111.8161  54024.020231  x:  0.01156   0.00809   0.00428   0.16260   0.01155   0.20074   0.05839   0.07870   0.02726   0.22944   0.92649   0.29430   0.15181   0.00511   0.48840   0.03540   0.13215   0.01553   0.00749   0.08126   0.02546   0.10088   0.10666   0.01205   0.03889   0.01832   0.01837   0.02780   0.00000   0.00676   0.01271   0.17014   0.07963   0.11090   0.03334   0.00756   0.17829   0.21524   0.11039   0.09265   0.15227   0.04284   0.25259   0.01796   0.01462   0.03307   0.01515   0.15978   0.05019   0.12948   0.02148   0.02199   0.20197   2.64163   0.40777  
 90 102.8008  54023.935520  x:  0.01157   0.00807   0.00414   0.16307   0.01159   0.20049   0.05832   0.07896   0.02699   0.23038   0.92692   0.29586   0.15062   0.00509   0.48881   0.03544   0.13155   0.01553   0.00745   0.08124   0.02548   0.09960   0.10633   0.01211   0.03888   0.01835   0.01840   0.02780   0.00000   0.00673   0.01275   0.16940   0.07961   0.11082   0.03334   0.00756   0.17842   0.21534   0.11034   0.09285   0.15213   0.04281   0.25576   0.01796   0.01462   0.03307   0.01518   0.15897   0.05008   0.13017   0.02155   0.02199   0.20208   2.64167   0.40732  
 91 40.6347  54023.931414  x:  0.01157   0.00807   0.00413   0.16322   0.01158   0.20047   0.05833   0.07894   0.02698   0.23046   0.92695   0.29598   0.15063   0.00508   0.48884   0.03543   0.13146   0.01553   0.00745   0.08125   0.02548   0.10014   0.10647   0.01209   0.03888   0.01835   0.01840   0.02780   0.00000   0.00672   0.01276   0.16925   0.07964   0.11067   0.03336   0.00756   0.17843   0.21535   0.11029   0.09282   0.15194   0.04283   0.25604   0.01796   0.01462   0.03307   0.01518   0.15879   0.05007   0.13023   0.02154   0.02199   0.20204   2.64167   0.40724  
 92 11.4497  54023.931034  x:  0.01157   0.00807   0.00413   0.16329   0.01158   0.20047   0.05833   0.07894   0.02698   0.23047   0.92695   0.29600   0.15080   0.00508   0.48884   0.03543   0.13149   0.01553   0.00745   0.08125   0.02548   0.10009   0.10645   0.01210   0.03888   0.01835   0.01840   0.02780   0.00000   0.00672   0.01276   0.16920   0.07963   0.11069   0.03336   0.00756   0.17844   0.21535   0.11030   0.09282   0.15181   0.04283   0.25607   0.01796   0.01462   0.03307   0.01518   0.15875   0.05007   0.13018   0.02154   0.02199   0.20198   2.64167   0.40725  
 93  1.4806  54023.901726  x:  0.01157   0.00807   0.00408   0.16312   0.01159   0.20055   0.05831   0.07895   0.02697   0.23043   0.92675   0.29598   0.15060   0.00511   0.48871   0.03543   0.13132   0.01553   0.00748   0.08124   0.02544   0.10013   0.10644   0.01210   0.03889   0.01835   0.01840   0.02780   0.00000   0.00674   0.01277   0.16921   0.07963   0.11065   0.03335   0.00756   0.17838   0.21537   0.11027   0.09283   0.15205   0.04278   0.25619   0.01797   0.01462   0.03307   0.01519   0.15905   0.05015   0.13041   0.02151   0.02198   0.19952   2.64166   0.40764  
 94  0.2059  54022.983591  x:  0.01155   0.00799   0.00262   0.16212   0.01180   0.19962   0.05790   0.07908   0.02756   0.22903   0.92003   0.29406   0.14914   0.00579   0.48376   0.03527   0.13279   0.01555   0.00828   0.08100   0.02465   0.10038   0.10602   0.01234   0.03901   0.01836   0.01850   0.02790   0.00000   0.00716   0.01270   0.17009   0.07980   0.11076   0.03336   0.00751   0.17701   0.21504   0.11064   0.09287   0.15153   0.04257   0.25727   0.01811   0.01459   0.03313   0.01543   0.15832   0.05091   0.12644   0.02073   0.02163   0.19925   2.64211   0.40299  
 95  3.2336  54022.557865  x:  0.01154   0.00794   0.00192   0.16219   0.01191   0.19934   0.05770   0.07917   0.02755   0.22828   0.91706   0.29330   0.15052   0.00612   0.48163   0.03522   0.13103   0.01556   0.00867   0.08098   0.02423   0.10050   0.10574   0.01247   0.03909   0.01836   0.01853   0.02795   0.00000   0.00739   0.01270   0.16986   0.07981   0.11042   0.03339   0.00747   0.17672   0.21509   0.11033   0.09293   0.15123   0.04241   0.25788   0.01818   0.01458   0.03315   0.01554   0.15892   0.05063   0.12898   0.02033   0.02148   0.20156   2.64207   0.40786  
 96 72.0132  54022.556924  x:  0.01154   0.00794   0.00191   0.16219   0.01191   0.19933   0.05770   0.07917   0.02755   0.22828   0.91705   0.29330   0.15051   0.00612   0.48162   0.03522   0.13104   0.01556   0.00867   0.08098   0.02423   0.10050   0.10574   0.01247   0.03909   0.01836   0.01853   0.02795   0.00000   0.00739   0.01271   0.16954   0.07980   0.11042   0.03339   0.00747   0.17672   0.21508   0.11034   0.09293   0.15123   0.04238   0.25787   0.01818   0.01458   0.03315   0.01554   0.15919   0.05063   0.12896   0.02033   0.02148   0.20159   2.64207   0.40782  
 97  4.1720  54022.307125  x:  0.01150   0.00788   0.00275   0.16152   0.01185   0.19898   0.05754   0.07920   0.02763   0.22768   0.91074   0.29311   0.15079   0.00641   0.47846   0.03519   0.13065   0.01569   0.00900   0.08091   0.02393   0.10067   0.10531   0.01228   0.03923   0.01822   0.01842   0.02798   0.00000   0.00773   0.01238   0.16962   0.07984   0.11042   0.03349   0.00740   0.17602   0.21504   0.11032   0.09299   0.15110   0.04229   0.25962   0.01819   0.01454   0.03312   0.01530   0.15958   0.05080   0.12891   0.01994   0.02115   0.20237   2.64166   0.40914  
 98  0.0167  54022.259009  x:  0.01155   0.00801   0.00257   0.16148   0.01175   0.19903   0.05757   0.07918   0.02774   0.22747   0.90763   0.29317   0.15056   0.00628   0.47753   0.03525   0.13065   0.01577   0.00888   0.08097   0.02414   0.10064   0.10512   0.01197   0.03929   0.01805   0.01822   0.02796   0.00000   0.00777   0.01204   0.16958   0.07984   0.11051   0.03357   0.00737   0.17584   0.21501   0.11033   0.09305   0.15104   0.04243   0.25960   0.01812   0.01450   0.03306   0.01493   0.15938   0.05092   0.12860   0.01987   0.02099   0.20217   2.64113   0.40884  
 99  0.0039  54022.257075  x:  0.01155   0.00798   0.00254   0.16156   0.01174   0.19913   0.05758   0.07919   0.02777   0.22742   0.90718   0.29341   0.15058   0.00623   0.47769   0.03524   0.13065   0.01573   0.00884   0.08096   0.02409   0.10064   0.10514   0.01200   0.03928   0.01806   0.01823   0.02794   0.00000   0.00782   0.01202   0.16957   0.07984   0.11049   0.03359   0.00738   0.17589   0.21506   0.11031   0.09307   0.15107   0.04248   0.25947   0.01811   0.01451   0.03305   0.01498   0.15938   0.05090   0.12865   0.01991   0.02095   0.20219   2.64094   0.40886  
100  0.0005  54022.256953  x:  0.01155   0.00798   0.00254   0.16156   0.01175   0.19912   0.05758   0.07919   0.02777   0.22743   0.90724   0.29338   0.15058   0.00624   0.47768   0.03524   0.13065   0.01574   0.00882   0.08096   0.02410   0.10064   0.10514   0.01200   0.03928   0.01806   0.01823   0.02795   0.00000   0.00784   0.01202   0.16957   0.07984   0.11049   0.03358   0.00738   0.17590   0.21505   0.11031   0.09306   0.15108   0.04247   0.25948   0.01812   0.01451   0.03305   0.01497   0.15939   0.05089   0.12866   0.01991   0.02093   0.20219   2.64097   0.40887  
101  0.0001  54022.256938  x:  0.01155   0.00798   0.00254   0.16155   0.01175   0.19911   0.05758   0.07919   0.02777   0.22743   0.90727   0.29337   0.15058   0.00623   0.47768   0.03524   0.13065   0.01574   0.00883   0.08096   0.02410   0.10064   0.10514   0.01200   0.03928   0.01806   0.01823   0.02795   0.00000   0.00784   0.01202   0.16957   0.07984   0.11050   0.03358   0.00738   0.17590   0.21505   0.11031   0.09306   0.15107   0.04247   0.25949   0.01812   0.01451   0.03306   0.01497   0.15939   0.05089   0.12866   0.01991   0.02092   0.20219   2.64098   0.40887  
102  0.0000  54022.256937  x:  0.01155   0.00798   0.00254   0.16155   0.01175   0.19911   0.05758   0.07919   0.02777   0.22743   0.90728   0.29337   0.15058   0.00623   0.47768   0.03524   0.13065   0.01574   0.00883   0.08096   0.02410   0.10064   0.10514   0.01200   0.03928   0.01806   0.01823   0.02795   0.00000   0.00784   0.01202   0.16957   0.07984   0.11050   0.03358   0.00738   0.17590   0.21505   0.11031   0.09306   0.15107   0.04247   0.25949   0.01812   0.01451   0.03305   0.01497   0.15939   0.05089   0.12865   0.01991   0.02092   0.20219   2.64098   0.40887  
103  0.0000  54022.256937  x:  0.01155   0.00798   0.00254   0.16155   0.01175   0.19911   0.05758   0.07919   0.02777   0.22743   0.90728   0.29337   0.15058   0.00623   0.47768   0.03524   0.13065   0.01574   0.00883   0.08096   0.02410   0.10064   0.10514   0.01200   0.03928   0.01806   0.01823   0.02795   0.00000   0.00784   0.01202   0.16957   0.07984   0.11050   0.03358   0.00738   0.17590   0.21505   0.11031   0.09306   0.15107   0.04247   0.25949   0.01812   0.01451   0.03305   0.01497   0.15939   0.05089   0.12865   0.01991   0.02092   0.20219   2.64098   0.40887  
104  0.0000  54022.256937  x:  0.01155   0.00798   0.00254   0.16155   0.01175   0.19911   0.05758   0.07919   0.02777   0.22743   0.90728   0.29337   0.15058   0.00623   0.47768   0.03524   0.13065   0.01574   0.00883   0.08096   0.02410   0.10064   0.10514   0.01200   0.03928   0.01806   0.01823   0.02795   0.00000   0.00784   0.01202   0.16957   0.07984   0.11050   0.03358   0.00738   0.17590   0.21505   0.11031   0.09306   0.15107   0.04247   0.25949   0.01812   0.01451   0.03305   0.01497   0.15939   0.05089   0.12865   0.01991   0.02092   0.20219   2.64098   0.40887  