

TREE # 1

  0  0.0000  17136.698635  x:  0.04425   0.06118   0.05420   0.07665   0.04270   0.10239   0.08429   0.02093   0.03863   0.05036   0.03286   0.09527   0.05822   0.08487   0.10494   0.07492   0.10508   0.81716   1.05179  
  1 99.0000  15329.301346  x:  0.37190   0.05921   0.02235   0.05459   0.02064   0.06630   0.04906   0.01191   0.01132   0.01754   0.00000   0.06254   0.03221   0.05015   0.07698   0.05235   0.09024   0.82580   1.04576  
  2 17961.4336  15207.379205  x:  0.46580   0.05711   0.00647   0.04497   0.01298   0.04828   0.03163   0.01226   0.00242   0.00313   0.07420   0.04682   0.02158   0.03323   0.06357   0.04273   0.08252   0.83002   1.04276  
  3 30430.8394  15138.720174  x:  0.47322   0.05568   0.00000   0.04188   0.01443   0.03948   0.02347   0.01489   0.02182   0.00363   0.07898   0.03961   0.01891   0.02534   0.05770   0.03989   0.07886   0.83199   1.04130  
  4 7802.1140  15045.109818  x:  0.48075   0.05182   0.02308   0.03428   0.01879   0.01365   0.00000   0.02006   0.04049   0.00633   0.08399   0.01914   0.01342   0.00283   0.04138   0.03331   0.06851   0.83774   1.03704  
  5 9077.8865  15041.023448  x:  0.48117   0.05158   0.02433   0.03383   0.01904   0.01205   0.00037   0.02036   0.04151   0.00649   0.08427   0.01789   0.01312   0.00155   0.04038   0.03292   0.06787   0.83810   1.03677  
  6 16274.7228  15003.937594  x:  0.48113   0.05021   0.02496   0.03142   0.01976   0.00000   0.00054   0.02063   0.04174   0.00704   0.08430   0.01015   0.01335   0.00435   0.03380   0.03081   0.06364   0.84075   1.03479  
  7 5134.9902  14992.923063  x:  0.47985   0.04900   0.02256   0.02955   0.01996   0.00000   0.00038   0.02010   0.03936   0.00701   0.08356   0.00456   0.01441   0.00218   0.02745   0.02913   0.05938   0.84370   1.03258  
  8 5004.8263  14982.426887  x:  0.47900   0.04687   0.02134   0.02631   0.02066   0.00000   0.00033   0.02003   0.03789   0.00740   0.08306   0.00736   0.01451   0.00158   0.01633   0.02616   0.05121   0.84963   1.02814  
  9 2478.4956  14971.757912  x:  0.47823   0.04556   0.02072   0.02819   0.02023   0.00000   0.00033   0.02026   0.03723   0.00482   0.08255   0.00745   0.01077   0.00154   0.01954   0.02611   0.03382   0.86855   1.01389  
 10 928.3267  14966.435374  x:  0.47894   0.04629   0.02061   0.02922   0.01987   0.00000   0.00031   0.02036   0.03710   0.00945   0.08290   0.00761   0.01347   0.00136   0.02141   0.02692   0.02646   0.88320   1.00275  
 11 2564.2398  14917.349901  x:  0.47946   0.06165   0.02270   0.03050   0.02011   0.00000   0.00041   0.02052   0.03983   0.00161   0.08320   0.00794   0.02475   0.00189   0.01908   0.03366   0.02111   1.00421   0.90967  
 12 2536.9667  14748.691496  x:  0.47693   0.11663   0.01999   0.03324   0.02010   0.00000   0.00042   0.01810   0.03758   0.00980   0.08285   0.00611   0.00568   0.00181   0.00845   0.04969   0.02147   1.51317   0.51633  
 13 29215.1954  14673.449143  x:  0.47483   0.11375   0.01820   0.01913   0.02400   0.00000   0.00037   0.02130   0.03501   0.00993   0.08181   0.00742   0.00804   0.00110   0.02029   0.02546   0.02853   1.73486   0.34117  
 14 16509.7562  14655.474811  x:  0.47534   0.09659   0.01890   0.03480   0.02109   0.00000   0.00040   0.02133   0.03586   0.00954   0.08195   0.00737   0.01043   0.00127   0.01785   0.02078   0.03408   1.79794   0.29193  
 15 4516.0935  14645.939725  x:  0.47590   0.07652   0.01910   0.03220   0.01985   0.00000   0.00041   0.02039   0.03623   0.00939   0.08206   0.00740   0.01120   0.00132   0.01771   0.03342   0.03779   1.83344   0.26875  
 16 2067.4264  14637.450303  x:  0.47688   0.06237   0.01850   0.03530   0.03216   0.00000   0.00042   0.01708   0.03553   0.00948   0.08239   0.00758   0.01222   0.00121   0.01886   0.03464   0.04225   1.90625   0.30182  
 17 304.8737  14627.475464  x:  0.47620   0.04867   0.01859   0.03498   0.02085   0.00000   0.00040   0.02391   0.03546   0.00943   0.08183   0.00766   0.01323   0.00119   0.01950   0.03425   0.04728   1.98643   0.34095  
 18 2364.8117  14626.916852  x:  0.47603   0.04794   0.01902   0.03456   0.01884   0.00000   0.00042   0.02064   0.03614   0.00940   0.08192   0.00769   0.01332   0.00125   0.01965   0.03373   0.04749   1.99093   0.34320  
 19 421.9686  14577.366849  x:  0.46702   0.04927   0.00000   0.03363   0.01828   0.00000   0.00172   0.01869   0.01925   0.00919   0.07507   0.00772   0.01398   0.00108   0.01953   0.03367   0.04603   1.99689   0.35048  
 20  0.1349  14568.819277  x:  0.46785   0.05341   0.00384   0.03227   0.01880   0.00000   0.00152   0.01874   0.02059   0.00950   0.07425   0.00826   0.01544   0.00273   0.02002   0.03283   0.04485   2.02972   0.35728  
 21  0.1213  14539.401460  x:  0.46256   0.06424   0.00194   0.02790   0.01878   0.00000   0.00098   0.01608   0.00665   0.00934   0.05957   0.01085   0.01949   0.00762   0.02406   0.02840   0.04029   2.24133   0.38719  
 22  0.1250  14510.981598  x:  0.45636   0.04873   0.00223   0.03135   0.01487   0.00000   0.00465   0.00678   0.00462   0.00537   0.03463   0.01103   0.01784   0.00722   0.02643   0.02688   0.03809   2.43802   0.38560  
 23  0.1050  14482.325177  x:  0.45283   0.04294   0.00249   0.03606   0.00939   0.00000   0.00802   0.01464   0.00473   0.00195   0.01004   0.01096   0.01698   0.00665   0.02808   0.02904   0.03636   2.60579   0.38876  
 24  0.4664  14469.608792  x:  0.45389   0.04766   0.00259   0.03746   0.01276   0.00000   0.00929   0.01503   0.00709   0.00220   0.00265   0.01073   0.01791   0.00618   0.02806   0.03126   0.03576   2.64125   0.39018  
 25  0.1424  14462.172653  x:  0.45970   0.05412   0.00270   0.03728   0.01604   0.00000   0.00893   0.01602   0.01036   0.00399   0.00812   0.01025   0.01862   0.00545   0.02677   0.03327   0.03684   2.58352   0.38704  
 26  0.1938  14452.194508  x:  0.47520   0.06229   0.00222   0.03037   0.01956   0.00000   0.00827   0.01850   0.00853   0.00629   0.00318   0.00943   0.01914   0.00526   0.02203   0.03167   0.03988   2.51931   0.37189  
 27  0.0387  14444.912953  x:  0.50441   0.05695   0.00239   0.03069   0.01979   0.00000   0.00654   0.01645   0.01278   0.00668   0.00375   0.00898   0.01441   0.00318   0.02004   0.03125   0.04437   2.35481   0.35609  
 28  0.0690  14438.955775  x:  0.53328   0.06200   0.00144   0.03428   0.01681   0.00000   0.00362   0.01467   0.01123   0.00778   0.00307   0.01007   0.01510   0.00403   0.02241   0.03419   0.04321   2.26190   0.37734  
 29  0.0560  14437.108776  x:  0.54291   0.05601   0.00117   0.03319   0.01899   0.00000   0.00233   0.01525   0.00994   0.00775   0.00375   0.01028   0.01552   0.00487   0.02249   0.03262   0.04188   2.25174   0.37213  
 30  0.0286  14435.950182  x:  0.54580   0.05616   0.00167   0.03107   0.01779   0.00000   0.00209   0.01569   0.01008   0.00734   0.00321   0.00975   0.01784   0.00447   0.02212   0.03064   0.03976   2.30002   0.36350  
 31  0.0320  14435.617497  x:  0.54821   0.05768   0.00188   0.03223   0.01771   0.00000   0.00184   0.01588   0.01017   0.00679   0.00372   0.00964   0.01775   0.00411   0.02311   0.03135   0.03965   2.32598   0.36161  
 32  0.0196  14435.520652  x:  0.54893   0.05754   0.00191   0.03237   0.01815   0.00000   0.00196   0.01620   0.01018   0.00652   0.00333   0.00961   0.01737   0.00405   0.02327   0.03166   0.03985   2.34599   0.36086  
 33  0.0181  14435.454481  x:  0.55205   0.05772   0.00180   0.03182   0.01805   0.00000   0.00190   0.01622   0.01031   0.00621   0.00339   0.00966   0.01725   0.00419   0.02284   0.03169   0.03970   2.35957   0.36290  
 34  0.0068  14435.444035  x:  0.55188   0.05767   0.00178   0.03200   0.01792   0.00000   0.00203   0.01623   0.01031   0.00620   0.00345   0.00968   0.01722   0.00421   0.02277   0.03167   0.03964   2.36451   0.36332  
 35  0.0037  14435.435711  x:  0.55351   0.05760   0.00174   0.03223   0.01783   0.00000   0.00201   0.01622   0.01022   0.00628   0.00341   0.00969   0.01717   0.00419   0.02274   0.03163   0.03961   2.36472   0.36284  
 36  0.0012  14435.431925  x:  0.55433   0.05766   0.00176   0.03211   0.01792   0.00000   0.00203   0.01621   0.01018   0.00628   0.00345   0.00966   0.01722   0.00415   0.02274   0.03162   0.03962   2.36562   0.36193  
 37  0.0008  14435.431057  x:  0.55456   0.05766   0.00176   0.03206   0.01792   0.00000   0.00204   0.01616   0.01018   0.00630   0.00344   0.00968   0.01723   0.00417   0.02280   0.03165   0.03964   2.36503   0.36223  
 38  0.0004  14435.430906  x:  0.55465   0.05764   0.00178   0.03209   0.01792   0.00000   0.00204   0.01616   0.01018   0.00628   0.00344   0.00967   0.01723   0.00418   0.02282   0.03163   0.03963   2.36455   0.36220  
 39  0.0002  14435.430867  x:  0.55467   0.05766   0.00178   0.03209   0.01792   0.00000   0.00205   0.01617   0.01018   0.00628   0.00344   0.00967   0.01723   0.00418   0.02280   0.03163   0.03963   2.36404   0.36218  
 40  0.0003  14435.430865  x:  0.55466   0.05765   0.00178   0.03208   0.01792   0.00000   0.00205   0.01617   0.01018   0.00628   0.00344   0.00967   0.01723   0.00418   0.02280   0.03164   0.03964   2.36403   0.36217  
 41  0.0000  14435.430864  x:  0.55466   0.05766   0.00178   0.03208   0.01791   0.00000   0.00205   0.01617   0.01018   0.00628   0.00344   0.00967   0.01723   0.00418   0.02280   0.03164   0.03964   2.36403   0.36217  
 42  0.0000  14435.430864  x:  0.55466   0.05765   0.00178   0.03208   0.01792   0.00000   0.00205   0.01617   0.01018   0.00628   0.00344   0.00967   0.01723   0.00418   0.02280   0.03164   0.03964   2.36399   0.36217  
 43  0.0000  14435.430864  x:  0.55466   0.05765   0.00178   0.03208   0.01792   0.00000   0.00205   0.01617   0.01018   0.00628   0.00344   0.00967   0.01723   0.00418   0.02280   0.03164   0.03964   2.36400   0.36217  