

TREE # 1

  0  0.0000  43250.037529  x:  0.03805   0.10503   0.01391   0.03637   0.08668   0.06140   0.05876   0.10189   0.10350   0.04848   0.09665   0.03590   0.07670   0.08970   0.03661   0.02650   0.02783   0.04112   0.02239   0.04140   0.09992   0.09116   0.02082   0.03521   0.08484   0.10332   0.07382   0.06462   0.10726   0.02516   0.01860   1.04814   0.98937  
  1 99.0000  39657.471054  x:  0.07499   0.12742   0.46774   0.13467   0.14361   0.16532   0.08210   0.09282   0.17068   0.04001   0.08600   0.01570   0.04692   0.06252   0.05948   0.17662   0.05668   0.02277   0.00901   0.04887   0.14240   0.09750   0.46134   0.24981   0.14807   0.07504   0.05139   0.03870   0.07885   0.03397   0.07167   1.07756   0.95699  
  2 38585.9308  39101.495377  x:  0.06406   0.13008   0.45445   0.14270   0.17624   0.20268   0.08670   0.07081   0.22343   0.02787   0.07369   0.01593   0.00370   0.01925   0.05151   0.16999   0.05534   0.01742   0.04635   0.04295   0.17778   0.08855   0.45898   0.25366   0.18821   0.02605   0.02086   0.00520   0.03429   0.03292   0.05615   1.12568   0.89840  
  3 5136.4146  38946.037395  x:  0.05926   0.13137   0.44833   0.14623   0.19010   0.21864   0.08810   0.06024   0.24609   0.02457   0.06932   0.01843   0.01352   0.00278   0.04919   0.16715   0.05505   0.01645   0.05202   0.03970   0.19279   0.08440   0.45821   0.25568   0.20534   0.00443   0.01275   0.01720   0.01673   0.03390   0.05060   1.14902   0.86896  
  4 13020.7551  38869.707097  x:  0.05682   0.13210   0.44477   0.14801   0.19704   0.22663   0.08848   0.05435   0.25760   0.02462   0.06793   0.01900   0.01436   0.01059   0.04907   0.16576   0.05525   0.01681   0.05090   0.03769   0.20030   0.08217   0.45776   0.25683   0.21400   0.00000   0.01486   0.01984   0.01213   0.03504   0.04931   1.16248   0.85131  
  5 9842.5605  38695.349494  x:  0.04947   0.13434   0.43379   0.15337   0.21804   0.25080   0.08960   0.03651   0.29251   0.02465   0.06371   0.02057   0.01680   0.02160   0.04846   0.16146   0.05575   0.01784   0.04705   0.03151   0.22301   0.07540   0.45636   0.26031   0.24041   0.01055   0.02021   0.02727   0.00199   0.03840   0.04660   1.20371   0.79698  
  6 41977.0556  38351.538981  x:  0.03444   0.13900   0.41113   0.16443   0.26139   0.30070   0.09183   0.00000   0.36465   0.02438   0.05506   0.02346   0.02073   0.03804   0.04705   0.15261   0.05668   0.01964   0.03952   0.01892   0.26989   0.06152   0.45359   0.26759   0.29489   0.02327   0.02902   0.04132   0.01439   0.04469   0.04075   1.28923   0.68393  
  7 101191.0629  37964.781026  x:  0.02538   0.14500   0.38117   0.17517   0.30524   0.35097   0.09305   0.04991   0.44157   0.03168   0.05698   0.01828   0.02235   0.04408   0.05114   0.14418   0.05819   0.02165   0.00254   0.01616   0.31751   0.05071   0.44997   0.27719   0.35245   0.02901   0.03863   0.04613   0.02134   0.04518   0.04755   1.40022   0.52246  
  8 14587.8313  37690.599227  x:  0.02802   0.15292   0.34667   0.18611   0.34830   0.40036   0.08726   0.12233   0.52267   0.04868   0.07281   0.01059   0.04313   0.06508   0.06341   0.13952   0.06060   0.02948   0.05657   0.01553   0.36391   0.04412   0.45102   0.29263   0.41071   0.04332   0.06041   0.06000   0.03369   0.04089   0.06929   1.54911   0.28463  
  9 20430.4396  37574.739555  x:  0.04136   0.15407   0.33979   0.18438   0.34581   0.39519   0.07657   0.11579   0.52595   0.04741   0.07986   0.02818   0.04460   0.06419   0.06516   0.14500   0.05681   0.02091   0.05110   0.01002   0.36038   0.05048   0.45460   0.29779   0.40860   0.04231   0.05756   0.05452   0.03279   0.03478   0.07182   1.59204   0.19842  
 10 5078.2765  37550.673069  x:  0.04383   0.15431   0.33674   0.18257   0.34305   0.38908   0.07277   0.10930   0.52526   0.04733   0.08150   0.01049   0.04512   0.06240   0.06540   0.14775   0.05606   0.02423   0.04786   0.01180   0.35675   0.05389   0.45671   0.30028   0.40540   0.04104   0.05580   0.05325   0.03178   0.03583   0.07208   1.61162   0.18479  
 11 1802.6103  37434.048964  x:  0.04669   0.15956   0.29416   0.16261   0.32123   0.31544   0.04708   0.08444   0.53823   0.06139   0.10342   0.02060   0.05371   0.05140   0.07174   0.17624   0.05810   0.05961   0.03817   0.05581   0.32225   0.08488   0.49112   0.33831   0.38106   0.03411   0.04789   0.02951   0.02783   0.05699   0.08620   1.90462   0.20654  
 12 1371.9228  37306.937334  x:  0.05015   0.16106   0.26856   0.15213   0.29833   0.25289   0.06291   0.07766   0.53500   0.05698   0.10059   0.01037   0.04448   0.04964   0.06659   0.18336   0.04887   0.01537   0.03773   0.04736   0.28326   0.07988   0.52178   0.36239   0.35254   0.03258   0.04850   0.03790   0.02620   0.02664   0.08770   2.18076   0.23754  
 13 3737.8746  37243.686104  x:  0.05205   0.15775   0.27019   0.15310   0.27803   0.22330   0.09268   0.08108   0.51027   0.04449   0.08248   0.01260   0.02985   0.04481   0.05793   0.17215   0.04766   0.03535   0.03750   0.01242   0.25227   0.05602   0.53781   0.36496   0.32344   0.03029   0.05107   0.04729   0.02503   0.04053   0.07647   2.35578   0.24748  
 14 3324.3624  37209.533347  x:  0.04499   0.15095   0.29238   0.16338   0.26572   0.24002   0.10716   0.07636   0.46437   0.04926   0.07246   0.01146   0.03896   0.04374   0.06730   0.14710   0.07262   0.02605   0.03628   0.02655   0.24597   0.04233   0.53395   0.34544   0.29595   0.02995   0.04511   0.03432   0.02419   0.04961   0.06179   2.46646   0.25090  
 15 1286.7561  37183.062072  x:  0.04382   0.14741   0.31934   0.17403   0.26197   0.27436   0.10500   0.07130   0.41095   0.03898   0.08041   0.01161   0.03574   0.04295   0.06637   0.13318   0.06312   0.03684   0.03379   0.03089   0.25673   0.05459   0.52063   0.31848   0.27753   0.02895   0.04193   0.03576   0.02327   0.03286   0.06902   2.55818   0.26021  
 16 1278.5357  37174.332330  x:  0.04546   0.14769   0.33040   0.17549   0.26210   0.28770   0.09807   0.07131   0.38762   0.04009   0.08296   0.01051   0.03170   0.04063   0.06338   0.13914   0.05667   0.02885   0.03397   0.02674   0.26347   0.06086   0.51170   0.30571   0.27486   0.02777   0.04550   0.03854   0.02292   0.04574   0.07256   2.59168   0.26470  
 17 1094.2729  37171.336261  x:  0.04512   0.14881   0.33676   0.17249   0.26296   0.29005   0.09224   0.07191   0.37701   0.04666   0.07852   0.01042   0.03167   0.04011   0.06207   0.15055   0.05961   0.03040   0.03393   0.02214   0.26643   0.05967   0.50530   0.29949   0.27912   0.02767   0.04549   0.03817   0.02280   0.04200   0.06945   2.60370   0.26634  
 18 402.0054  37170.624760  x:  0.04499   0.14927   0.34095   0.16988   0.26353   0.28772   0.09161   0.07249   0.37360   0.04275   0.07630   0.01059   0.03212   0.04091   0.06241   0.15349   0.05804   0.03049   0.03420   0.02524   0.26675   0.05783   0.50167   0.29800   0.28401   0.02808   0.04504   0.03821   0.02299   0.04209   0.06779   2.60670   0.26614  
 19 163.5630  37170.181294  x:  0.04551   0.14941   0.34660   0.16763   0.26457   0.28342   0.09266   0.07189   0.37135   0.04238   0.07949   0.01048   0.03201   0.04086   0.06226   0.15169   0.06006   0.03039   0.03401   0.02476   0.26640   0.05781   0.49681   0.29797   0.29075   0.02793   0.04448   0.03824   0.02293   0.04226   0.06893   2.60878   0.26618  
 20 105.2111  37170.074368  x:  0.04528   0.14911   0.34883   0.16806   0.26490   0.28184   0.09292   0.07175   0.37131   0.04353   0.07807   0.01052   0.03223   0.04049   0.06260   0.15042   0.05907   0.03040   0.03401   0.02469   0.26609   0.05940   0.49462   0.29877   0.29207   0.02776   0.04543   0.03781   0.02288   0.04214   0.06903   2.60928   0.26607  
 21 55.8508  37170.008717  x:  0.04524   0.14879   0.35076   0.16974   0.26516   0.28110   0.09241   0.07191   0.37249   0.04396   0.07819   0.01056   0.03179   0.04086   0.06261   0.15072   0.05876   0.03037   0.03405   0.02487   0.26570   0.05939   0.49179   0.29997   0.29118   0.02795   0.04429   0.03847   0.02293   0.04226   0.06864   2.60962   0.26609  
 22 25.0360  37169.953765  x:  0.04506   0.14870   0.35225   0.17051   0.26527   0.28097   0.09210   0.07188   0.37374   0.04320   0.07857   0.01048   0.03238   0.04065   0.06238   0.15141   0.05899   0.03032   0.03402   0.02451   0.26544   0.05893   0.48937   0.30102   0.28996   0.02785   0.04506   0.03773   0.02290   0.04213   0.06894   2.60989   0.26620  
 23 37.2226  37169.877367  x:  0.04520   0.14911   0.35341   0.16873   0.26486   0.28165   0.09287   0.07166   0.37480   0.04310   0.07823   0.01059   0.03148   0.04030   0.06264   0.15193   0.05980   0.03037   0.03397   0.02506   0.26539   0.05921   0.48756   0.30208   0.28847   0.02771   0.04578   0.03852   0.02285   0.04202   0.06948   2.61006   0.26608  
 24 17.5220  37169.698337  x:  0.04578   0.14988   0.35484   0.16495   0.26400   0.28321   0.09406   0.07177   0.37625   0.04360   0.07826   0.01050   0.03253   0.04089   0.06258   0.15191   0.05861   0.03027   0.03397   0.02426   0.26560   0.05965   0.48584   0.30364   0.28689   0.02794   0.04413   0.03764   0.02292   0.04229   0.06919   2.61045   0.26627  
 25 30.8172  37167.971717  x:  0.04639   0.14848   0.35696   0.16021   0.25829   0.28513   0.08800   0.07137   0.37762   0.04596   0.08168   0.01077   0.03089   0.03931   0.05922   0.14772   0.05546   0.03030   0.03371   0.02557   0.26580   0.05594   0.48583   0.30707   0.28692   0.02753   0.04771   0.03818   0.02268   0.04147   0.06273   2.61246   0.26640  
 26 14.9991  37156.628319  x:  0.05011   0.14158   0.35426   0.15635   0.23356   0.28937   0.06752   0.06621   0.37833   0.04157   0.07449   0.01171   0.02707   0.03632   0.07010   0.13995   0.05676   0.02782   0.03105   0.01937   0.26531   0.04895   0.48445   0.31710   0.29400   0.02510   0.04264   0.03751   0.02139   0.04134   0.07195   2.62480   0.26803  
 27 106.8525  37115.570613  x:  0.05972   0.13561   0.33532   0.17126   0.18862   0.29075   0.08438   0.04536   0.36705   0.03566   0.07267   0.01665   0.02279   0.02779   0.04632   0.15678   0.06351   0.02149   0.02228   0.02466   0.25808   0.06604   0.47995   0.33509   0.31024   0.01905   0.03365   0.02755   0.01786   0.03984   0.07086   2.66560   0.26374  
 28 304.0075  37094.096120  x:  0.05880   0.14155   0.32720   0.17354   0.19632   0.28291   0.09498   0.03195   0.35901   0.03650   0.08539   0.01925   0.01725   0.01806   0.06905   0.16706   0.05560   0.01943   0.01660   0.02213   0.25156   0.06854   0.48099   0.33610   0.30642   0.01437   0.03513   0.02245   0.01515   0.03800   0.06004   2.68788   0.26132  
 29 604.7519  37077.421038  x:  0.05393   0.14908   0.32772   0.16267   0.23321   0.26511   0.08492   0.02447   0.35471   0.03633   0.08008   0.02165   0.01427   0.01474   0.05756   0.16029   0.05633   0.01623   0.01320   0.02383   0.24674   0.06691   0.48829   0.32683   0.28748   0.01161   0.02917   0.01948   0.01359   0.03778   0.06760   2.70435   0.25766  
 30 501.2710  37076.040444  x:  0.05878   0.14636   0.32898   0.16110   0.23660   0.26198   0.08249   0.02545   0.35787   0.03227   0.07910   0.02162   0.01444   0.01519   0.05805   0.15900   0.06039   0.01578   0.01329   0.02183   0.24946   0.07282   0.48975   0.32236   0.28494   0.01207   0.02924   0.01951   0.01376   0.03785   0.06269   2.70621   0.25843  
 31 204.3395  37075.485642  x:  0.06033   0.14099   0.33185   0.16007   0.23481   0.25832   0.08389   0.02483   0.36306   0.03346   0.07950   0.02170   0.01453   0.01488   0.05830   0.16000   0.05931   0.01588   0.01307   0.02239   0.25267   0.07257   0.49110   0.31349   0.28289   0.01186   0.02930   0.01915   0.01367   0.03775   0.06393   2.70696   0.25827  
 32 96.3815  37075.393643  x:  0.05834   0.14274   0.33299   0.16013   0.23314   0.25760   0.08355   0.02495   0.36488   0.03318   0.07975   0.02175   0.01446   0.01494   0.05831   0.15995   0.05942   0.01574   0.01313   0.02207   0.25237   0.07357   0.49160   0.31057   0.28267   0.01190   0.02913   0.01924   0.01368   0.03780   0.06374   2.70707   0.25805  
 33 43.7684  37075.377252  x:  0.05909   0.14372   0.33321   0.16037   0.23292   0.25772   0.08346   0.02489   0.36544   0.03331   0.07964   0.02173   0.01449   0.01490   0.05831   0.15981   0.05934   0.01578   0.01310   0.02221   0.25185   0.07347   0.49160   0.30974   0.28280   0.01188   0.02922   0.01919   0.01368   0.03777   0.06381   2.70712   0.25815  
 34 20.9957  37075.361951  x:  0.05906   0.14311   0.33333   0.16019   0.23321   0.25846   0.08332   0.02489   0.36591   0.03330   0.07968   0.02173   0.01448   0.01491   0.05829   0.15996   0.05931   0.01576   0.01310   0.02225   0.25008   0.07374   0.49162   0.30915   0.28319   0.01188   0.02922   0.01921   0.01368   0.03776   0.06381   2.70712   0.25819  
 35  5.5649  37056.046816  x:  0.05151   0.14930   0.31831   0.15923   0.26730   0.26229   0.08500   0.02924   0.40558   0.03350   0.07557   0.02027   0.01202   0.01515   0.05606   0.16327   0.05520   0.02751   0.01463   0.02381   0.26661   0.07442   0.48515   0.30135   0.30068   0.01203   0.02221   0.02088   0.01502   0.03627   0.05795   2.60887   0.25397  
 36  0.3605  37048.264228  x:  0.04801   0.15129   0.31222   0.16047   0.28231   0.26991   0.08955   0.03253   0.42082   0.03407   0.07376   0.01974   0.01618   0.01294   0.05540   0.16224   0.05362   0.02296   0.01667   0.02302   0.27484   0.07075   0.46931   0.29770   0.30902   0.01101   0.03011   0.01668   0.01615   0.03720   0.05849   2.56059   0.25398  
 37  0.0750  37039.655512  x:  0.05327   0.15030   0.30596   0.16217   0.28741   0.27471   0.09569   0.03126   0.42605   0.03497   0.07219   0.01795   0.01137   0.01169   0.05757   0.15826   0.05398   0.01610   0.01678   0.02405   0.27958   0.06701   0.44256   0.29057   0.31138   0.00963   0.02861   0.02168   0.01729   0.03797   0.06041   2.53932   0.25815  
 38  0.0451  37026.296950  x:  0.05183   0.14955   0.29050   0.16045   0.28716   0.27547   0.09425   0.02465   0.41845   0.03302   0.07465   0.01449   0.01602   0.01224   0.06109   0.15207   0.05911   0.01595   0.01434   0.02741   0.27641   0.07167   0.40287   0.28148   0.30644   0.00778   0.01853   0.01717   0.01900   0.03815   0.06069   2.52784   0.26499  
 39  0.0617  37013.454872  x:  0.04794   0.14849   0.26881   0.15554   0.28364   0.26556   0.08931   0.02058   0.40224   0.03043   0.07739   0.01442   0.01388   0.00932   0.05931   0.14702   0.06228   0.02212   0.01294   0.02782   0.26984   0.07970   0.37245   0.26757   0.29437   0.00486   0.02606   0.01949   0.02079   0.03550   0.05985   2.53407   0.26906  
 40  0.0716  37006.381750  x:  0.05013   0.14972   0.25124   0.15358   0.28212   0.25571   0.08930   0.02602   0.39150   0.03347   0.07746   0.01848   0.01611   0.01455   0.05723   0.14714   0.05719   0.02161   0.01528   0.02450   0.26507   0.07859   0.36271   0.25954   0.28778   0.00671   0.02594   0.02193   0.02341   0.03558   0.05994   2.53978   0.26740  
 41  0.0527  37004.711208  x:  0.05147   0.15004   0.24400   0.15337   0.26951   0.25599   0.08878   0.02602   0.39402   0.03424   0.07506   0.01919   0.01517   0.01378   0.05628   0.14995   0.05454   0.02084   0.01518   0.02328   0.26500   0.07863   0.35747   0.26815   0.29570   0.00614   0.02575   0.02029   0.02359   0.03778   0.05845   2.54000   0.26446  
 42  0.0223  37004.466995  x:  0.05181   0.15008   0.24881   0.15310   0.26506   0.25707   0.08892   0.02665   0.39532   0.03384   0.07479   0.01905   0.01476   0.01397   0.05643   0.14996   0.05481   0.02082   0.01546   0.02377   0.26541   0.07900   0.35535   0.26436   0.29618   0.00630   0.02591   0.01979   0.02368   0.03773   0.05923   2.54688   0.26377  
 43  0.0115  37004.399022  x:  0.05179   0.15013   0.24641   0.15312   0.26438   0.25742   0.08884   0.02691   0.39589   0.03393   0.07522   0.01875   0.01445   0.01413   0.05660   0.14953   0.05531   0.02082   0.01559   0.02410   0.26560   0.07889   0.35783   0.26404   0.29543   0.00645   0.02600   0.01944   0.02380   0.03742   0.05936   2.54882   0.26358  
 44  0.0043  37004.374527  x:  0.05175   0.15010   0.24670   0.15327   0.26556   0.25706   0.08893   0.02701   0.39568   0.03403   0.07548   0.01868   0.01426   0.01426   0.05656   0.14933   0.05519   0.02083   0.01563   0.02390   0.26553   0.07879   0.35598   0.26492   0.29489   0.00655   0.02600   0.01919   0.02393   0.03724   0.05916   2.55066   0.26370  
 45  0.0028  37004.367746  x:  0.05175   0.15009   0.24663   0.15314   0.26618   0.25692   0.08884   0.02688   0.39542   0.03393   0.07529   0.01873   0.01420   0.01433   0.05657   0.14949   0.05505   0.02084   0.01557   0.02388   0.26549   0.07895   0.35642   0.26444   0.29521   0.00663   0.02600   0.01908   0.02399   0.03744   0.05921   2.55122   0.26373  
 46  0.0009  37004.363866  x:  0.05170   0.15014   0.24679   0.15315   0.26598   0.25714   0.08884   0.02667   0.39554   0.03408   0.07519   0.01877   0.01419   0.01436   0.05657   0.14954   0.05522   0.02082   0.01551   0.02391   0.26554   0.07891   0.35641   0.26474   0.29540   0.00671   0.02608   0.01909   0.02409   0.03741   0.05915   2.55090   0.26378  
 47  0.0003  37004.359363  x:  0.05174   0.15012   0.24669   0.15328   0.26569   0.25714   0.08901   0.02651   0.39574   0.03390   0.07529   0.01879   0.01420   0.01431   0.05654   0.14944   0.05505   0.02083   0.01553   0.02390   0.26557   0.07871   0.35650   0.26462   0.29522   0.00674   0.02608   0.01910   0.02428   0.03734   0.05917   2.55089   0.26389  
 48  0.0003  37004.356051  x:  0.05170   0.15007   0.24686   0.15319   0.26586   0.25698   0.08883   0.02657   0.39568   0.03402   0.07532   0.01876   0.01422   0.01420   0.05656   0.14943   0.05510   0.02084   0.01562   0.02395   0.26556   0.07887   0.35662   0.26456   0.29516   0.00672   0.02603   0.01909   0.02443   0.03742   0.05910   2.55084   0.26384  
 49  0.0003  37004.355224  x:  0.05174   0.15010   0.24689   0.15318   0.26593   0.25706   0.08889   0.02661   0.39556   0.03395   0.07528   0.01875   0.01423   0.01419   0.05657   0.14954   0.05515   0.02084   0.01561   0.02390   0.26552   0.07888   0.35669   0.26477   0.29526   0.00671   0.02600   0.01909   0.02447   0.03739   0.05920   2.55078   0.26373  
 50  0.0003  37004.354788  x:  0.05174   0.15012   0.24691   0.15323   0.26592   0.25711   0.08890   0.02664   0.39548   0.03398   0.07531   0.01874   0.01423   0.01421   0.05656   0.14954   0.05512   0.02082   0.01557   0.02390   0.26551   0.07888   0.35672   0.26466   0.29526   0.00669   0.02600   0.01909   0.02451   0.03739   0.05913   2.55080   0.26369  
 51  0.0001  37004.354547  x:  0.05172   0.15010   0.24692   0.15320   0.26591   0.25705   0.08888   0.02667   0.39555   0.03398   0.07529   0.01874   0.01423   0.01423   0.05657   0.14949   0.05512   0.02083   0.01555   0.02391   0.26552   0.07885   0.35673   0.26473   0.29522   0.00666   0.02602   0.01909   0.02453   0.03741   0.05919   2.55077   0.26373  
 52  0.0001  37004.354466  x:  0.05173   0.15009   0.24694   0.15321   0.26591   0.25706   0.08888   0.02667   0.39559   0.03398   0.07528   0.01875   0.01422   0.01424   0.05657   0.14952   0.05513   0.02083   0.01556   0.02389   0.26553   0.07886   0.35677   0.26471   0.29524   0.00665   0.02602   0.01908   0.02453   0.03739   0.05918   2.55082   0.26376  
 53  0.0001  37004.354430  x:  0.05173   0.15010   0.24694   0.15321   0.26591   0.25708   0.08888   0.02665   0.39557   0.03397   0.07529   0.01875   0.01422   0.01425   0.05656   0.14953   0.05512   0.02083   0.01557   0.02391   0.26552   0.07886   0.35676   0.26473   0.29526   0.00664   0.02602   0.01909   0.02453   0.03740   0.05918   2.55083   0.26376  
 54  0.0000  37004.354423  x:  0.05173   0.15010   0.24694   0.15321   0.26591   0.25707   0.08889   0.02664   0.39557   0.03398   0.07529   0.01875   0.01422   0.01425   0.05656   0.14952   0.05512   0.02083   0.01557   0.02390   0.26553   0.07886   0.35677   0.26472   0.29525   0.00664   0.02602   0.01909   0.02453   0.03740   0.05918   2.55085   0.26375  
 55  0.0000  37004.354422  x:  0.05173   0.15010   0.24694   0.15321   0.26592   0.25707   0.08889   0.02664   0.39558   0.03398   0.07529   0.01875   0.01422   0.01425   0.05656   0.14952   0.05512   0.02083   0.01557   0.02390   0.26553   0.07886   0.35677   0.26472   0.29525   0.00664   0.02602   0.01909   0.02453   0.03740   0.05918   2.55085   0.26374  
 56  0.0000  37004.354422  x:  0.05173   0.15010   0.24694   0.15321   0.26592   0.25707   0.08889   0.02664   0.39558   0.03398   0.07529   0.01875   0.01422   0.01425   0.05656   0.14952   0.05512   0.02083   0.01557   0.02390   0.26553   0.07886   0.35677   0.26472   0.29525   0.00664   0.02602   0.01909   0.02453   0.03740   0.05918   2.55086   0.26374  
 57  0.0000  37004.354422  x:  0.05173   0.15010   0.24694   0.15321   0.26592   0.25707   0.08889   0.02664   0.39558   0.03398   0.07529   0.01875   0.01422   0.01425   0.05656   0.14952   0.05512   0.02083   0.01557   0.02390   0.26553   0.07886   0.35677   0.26472   0.29525   0.00664   0.02602   0.01909   0.02453   0.03740   0.05918   2.55087   0.26374  
 58  0.0000  37004.354422  x:  0.05173   0.15010   0.24694   0.15321   0.26592   0.25707   0.08889   0.02664   0.39558   0.03398   0.07529   0.01875   0.01422   0.01425   0.05656   0.14952   0.05512   0.02083   0.01557   0.02390   0.26553   0.07886   0.35677   0.26472   0.29525   0.00664   0.02602   0.01909   0.02453   0.03740   0.05918   2.55087   0.26374  
 59  0.0000  37004.354422  x:  0.05173   0.15010   0.24694   0.15321   0.26592   0.25707   0.08889   0.02664   0.39558   0.03398   0.07529   0.01875   0.01422   0.01425   0.05656   0.14952   0.05512   0.02083   0.01557   0.02390   0.26553   0.07886   0.35677   0.26472   0.29525   0.00664   0.02602   0.01909   0.02453   0.03740   0.05918   2.55087   0.26374  
check convergence!
