

TREE # 1

  0  0.0000  19033.653120  x:  0.05085   0.08352   0.10026   0.10977   0.04589   0.07891   0.02765   0.08290   0.10648   0.02959   0.02651   0.08541   0.02516   0.02318   0.05138   0.10903   0.04314   0.07542   0.09309   0.01792   0.06413   0.01516   0.02423   0.04739   0.02003   0.07470   0.02062   0.07292   0.10569   0.10890   0.06360   0.01027   0.07486   0.04155   0.10272   0.08277   0.06456   0.01247   0.03363   0.06651   0.09010   0.07368   0.02070   0.09960   0.02783   0.05813   0.06924   0.01628   0.07793   0.01946   0.02690   0.04190   0.07431   0.01617   0.06890   0.05966   0.08393   0.08863   0.09691   0.03503   0.01261   0.05251   0.05613   0.05891   0.10959   0.10679   0.05039   0.04532   0.03799   0.03010   0.10980   1.13833   0.97377  
  1 99.0000  17667.093087  x:  0.01793   0.04235   0.05922   0.07102   0.00813   0.05191   0.00000   0.05593   0.17549   0.07172   0.10605   0.10814   0.23405   0.08312   0.09882   0.10010   0.01549   0.04944   0.08729   0.02437   0.12075   0.04430   0.05183   0.01383   0.03163   0.04574   0.04048   0.05399   0.09132   0.09198   0.05284   0.44814   0.11907   0.12926   0.08207   0.09249   0.13242   0.05187   0.02767   0.04910   0.09460   0.06479   0.03778   0.07523   0.14313   0.10057   0.11256   0.07393   0.08161   0.10335   0.05238   0.17058   0.15563   0.43660   0.20044   0.09922   0.17611   0.22679   0.13560   0.20424   0.08193   0.05858   0.16937   0.05966   0.10477   0.10508   0.07159   0.03667   0.20203   0.18327   0.13159   1.20543   0.91734  
  2 9505.8151  17647.630619  x:  0.01465   0.03742   0.05431   0.06646   0.00446   0.04939   0.04621   0.05341   0.18146   0.07426   0.11114   0.10954   0.24753   0.08657   0.10233   0.09915   0.01330   0.04678   0.08664   0.02407   0.12528   0.04556   0.05332   0.01047   0.03212   0.04261   0.04133   0.05199   0.08978   0.08984   0.05119   0.47638   0.12211   0.13547   0.07953   0.09330   0.13763   0.05369   0.02675   0.04718   0.09485   0.06368   0.03848   0.07259   0.15052   0.10395   0.11622   0.07690   0.08182   0.10821   0.05374   0.17941   0.16204   0.46401   0.21038   0.10214   0.18354   0.23776   0.13865   0.21581   0.08559   0.05871   0.17781   0.05954   0.10422   0.10495   0.07309   0.03565   0.21303   0.19323   0.13363   1.21307   0.91045  
  3 15820.9103  17513.127404  x:  0.00191   0.01322   0.03028   0.04465   0.00000   0.03829   0.04592   0.04164   0.19611   0.07118   0.10877   0.10798   0.24388   0.08057   0.10570   0.09532   0.01231   0.03723   0.08381   0.01612   0.13305   0.03801   0.04938   0.00098   0.02898   0.02989   0.03599   0.04421   0.08347   0.07879   0.04098   0.46965   0.12293   0.13924   0.06676   0.09493   0.14470   0.04479   0.02113   0.03920   0.09420   0.05824   0.03351   0.06168   0.14756   0.10957   0.12416   0.06747   0.08131   0.10044   0.04983   0.18225   0.17235   0.46065   0.22285   0.10479   0.19701   0.25658   0.14349   0.21944   0.07528   0.05559   0.18724   0.05762   0.10178   0.10479   0.07386   0.03083   0.21418   0.19105   0.13982   1.24794   0.87572  
  4 1854.7536  17500.006725  x:  0.00045   0.01033   0.02743   0.04205   0.00044   0.03698   0.04590   0.04024   0.19785   0.07081   0.10849   0.10780   0.24345   0.07986   0.10611   0.09486   0.01220   0.03609   0.08348   0.01518   0.13398   0.03712   0.04891   0.00000   0.02861   0.02838   0.03536   0.04328   0.08273   0.07747   0.03977   0.46888   0.12303   0.13970   0.06525   0.09512   0.14555   0.04374   0.02047   0.03825   0.09412   0.05759   0.03292   0.06038   0.14721   0.11024   0.12510   0.06635   0.08125   0.09952   0.04937   0.18260   0.17358   0.46027   0.22434   0.10511   0.19862   0.25882   0.14406   0.21988   0.07406   0.05523   0.18837   0.05739   0.10149   0.10477   0.07395   0.03026   0.21433   0.19079   0.14055   1.25209   0.87159  
  5 199345.9638  17494.080961  x:  0.00000   0.00932   0.02642   0.04114   0.00050   0.03652   0.04590   0.03975   0.19847   0.07068   0.10840   0.10773   0.24331   0.07961   0.10625   0.09470   0.01216   0.03570   0.08336   0.01486   0.13430   0.03681   0.04875   0.00015   0.02849   0.02786   0.03515   0.04296   0.08246   0.07701   0.03935   0.46861   0.12306   0.13986   0.06471   0.09519   0.14584   0.04337   0.02024   0.03792   0.09409   0.05737   0.03271   0.05992   0.14709   0.11047   0.12543   0.06596   0.08123   0.09919   0.04921   0.18272   0.17401   0.46014   0.22487   0.10522   0.19918   0.25961   0.14426   0.22003   0.07363   0.05510   0.18877   0.05731   0.10139   0.10476   0.07398   0.03006   0.21438   0.19071   0.14081   1.25355   0.87013  
  6 92093.8906  17442.785946  x:  0.00240   0.00000   0.01716   0.03280   0.00090   0.03278   0.04584   0.03543   0.20403   0.06953   0.10751   0.10715   0.24199   0.07740   0.10754   0.09327   0.01191   0.03223   0.08231   0.01207   0.13724   0.03410   0.04736   0.00052   0.02745   0.02327   0.03330   0.04012   0.08011   0.07283   0.03553   0.46618   0.12341   0.14132   0.05987   0.09582   0.14852   0.04009   0.01828   0.03499   0.09385   0.05536   0.03097   0.05586   0.14602   0.11259   0.12841   0.06244   0.08105   0.09629   0.04777   0.18384   0.17791   0.45900   0.22963   0.10623   0.20427   0.26676   0.14609   0.22146   0.06977   0.05398   0.19236   0.05660   0.10048   0.10470   0.07427   0.02832   0.21488   0.18993   0.14314   1.26689   0.85673  
  7 43152.1055  17391.059180  x:  0.00234   0.00000   0.00000   0.02100   0.00106   0.03590   0.04573   0.03662   0.20902   0.06792   0.10619   0.10660   0.24028   0.07635   0.10914   0.09236   0.01626   0.03520   0.08186   0.01865   0.13995   0.03645   0.04867   0.00047   0.03110   0.02821   0.03598   0.04146   0.07886   0.06845   0.03346   0.46217   0.12448   0.14326   0.05424   0.09683   0.15096   0.03959   0.02311   0.03544   0.09373   0.05531   0.03424   0.05407   0.14497   0.11400   0.13062   0.06007   0.08124   0.09351   0.04724   0.18520   0.18139   0.45728   0.23497   0.10664   0.20883   0.27446   0.14738   0.22325   0.06622   0.05496   0.19590   0.05641   0.09980   0.10482   0.07421   0.02942   0.21577   0.18910   0.14505   1.28691   0.83302  
  8 3045.2439  17352.184723  x:  0.00220   0.00000   0.00000   0.01298   0.00120   0.04115   0.04552   0.04170   0.21157   0.06646   0.10481   0.10634   0.23871   0.07755   0.10945   0.09244   0.00130   0.03822   0.08257   0.01730   0.14076   0.04037   0.05111   0.00044   0.02986   0.03168   0.03831   0.04503   0.07952   0.06515   0.03492   0.45716   0.12639   0.14532   0.04999   0.09772   0.15218   0.04202   0.02300   0.03844   0.09416   0.05738   0.03586   0.05640   0.14460   0.11360   0.13025   0.06028   0.08163   0.09263   0.04818   0.18662   0.18315   0.45576   0.23959   0.10606   0.21097   0.28063   0.14730   0.22532   0.06495   0.05773   0.19831   0.05681   0.09980   0.10510   0.07363   0.03165   0.21719   0.18860   0.14548   1.31236   0.79581  
  9 2874.9271  17267.193526  x:  0.00180   0.00000   0.00000   0.00548   0.00144   0.05123   0.04529   0.05454   0.21333   0.06418   0.10242   0.10633   0.23654   0.08292   0.10819   0.09412   0.00311   0.04242   0.08539   0.00000   0.13979   0.04802   0.05626   0.00043   0.01895   0.03218   0.04041   0.05321   0.08313   0.06042   0.04212   0.44747   0.13110   0.14952   0.04401   0.09915   0.15298   0.04991   0.01310   0.04636   0.09574   0.06358   0.03452   0.06588   0.14516   0.11055   0.12616   0.06423   0.08255   0.09391   0.05181   0.18973   0.18440   0.45437   0.24766   0.10383   0.21198   0.29059   0.14542   0.23009   0.06588   0.06477   0.20166   0.05826   0.10070   0.10581   0.07189   0.03631   0.22104   0.18854   0.14436   1.36813   0.70577  
 10 5700.2706  17191.712057  x:  0.00167   0.00000   0.00000   0.01431   0.00164   0.05590   0.04511   0.06378   0.21398   0.06255   0.10031   0.10659   0.23470   0.08960   0.10700   0.09622   0.00388   0.04127   0.08825   0.00968   0.13833   0.05132   0.05894   0.00049   0.00902   0.02437   0.03842   0.05818   0.08693   0.05779   0.04955   0.43732   0.13554   0.15335   0.03999   0.10025   0.15300   0.05701   0.00000   0.05226   0.09732   0.06894   0.02854   0.07542   0.14613   0.10715   0.12140   0.06902   0.08339   0.09623   0.05526   0.19269   0.18474   0.45332   0.25491   0.10155   0.21162   0.29931   0.14297   0.23488   0.06784   0.07044   0.20433   0.05950   0.10184   0.10645   0.07015   0.03851   0.22496   0.18863   0.14259   1.42532   0.60685  
 11 9028.3778  17104.596600  x:  0.00159   0.00000   0.00000   0.03534   0.00193   0.05845   0.04489   0.07581   0.21349   0.06072   0.09735   0.10733   0.23223   0.10128   0.10405   0.10001   0.00461   0.03442   0.09305   0.01482   0.13484   0.05274   0.06109   0.00061   0.00245   0.00469   0.03154   0.06342   0.09342   0.05509   0.06219   0.42103   0.14247   0.15908   0.03562   0.10165   0.15213   0.06862   0.01501   0.06091   0.09991   0.07709   0.01502   0.09140   0.14823   0.10132   0.11329   0.07854   0.08477   0.10130   0.06095   0.19727   0.18417   0.45234   0.26544   0.09778   0.20927   0.31160   0.13837   0.24266   0.07244   0.07840   0.20772   0.06138   0.10400   0.10740   0.06735   0.03991   0.23143   0.18910   0.13895   1.51779   0.43984  
 12 17935.3927  17085.878946  x:  0.00160   0.00000   0.00000   0.04170   0.00200   0.05832   0.04484   0.07846   0.21320   0.06036   0.09665   0.10756   0.23164   0.10439   0.10314   0.10103   0.00472   0.03192   0.09431   0.01446   0.13380   0.05249   0.06132   0.00061   0.00868   0.00155   0.02926   0.06433   0.09512   0.05457   0.06552   0.41676   0.14423   0.16049   0.03478   0.10195   0.15180   0.07146   0.01581   0.06284   0.10060   0.07909   0.01147   0.09561   0.14885   0.09977   0.11109   0.08108   0.08510   0.10279   0.06241   0.19843   0.18389   0.45215   0.26803   0.09682   0.20845   0.31458   0.13711   0.24467   0.07379   0.08027   0.20848   0.06184   0.10459   0.10764   0.06665   0.03994   0.23311   0.18925   0.13793   1.54181   0.39579  
 13 26500.5392  17067.694756  x:  0.00174   0.00000   0.00000   0.05165   0.00208   0.05576   0.04482   0.07981   0.21292   0.06018   0.09597   0.10791   0.23110   0.10808   0.10198   0.10219   0.00479   0.02685   0.09567   0.01335   0.13258   0.05037   0.06062   0.00060   0.01220   0.00818   0.02512   0.06391   0.09693   0.05421   0.06913   0.41182   0.14616   0.16209   0.03416   0.10220   0.15140   0.07414   0.01746   0.06409   0.10141   0.08092   0.00681   0.10016   0.14969   0.09811   0.10866   0.08404   0.08540   0.10472   0.06391   0.19983   0.18361   0.45220   0.27105   0.09586   0.20742   0.31807   0.13566   0.24716   0.07548   0.08179   0.20942   0.06223   0.10527   0.10788   0.06592   0.03893   0.23516   0.18950   0.13675   1.57039   0.34248  
 14 20258.6277  17060.322852  x:  0.00186   0.00000   0.00000   0.05814   0.00210   0.05255   0.04483   0.07841   0.21236   0.06084   0.09606   0.10835   0.23106   0.10987   0.10151   0.10271   0.00470   0.02522   0.09604   0.01160   0.13203   0.04764   0.05919   0.00061   0.01258   0.00866   0.02476   0.06198   0.09758   0.05511   0.07029   0.40904   0.14660   0.16237   0.03517   0.10215   0.15089   0.07447   0.01764   0.06344   0.10170   0.08122   0.02196   0.10199   0.15034   0.09793   0.10825   0.08543   0.08547   0.10595   0.06417   0.20028   0.18310   0.45237   0.27176   0.09594   0.20606   0.31882   0.13503   0.24828   0.07646   0.08118   0.20943   0.06218   0.10558   0.10794   0.06599   0.03743   0.23599   0.18966   0.13626   1.58336   0.32035  
 15 1873.1373  17054.549660  x:  0.00207   0.00000   0.00000   0.06723   0.00211   0.04717   0.04489   0.07088   0.20967   0.06635   0.09882   0.11120   0.23285   0.11403   0.10293   0.10357   0.00410   0.04449   0.09527   0.00808   0.13262   0.04205   0.05533   0.00049   0.01249   0.00870   0.04587   0.05457   0.09817   0.06212   0.06997   0.40102   0.14532   0.16094   0.04271   0.10195   0.14894   0.07237   0.01733   0.05910   0.10184   0.07778   0.02099   0.10231   0.15307   0.10212   0.11320   0.08832   0.08566   0.10963   0.06258   0.20090   0.18089   0.45480   0.27050   0.09991   0.19889   0.31699   0.13484   0.25135   0.07903   0.07447   0.20796   0.06128   0.10595   0.10810   0.06897   0.03401   0.23792   0.19079   0.13655   1.61139   0.31422  
 16 325.1936  17042.845579  x:  0.00187   0.00000   0.00000   0.07801   0.00221   0.05526   0.04483   0.05837   0.19888   0.08109   0.10698   0.12002   0.24036   0.12762   0.10870   0.10837   0.00408   0.04421   0.09348   0.00607   0.13394   0.04830   0.06059   0.00055   0.01389   0.00960   0.03175   0.04808   0.10237   0.08152   0.07133   0.37010   0.14153   0.15527   0.06030   0.10093   0.14356   0.07041   0.01921   0.05327   0.10219   0.07096   0.02321   0.10620   0.16294   0.11038   0.12320   0.09887   0.08611   0.12186   0.05905   0.20345   0.17350   0.46637   0.26447   0.11250   0.17354   0.30904   0.13449   0.26313   0.09000   0.05869   0.20189   0.05987   0.10725   0.10888   0.07621   0.03722   0.24559   0.19593   0.13717   1.71891   0.34272  
 17 288.0332  17040.399018  x:  0.00201   0.00000   0.00000   0.08110   0.00224   0.05164   0.04486   0.05982   0.19669   0.07944   0.10644   0.11863   0.24412   0.12714   0.10608   0.10742   0.00434   0.03297   0.09272   0.00637   0.13115   0.04481   0.05755   0.00048   0.01442   0.01000   0.04319   0.05373   0.10131   0.08133   0.07086   0.36214   0.14025   0.15223   0.05902   0.09913   0.14409   0.06958   0.02017   0.05404   0.10129   0.07174   0.02392   0.10511   0.16428   0.10438   0.11591   0.09938   0.08413   0.12331   0.05899   0.20303   0.17314   0.47486   0.25876   0.11256   0.17428   0.30303   0.13404   0.26536   0.09438   0.06383   0.19969   0.05949   0.10699   0.10789   0.07275   0.03381   0.24656   0.19763   0.13533   1.74844   0.35373  
 18 177.3476  17039.014508  x:  0.00225   0.00000   0.00000   0.08541   0.00229   0.04646   0.04495   0.06230   0.19611   0.07519   0.10480   0.11497   0.24818   0.12339   0.10300   0.10502   0.00418   0.04222   0.09232   0.00602   0.12888   0.04136   0.05495   0.00054   0.01478   0.01025   0.03724   0.05534   0.09921   0.07825   0.06975   0.35752   0.13928   0.14973   0.05534   0.09786   0.14508   0.06798   0.02078   0.05548   0.10067   0.07294   0.02460   0.10229   0.16372   0.09986   0.11023   0.09781   0.08272   0.12275   0.05945   0.20145   0.17369   0.48579   0.25184   0.10996   0.18003   0.29544   0.13351   0.26515   0.09652   0.06753   0.19801   0.06033   0.10644   0.10705   0.06977   0.03234   0.24585   0.19899   0.13425   1.76585   0.35971  
 19 129.3724  17037.645781  x:  0.00216   0.00000   0.00000   0.09250   0.00237   0.04892   0.04499   0.06446   0.19630   0.07037   0.10371   0.10909   0.25357   0.11543   0.10322   0.10379   0.00413   0.04028   0.09319   0.00434   0.12993   0.04623   0.05681   0.00051   0.01481   0.01027   0.03957   0.05039   0.09745   0.07440   0.06862   0.35090   0.13865   0.14839   0.05260   0.09878   0.14453   0.06500   0.02078   0.05727   0.10146   0.07323   0.02472   0.09777   0.16000   0.10458   0.11583   0.09391   0.08407   0.11981   0.06024   0.19688   0.17330   0.50455   0.24183   0.10433   0.18746   0.28238   0.13320   0.25993   0.09483   0.06348   0.19581   0.06262   0.10600   0.10746   0.07185   0.03722   0.24132   0.19929   0.13555   1.77620   0.36022  
 20 70.1652  17035.323337  x:  0.00195   0.00000   0.00000   0.08687   0.00266   0.05308   0.04504   0.06333   0.19884   0.07483   0.10959   0.10693   0.25986   0.10672   0.10986   0.10690   0.00414   0.03945   0.09450   0.00492   0.13296   0.03974   0.05910   0.00051   0.01451   0.01006   0.03772   0.05543   0.10066   0.07535   0.06997   0.33317   0.14065   0.15244   0.05925   0.10141   0.14276   0.06533   0.02037   0.05432   0.10154   0.07200   0.02428   0.09654   0.15343   0.10460   0.11639   0.08891   0.08559   0.11475   0.06052   0.19065   0.17204   0.53969   0.23847   0.10310   0.18663   0.27237   0.13798   0.24693   0.08968   0.06199   0.19503   0.05743   0.10721   0.10788   0.07259   0.02516   0.23009   0.19455   0.13499   1.77992   0.35708  
 21 56.0473  17031.945205  x:  0.00217   0.00000   0.00000   0.07818   0.00317   0.04453   0.04517   0.05681   0.20117   0.08020   0.11614   0.10746   0.26354   0.09946   0.10967   0.10862   0.00419   0.03815   0.09314   0.00650   0.13263   0.03755   0.05220   0.00055   0.01420   0.00986   0.03697   0.05480   0.10333   0.07766   0.07051   0.30087   0.14295   0.15566   0.06856   0.10036   0.14226   0.06744   0.02008   0.04932   0.10093   0.07070   0.02384   0.09718   0.14815   0.10041   0.11141   0.08463   0.08470   0.10975   0.05895   0.18655   0.17258   0.58818   0.24259   0.10630   0.18103   0.27301   0.14469   0.23054   0.08405   0.06706   0.19525   0.05812   0.10812   0.10794   0.07316   0.04474   0.21850   0.18842   0.13583   1.77991   0.35381  
 22 144.4904  17025.537196  x:  0.00235   0.00000   0.00000   0.07852   0.00409   0.03815   0.04513   0.05081   0.19804   0.07423   0.11164   0.10777   0.25477   0.10033   0.09484   0.10287   0.00420   0.03720   0.08897   0.00655   0.12662   0.05355   0.05398   0.00055   0.01414   0.00980   0.03682   0.04265   0.09801   0.07601   0.06585   0.24393   0.14304   0.14980   0.07073   0.09335   0.14536   0.06884   0.01977   0.05315   0.10174   0.07215   0.02365   0.09821   0.15204   0.10402   0.11499   0.08555   0.08280   0.11004   0.05632   0.19165   0.17747   0.65014   0.25529   0.11147   0.17716   0.29697   0.14516   0.22050   0.08050   0.07110   0.19713   0.06483   0.10607   0.10621   0.06781   0.03003   0.21456   0.18078   0.13394   1.77376   0.35349  
 23 135.1244  17017.869851  x:  0.00191   0.00000   0.00000   0.08822   0.00517   0.04945   0.04489   0.05187   0.19663   0.06534   0.09763   0.10565   0.23359   0.10886   0.10187   0.09927   0.00410   0.03643   0.09126   0.00359   0.12918   0.02959   0.05499   0.00056   0.01421   0.00986   0.03647   0.05116   0.09097   0.07228   0.05880   0.19673   0.14279   0.14328   0.06175   0.09564   0.14721   0.06209   0.01979   0.05085   0.10102   0.06984   0.02381   0.09468   0.15954   0.10682   0.11983   0.08792   0.08412   0.11434   0.05603   0.19951   0.17988   0.69393   0.26309   0.11328   0.18108   0.31967   0.13715   0.22841   0.08035   0.06287   0.19934   0.06387   0.10315   0.10698   0.07056   0.03521   0.22522   0.18142   0.13874   1.76731   0.35474  
 24 166.9957  17006.896990  x:  0.00248   0.00000   0.00000   0.08919   0.00686   0.02949   0.04483   0.05092   0.20505   0.07140   0.08500   0.10539   0.19519   0.11876   0.12418   0.10502   0.00397   0.03576   0.09636   0.00166   0.14357   0.04868   0.04421   0.00063   0.01406   0.00978   0.03573   0.05381   0.09464   0.07109   0.05845   0.17485   0.14691   0.14664   0.04422   0.10639   0.14502   0.04523   0.01990   0.03900   0.09890   0.06282   0.02390   0.08487   0.16023   0.10094   0.11361   0.08485   0.08432   0.11551   0.05636   0.20038   0.17462   0.71353   0.25961   0.11219   0.18673   0.32290   0.12648   0.25327   0.08354   0.05579   0.20116   0.04853   0.10519   0.10912   0.07572   0.03108   0.24228   0.18624   0.14212   1.76894   0.35471  
 25 127.1820  16983.818168  x:  0.00200   0.00000   0.00000   0.07504   0.01004   0.03070   0.04477   0.02952   0.21882   0.08642   0.08794   0.11785   0.14195   0.12366   0.11767   0.10655   0.00402   0.02976   0.08861   0.00355   0.14479   0.02858   0.04700   0.00062   0.01355   0.00940   0.03400   0.01997   0.09613   0.06900   0.05896   0.19200   0.15245   0.15553   0.03187   0.10675   0.14826   0.03264   0.01898   0.04373   0.10105   0.05936   0.02342   0.06682   0.15080   0.10326   0.11177   0.07298   0.07833   0.10836   0.05195   0.19314   0.17235   0.70514   0.25125   0.11161   0.19219   0.30971   0.12534   0.29070   0.08670   0.06693   0.20404   0.05940   0.10955   0.10837   0.07672   0.02656   0.25828   0.19023   0.13928   1.79018   0.35443  
 26 166.8216  16966.910399  x:  0.00233   0.00000   0.00000   0.07686   0.01273   0.01535   0.04476   0.01725   0.22824   0.09189   0.09628   0.13189   0.11704   0.11960   0.09887   0.10040   0.00398   0.02649   0.07848   0.00233   0.14055   0.02326   0.04621   0.00067   0.01322   0.00918   0.03102   0.04395   0.09021   0.06603   0.04897   0.21820   0.15055   0.15807   0.03841   0.10061   0.15486   0.02983   0.01826   0.03824   0.10309   0.05440   0.02318   0.05144   0.14287   0.11717   0.12753   0.06269   0.07708   0.10013   0.04675   0.18823   0.17924   0.68182   0.25037   0.11345   0.19781   0.30363   0.13159   0.31256   0.08020   0.06009   0.20729   0.06980   0.10836   0.10599   0.07617   0.02494   0.26315   0.19016   0.14041   1.81266   0.35366  
 27 402.7058  16954.626226  x:  0.00215   0.00000   0.00000   0.08401   0.01459   0.01754   0.04445   0.03508   0.23558   0.09322   0.10320   0.14190   0.11520   0.11215   0.09039   0.09483   0.00396   0.02303   0.07423   0.00000   0.13925   0.02089   0.02937   0.00080   0.01307   0.00909   0.02853   0.04071   0.08337   0.06433   0.03697   0.23835   0.14591   0.15833   0.04790   0.09578   0.16079   0.02957   0.01821   0.02181   0.10196   0.04872   0.02309   0.04521   0.13904   0.11944   0.13190   0.05623   0.07696   0.09454   0.04327   0.18698   0.18830   0.65817   0.25562   0.11748   0.20258   0.30643   0.13918   0.32177   0.07260   0.05233   0.21088   0.06741   0.10518   0.10385   0.07318   0.02209   0.26197   0.18840   0.14342   1.83054   0.35526  
 28 542.3707  16954.626226  x:  0.00215   0.00000   0.00000   0.08401   0.01459   0.01754   0.04445   0.03508   0.23558   0.09322   0.10320   0.14190   0.11520   0.11215   0.09039   0.09483   0.00396   0.02303   0.07423   0.00000   0.13925   0.02089   0.02937   0.00080   0.01307   0.00909   0.02853   0.04071   0.08337   0.06433   0.03697   0.23835   0.14591   0.15833   0.04790   0.09578   0.16079   0.02957   0.01821   0.02181   0.10196   0.04872   0.02309   0.04521   0.13904   0.11944   0.13190   0.05623   0.07696   0.09454   0.04327   0.18698   0.18830   0.65817   0.25562   0.11748   0.20258   0.30643   0.13918   0.32177   0.07260   0.05233   0.21088   0.06741   0.10518   0.10385   0.07318   0.02209   0.26197   0.18840   0.14342   1.83054   0.35526  
 29 388.3772  16931.929925  x:  0.00852   0.00000   0.00000   0.07759   0.00959   0.02237   0.03922   0.03368   0.23763   0.09148   0.10227   0.14108   0.11615   0.11009   0.09291   0.09429   0.01895   0.02514   0.07453   0.01490   0.14117   0.02339   0.03297   0.04010   0.02152   0.01773   0.02965   0.04005   0.08223   0.06247   0.03517   0.23627   0.14547   0.15837   0.04548   0.09643   0.16178   0.02927   0.01870   0.02336   0.10165   0.04874   0.02530   0.04454   0.13826   0.12023   0.13345   0.05456   0.07739   0.09263   0.04291   0.18718   0.19009   0.65482   0.25754   0.11766   0.20487   0.30955   0.14009   0.32045   0.06997   0.05211   0.21206   0.06637   0.10446   0.10398   0.07324   0.02247   0.26067   0.18721   0.14482   1.83402   0.35562  
 30 3322.6799  16904.262588  x:  0.00669   0.00000   0.00000   0.06334   0.00058   0.02658   0.02794   0.03093   0.24202   0.08764   0.10022   0.13927   0.11806   0.10512   0.09696   0.09294   0.01889   0.02704   0.07520   0.01679   0.14483   0.02651   0.03842   0.03709   0.02788   0.02161   0.03037   0.03906   0.07972   0.05773   0.03138   0.23167   0.14459   0.15847   0.04021   0.09780   0.16396   0.02837   0.01952   0.02592   0.10098   0.04877   0.02871   0.04321   0.13658   0.12187   0.13670   0.05110   0.07827   0.08854   0.04225   0.18759   0.19398   0.64736   0.26176   0.11798   0.20983   0.31635   0.14203   0.31754   0.06435   0.05177   0.21463   0.06414   0.10291   0.10430   0.07337   0.02320   0.25783   0.18462   0.14778   1.84172   0.35634  
 31 1111.5354  16857.961490  x:  0.00289   0.00000   0.00000   0.03076   0.00387   0.03575   0.00249   0.02489   0.25203   0.07892   0.09554   0.13514   0.12239   0.09382   0.10608   0.08987   0.01898   0.03115   0.07668   0.02114   0.15311   0.03326   0.05034   0.03091   0.04152   0.02985   0.03193   0.03685   0.07405   0.04699   0.02290   0.22120   0.14261   0.15873   0.02829   0.10091   0.16890   0.02639   0.02128   0.03148   0.09946   0.04882   0.03606   0.04023   0.13277   0.12557   0.14404   0.04331   0.08026   0.07927   0.04076   0.18854   0.20282   0.63027   0.27136   0.11870   0.22109   0.33183   0.14643   0.31088   0.05163   0.05106   0.22046   0.05909   0.09939   0.10502   0.07367   0.02482   0.25135   0.17873   0.15449   1.85933   0.35798  
 32 9808.6035  16831.572301  x:  0.00337   0.00000   0.00000   0.00320   0.00544   0.04099   0.01204   0.02232   0.26037   0.07170   0.09171   0.13167   0.12608   0.08466   0.11302   0.08745   0.01933   0.03310   0.07777   0.02410   0.15971   0.03676   0.05729   0.02702   0.04847   0.03326   0.03265   0.03522   0.06972   0.03868   0.01744   0.21235   0.14115   0.15911   0.01953   0.10345   0.17290   0.02524   0.02206   0.03436   0.09823   0.04883   0.03968   0.03831   0.12970   0.12842   0.14976   0.03783   0.08176   0.07210   0.03969   0.18931   0.21001   0.61534   0.27936   0.11924   0.23027   0.34475   0.14995   0.30515   0.04185   0.05106   0.22531   0.05524   0.09668   0.10559   0.07389   0.02582   0.24587   0.17381   0.15982   1.87465   0.35933  
 33 2899.2827  16789.753512  x:  0.01377   0.00000   0.00000   0.02535   0.00585   0.03715   0.01631   0.03570   0.29293   0.04456   0.07774   0.11804   0.14138   0.05340   0.13334   0.07975   0.02279   0.02735   0.08031   0.03001   0.18234   0.03205   0.05837   0.02531   0.04026   0.01896   0.03015   0.03218   0.05804   0.01679   0.01937   0.17660   0.13794   0.16266   0.00598   0.11319   0.18710   0.02689   0.01876   0.02960   0.09398   0.04873   0.03214   0.03759   0.11900   0.13704   0.16782   0.03023   0.08591   0.05185   0.03762   0.19223   0.23626   0.54855   0.31078   0.12054   0.26409   0.39577   0.16196   0.28062   0.01713   0.05804   0.24419   0.04478   0.08867   0.10758   0.07457   0.02632   0.22369   0.15474   0.17778   1.94221   0.36457  
 34 976.3396  16753.234107  x:  0.00709   0.00000   0.00000   0.01532   0.00470   0.02244   0.01229   0.03929   0.32661   0.02185   0.06650   0.10469   0.15796   0.03653   0.14898   0.07471   0.02372   0.02252   0.08148   0.03329   0.20308   0.02454   0.04844   0.03009   0.02210   0.01029   0.02809   0.03446   0.05466   0.02627   0.02816   0.13942   0.13680   0.16763   0.04332   0.12274   0.19974   0.03112   0.01647   0.02164   0.09086   0.04908   0.02261   0.04045   0.11044   0.14371   0.18269   0.03671   0.08850   0.04635   0.03883   0.19501   0.26165   0.46743   0.34365   0.12052   0.29739   0.45002   0.17283   0.25308   0.02978   0.07065   0.26385   0.04090   0.08385   0.10942   0.07539   0.02614   0.20070   0.13659   0.19338   2.02331   0.36991  
 35 1710.6302  16731.010777  x:  0.01155   0.00000   0.00000   0.02499   0.00589   0.02362   0.01678   0.03698   0.35295   0.02683   0.06614   0.09649   0.17014   0.04522   0.15183   0.07662   0.01736   0.02704   0.08017   0.02241   0.21280   0.02418   0.03076   0.02817   0.02251   0.05115   0.02863   0.03990   0.06443   0.03607   0.03419   0.11740   0.13867   0.17111   0.04524   0.12419   0.20524   0.03235   0.01795   0.02203   0.09145   0.05006   0.02972   0.04400   0.10955   0.14497   0.18750   0.04640   0.08753   0.06423   0.03735   0.19577   0.27754   0.38384   0.36907   0.11807   0.32028   0.49445   0.17834   0.22867   0.03840   0.07338   0.27941   0.04874   0.08663   0.10993   0.07606   0.02571   0.18537   0.12843   0.20012   2.10669   0.37307  
 36 1132.0046  16695.635964  x:  0.00000   0.00000   0.00000   0.02450   0.00557   0.02892   0.01690   0.02554   0.38028   0.05412   0.07826   0.09567   0.18117   0.07664   0.13672   0.08742   0.02466   0.02693   0.07514   0.00391   0.20979   0.03030   0.03695   0.03798   0.02595   0.01820   0.03804   0.04235   0.08044   0.04365   0.03205   0.12004   0.14546   0.17204   0.02316   0.11438   0.20192   0.02520   0.01645   0.02829   0.09695   0.05039   0.02504   0.04267   0.11958   0.13820   0.17855   0.04999   0.08044   0.08842   0.03457   0.19408   0.28597   0.24530   0.39587   0.10794   0.33820   0.54916   0.17861   0.19820   0.04367   0.06132   0.29409   0.06345   0.09771   0.10840   0.07419   0.02580   0.17829   0.13557   0.19581   2.24860   0.37442  
 37 920.8581  16690.776615  x:  0.01185   0.00000   0.00000   0.02175   0.00527   0.03021   0.01473   0.02582   0.38436   0.05833   0.08056   0.09679   0.18279   0.08261   0.13237   0.08940   0.02281   0.02623   0.07423   0.00968   0.20746   0.02924   0.03797   0.03571   0.02516   0.01185   0.03718   0.04180   0.08234   0.04559   0.03135   0.12363   0.14686   0.17179   0.02105   0.11203   0.20023   0.02466   0.01699   0.02782   0.09794   0.05018   0.02515   0.04242   0.12196   0.13622   0.17534   0.05010   0.07905   0.09145   0.03481   0.19364   0.28593   0.21646   0.39998   0.10507   0.33996   0.55924   0.17804   0.19332   0.04550   0.05886   0.29571   0.06524   0.09959   0.10790   0.07339   0.02572   0.17869   0.13843   0.19356   2.28086   0.37482  
 38 1600.4122  16680.169999  x:  0.00494   0.00000   0.00000   0.01896   0.00506   0.02113   0.01400   0.03617   0.38606   0.05841   0.08286   0.10254   0.18346   0.08593   0.12218   0.09082   0.01898   0.02294   0.07371   0.02486   0.19881   0.02177   0.04120   0.03360   0.02267   0.01857   0.02856   0.03678   0.07899   0.04258   0.02927   0.13784   0.14863   0.16986   0.01912   0.10781   0.19498   0.02601   0.01857   0.02206   0.09872   0.04894   0.02528   0.04162   0.12586   0.13185   0.16681   0.04599   0.07763   0.08628   0.03722   0.19278   0.28083   0.17148   0.40245   0.09800   0.33735   0.57248   0.17559   0.19026   0.04418   0.05523   0.29399   0.06249   0.10022   0.10677   0.07089   0.02533   0.18482   0.14654   0.18636   2.34361   0.37656  
 39 857.9631  16670.454779  x:  0.00645   0.00000   0.00000   0.02158   0.00542   0.03432   0.01518   0.03570   0.38164   0.04702   0.08132   0.11161   0.18316   0.07759   0.11156   0.08776   0.02100   0.03150   0.07566   0.01506   0.18604   0.02787   0.03381   0.03417   0.02648   0.02124   0.02682   0.03692   0.07011   0.03602   0.03032   0.15254   0.14836   0.16713   0.03106   0.10642   0.18841   0.03008   0.01903   0.02273   0.09802   0.04801   0.02886   0.04313   0.12678   0.12881   0.15753   0.04318   0.07962   0.07179   0.04055   0.19212   0.26984   0.14231   0.39948   0.08946   0.32840   0.58296   0.17218   0.19483   0.04479   0.05951   0.28667   0.05391   0.09651   0.10608   0.06933   0.02507   0.19523   0.15417   0.17688   2.42741   0.38184  
 40 540.6921  16658.964038  x:  0.01067   0.00000   0.00000   0.02175   0.00526   0.02337   0.01492   0.01993   0.37264   0.03682   0.07948   0.12058   0.18447   0.06531   0.10989   0.08339   0.01538   0.02093   0.07836   0.01259   0.17338   0.02674   0.03492   0.03684   0.02350   0.02560   0.04324   0.04568   0.06774   0.04010   0.03191   0.15739   0.14519   0.16538   0.02607   0.10732   0.18208   0.02845   0.01794   0.03183   0.09671   0.04950   0.02860   0.04339   0.12396   0.12942   0.15208   0.04805   0.08387   0.06787   0.03661   0.19113   0.25400   0.14534   0.39146   0.08402   0.31497   0.59403   0.16800   0.20557   0.04268   0.06451   0.27580   0.05167   0.09272   0.10674   0.07377   0.02596   0.20523   0.15666   0.16865   2.55536   0.39040  
 41 509.7746  16640.443196  x:  0.00923   0.00000   0.00000   0.01634   0.00496   0.02086   0.01278   0.04290   0.35409   0.03426   0.07910   0.13075   0.18777   0.05566   0.11835   0.07939   0.02590   0.03800   0.08070   0.01625   0.15831   0.02623   0.03394   0.03213   0.02524   0.02112   0.04519   0.04977   0.07462   0.05299   0.03150   0.15214   0.13846   0.16402   0.01540   0.11220   0.17440   0.02340   0.01675   0.03100   0.09403   0.05169   0.02714   0.04240   0.11732   0.13319   0.14960   0.05760   0.08838   0.07804   0.03121   0.19020   0.22680   0.18240   0.37334   0.08276   0.29085   0.61175   0.16025   0.22687   0.04034   0.06838   0.25710   0.05719   0.09025   0.10875   0.08423   0.02514   0.21722   0.15369   0.15990   2.81650   0.40488  
 42 1110.9164  16625.612381  x:  0.00542   0.00000   0.00000   0.01956   0.00527   0.03709   0.01437   0.03596   0.33917   0.04566   0.08056   0.13063   0.18695   0.06477   0.12698   0.08143   0.01914   0.02251   0.07903   0.01816   0.15742   0.02599   0.04054   0.03398   0.02680   0.01936   0.02574   0.03744   0.07711   0.04838   0.02704   0.14547   0.13592   0.16331   0.02507   0.11622   0.17386   0.02686   0.01991   0.02097   0.09335   0.05019   0.02804   0.04109   0.11523   0.13557   0.15295   0.05255   0.08550   0.08162   0.03956   0.19105   0.21406   0.21892   0.35772   0.08975   0.27592   0.61773   0.15452   0.24154   0.03475   0.06359   0.24641   0.05895   0.09216   0.10910   0.08655   0.02331   0.22071   0.14899   0.16021   3.01419   0.41000  
 43 1216.6213  16619.219523  x:  0.00840   0.00000   0.00000   0.01968   0.00509   0.02545   0.01405   0.02905   0.33055   0.05514   0.08125   0.12256   0.18042   0.07379   0.12633   0.08595   0.01989   0.03366   0.07573   0.01765   0.16632   0.02527   0.03658   0.03405   0.02415   0.02008   0.02615   0.03116   0.07264   0.03537   0.02879   0.14683   0.13928   0.16351   0.02854   0.11394   0.17815   0.02986   0.01738   0.02463   0.09599   0.04784   0.02800   0.04216   0.11926   0.13452   0.15705   0.03990   0.07940   0.07497   0.04307   0.19196   0.21786   0.23645   0.34821   0.09887   0.27194   0.60905   0.15170   0.24645   0.04020   0.05943   0.24507   0.05482   0.09551   0.10738   0.07995   0.02431   0.21794   0.14806   0.16602   3.10530   0.40629  
 44 570.6201  16616.084381  x:  0.00861   0.00000   0.00000   0.01859   0.00514   0.02665   0.01374   0.03662   0.32457   0.05771   0.08076   0.11382   0.17237   0.07662   0.12154   0.08817   0.01974   0.02739   0.07428   0.01729   0.17566   0.02736   0.03550   0.03367   0.02780   0.02083   0.03219   0.04088   0.06880   0.03225   0.03145   0.15126   0.14349   0.16453   0.02884   0.10968   0.18268   0.02956   0.02069   0.02214   0.09790   0.04755   0.02780   0.04279   0.12371   0.13221   0.15976   0.03895   0.07754   0.06862   0.04125   0.19246   0.22670   0.24401   0.34191   0.10581   0.27167   0.59395   0.15035   0.24739   0.04516   0.05845   0.24727   0.05163   0.09717   0.10597   0.07308   0.02501   0.21372   0.14933   0.17174   3.15429   0.40303  
 45 378.2833  16613.973855  x:  0.00771   0.00000   0.00000   0.01825   0.00505   0.03071   0.01352   0.03469   0.31973   0.05437   0.07946   0.10689   0.16397   0.07372   0.11563   0.08758   0.02115   0.02757   0.07527   0.01756   0.18328   0.02560   0.03583   0.03366   0.02266   0.02146   0.02682   0.04001   0.06726   0.03767   0.03073   0.15646   0.14670   0.16580   0.02578   0.10554   0.18665   0.02741   0.01762   0.02459   0.09885   0.04849   0.02907   0.04232   0.12663   0.13007   0.16080   0.04506   0.07992   0.06692   0.03728   0.19269   0.23760   0.24617   0.33736   0.11052   0.27301   0.57231   0.15023   0.24635   0.04409   0.05922   0.25161   0.05188   0.09674   0.10558   0.06944   0.02511   0.20923   0.15194   0.17639   3.18761   0.40292  
 46 254.2289  16612.798215  x:  0.00778   0.00000   0.00000   0.01964   0.00522   0.02844   0.01423   0.03290   0.31719   0.05052   0.07892   0.10493   0.15936   0.07117   0.11320   0.08609   0.01952   0.02938   0.07666   0.01843   0.18655   0.02589   0.03605   0.03333   0.02938   0.02044   0.02777   0.03566   0.06887   0.03988   0.02843   0.15873   0.14747   0.16640   0.02732   0.10510   0.18857   0.02795   0.01911   0.02264   0.09820   0.04848   0.02748   0.04206   0.12680   0.12937   0.16057   0.04707   0.08201   0.06964   0.03760   0.19293   0.24548   0.24538   0.33536   0.11252   0.27478   0.55191   0.15115   0.24454   0.04124   0.06028   0.25588   0.05435   0.09563   0.10610   0.07009   0.02455   0.20616   0.15371   0.17856   3.20757   0.40531  
 47 223.6790  16611.655262  x:  0.00841   0.00000   0.00000   0.01881   0.00510   0.02809   0.01373   0.03498   0.31595   0.04794   0.07977   0.10730   0.15750   0.07001   0.11428   0.08457   0.02029   0.02870   0.07763   0.01733   0.18670   0.02810   0.03756   0.03375   0.02450   0.02115   0.03031   0.03618   0.07234   0.03664   0.02666   0.15849   0.14626   0.16645   0.02933   0.10745   0.18907   0.02885   0.01965   0.02246   0.09675   0.04785   0.02913   0.04226   0.12480   0.13010   0.15951   0.04298   0.08223   0.07433   0.04015   0.19300   0.25255   0.24278   0.33491   0.11302   0.27761   0.52380   0.15350   0.24148   0.03852   0.06110   0.26139   0.05715   0.09437   0.10721   0.07326   0.02407   0.20361   0.15478   0.17907   3.22693   0.40958  
 48 182.7699  16610.946368  x:  0.00796   0.00000   0.00000   0.01805   0.00505   0.02897   0.01347   0.03437   0.31664   0.04789   0.08072   0.11075   0.15919   0.07001   0.11755   0.08444   0.02046   0.02774   0.07723   0.01780   0.18491   0.02492   0.03528   0.03357   0.02670   0.02057   0.02753   0.03877   0.07235   0.03492   0.02935   0.15587   0.14448   0.16640   0.02811   0.10952   0.18838   0.02808   0.01814   0.02444   0.09619   0.04803   0.02753   0.04223   0.12266   0.13147   0.15910   0.04081   0.08088   0.07451   0.03943   0.19262   0.25515   0.24062   0.33606   0.11221   0.28034   0.50177   0.15614   0.23881   0.04019   0.06162   0.26499   0.05628   0.09396   0.10770   0.07461   0.02433   0.20274   0.15413   0.17821   3.23933   0.41163  
 49 165.8937  16610.535753  x:  0.00768   0.00000   0.00000   0.01860   0.00510   0.02895   0.01376   0.03339   0.31841   0.04899   0.08092   0.11274   0.16222   0.07073   0.12023   0.08524   0.02006   0.02897   0.07629   0.01830   0.18314   0.02658   0.03678   0.03351   0.02604   0.02053   0.02799   0.03764   0.07035   0.03606   0.03047   0.15270   0.14323   0.16630   0.02673   0.11037   0.18749   0.02789   0.01989   0.02232   0.09629   0.04851   0.02854   0.04218   0.12169   0.13236   0.15955   0.04315   0.07993   0.07166   0.03793   0.19224   0.25463   0.23927   0.33789   0.11106   0.28271   0.48672   0.15847   0.23681   0.04177   0.06085   0.26661   0.05371   0.09436   0.10750   0.07389   0.02456   0.20296   0.15256   0.17709   3.24680   0.41132  
 50 122.7390  16610.427393  x:  0.00813   0.00000   0.00000   0.01844   0.00509   0.02874   0.01363   0.03452   0.31970   0.04937   0.08042   0.11236   0.16379   0.07103   0.12039   0.08563   0.02024   0.02821   0.07607   0.01746   0.18263   0.02654   0.03663   0.03356   0.02629   0.02092   0.02875   0.03658   0.06971   0.03682   0.02883   0.15156   0.14325   0.16619   0.02725   0.10999   0.18720   0.02810   0.01843   0.02317   0.09677   0.04846   0.02800   0.04208   0.12207   0.13237   0.16006   0.04391   0.08029   0.07070   0.03827   0.19224   0.25308   0.23906   0.33904   0.11050   0.28374   0.48211   0.15943   0.23613   0.04110   0.06004   0.26641   0.05337   0.09481   0.10721   0.07318   0.02467   0.20352   0.15168   0.17671   3.24885   0.41045  
 51 54.0809  16610.370097  x:  0.00798   0.00000   0.00000   0.01842   0.00507   0.02846   0.01361   0.03424   0.32130   0.04921   0.07959   0.11101   0.16507   0.07076   0.11968   0.08570   0.02025   0.02848   0.07625   0.01762   0.18262   0.02629   0.03608   0.03364   0.02624   0.02058   0.02824   0.03760   0.06992   0.03686   0.02820   0.15117   0.14384   0.16611   0.02739   0.10926   0.18709   0.02842   0.01940   0.02338   0.09712   0.04826   0.02851   0.04220   0.12290   0.13207   0.16072   0.04359   0.08112   0.07073   0.03881   0.19236   0.25083   0.23920   0.34040   0.11006   0.28477   0.47929   0.16025   0.23568   0.04034   0.06001   0.26552   0.05408   0.09513   0.10694   0.07273   0.02478   0.20427   0.15095   0.17665   3.25001   0.40974  
 52 30.7241  16610.342382  x:  0.00794   0.00000   0.00000   0.01838   0.00508   0.02876   0.01361   0.03400   0.32245   0.04900   0.07921   0.11007   0.16564   0.07046   0.11910   0.08560   0.02017   0.02864   0.07641   0.01780   0.18285   0.02641   0.03656   0.03356   0.02620   0.02077   0.02838   0.03761   0.07019   0.03659   0.02884   0.15132   0.14434   0.16611   0.02732   0.10881   0.18710   0.02824   0.01877   0.02272   0.09718   0.04818   0.02807   0.04217   0.12337   0.13181   0.16102   0.04305   0.08132   0.07106   0.03885   0.19244   0.24929   0.23938   0.34138   0.10988   0.28547   0.47790   0.16071   0.23544   0.04053   0.06044   0.26474   0.05454   0.09516   0.10684   0.07264   0.02470   0.20473   0.15068   0.17678   3.25058   0.40966  
 53 28.9337  16610.330301  x:  0.00791   0.00000   0.00000   0.01836   0.00508   0.02884   0.01362   0.03423   0.32323   0.04889   0.07929   0.10971   0.16566   0.07038   0.11888   0.08547   0.02022   0.02836   0.07646   0.01782   0.18318   0.02644   0.03659   0.03354   0.02624   0.02073   0.02847   0.03696   0.07026   0.03637   0.02926   0.15168   0.14457   0.16613   0.02728   0.10875   0.18723   0.02825   0.01910   0.02322   0.09709   0.04826   0.02829   0.04213   0.12342   0.13173   0.16110   0.04307   0.08102   0.07128   0.03868   0.19251   0.24847   0.23955   0.34205   0.10990   0.28593   0.47737   0.16089   0.23533   0.04088   0.06068   0.26413   0.05454   0.09501   0.10688   0.07276   0.02461   0.20490   0.15075   0.17700   3.25084   0.41001  
 54 14.6395  16610.315065  x:  0.00800   0.00000   0.00000   0.01830   0.00507   0.02864   0.01358   0.03413   0.32450   0.04887   0.07986   0.10962   0.16515   0.07057   0.11884   0.08532   0.02026   0.02838   0.07642   0.01764   0.18380   0.02643   0.03632   0.03359   0.02623   0.02072   0.02833   0.03724   0.07016   0.03628   0.02874   0.15246   0.14465   0.16618   0.02730   0.10898   0.18755   0.02817   0.01895   0.02287   0.09678   0.04835   0.02831   0.04212   0.12312   0.13170   0.16094   0.04346   0.08031   0.07132   0.03855   0.19264   0.24756   0.23987   0.34316   0.11006   0.28663   0.47692   0.16096   0.23521   0.04080   0.06041   0.26305   0.05412   0.09468   0.10706   0.07306   0.02464   0.20494   0.15122   0.17747   3.25116   0.41077  
 55 10.1513  16610.304281  x:  0.00788   0.00000   0.00000   0.01851   0.00509   0.02891   0.01368   0.03413   0.32525   0.04885   0.08017   0.10985   0.16459   0.07078   0.11901   0.08541   0.02008   0.02870   0.07637   0.01790   0.18410   0.02635   0.03670   0.03352   0.02619   0.02082   0.02850   0.03750   0.07005   0.03667   0.02873   0.15277   0.14450   0.16624   0.02746   0.10919   0.18771   0.02821   0.01906   0.02331   0.09676   0.04827   0.02799   0.04218   0.12288   0.13178   0.16073   0.04332   0.08050   0.07114   0.03878   0.19272   0.24737   0.24006   0.34381   0.11007   0.28699   0.47678   0.16085   0.23517   0.04069   0.06023   0.26234   0.05407   0.09470   0.10713   0.07309   0.02455   0.20480   0.15154   0.17765   3.25140   0.41078  
 56  8.0688  16610.274103  x:  0.00791   0.00000   0.00000   0.01841   0.00509   0.02872   0.01364   0.03415   0.32676   0.04871   0.08046   0.11068   0.16310   0.07093   0.11939   0.08576   0.02026   0.02840   0.07632   0.01776   0.18432   0.02647   0.03639   0.03349   0.02635   0.02070   0.02850   0.03724   0.06995   0.03717   0.02918   0.15306   0.14387   0.16633   0.02722   0.10948   0.18789   0.02807   0.01878   0.02302   0.09697   0.04812   0.02872   0.04227   0.12249   0.13197   0.16011   0.04277   0.08177   0.07075   0.03909   0.19279   0.24758   0.24045   0.34511   0.10978   0.28755   0.47665   0.16039   0.23519   0.04075   0.06027   0.26078   0.05452   0.09513   0.10713   0.07292   0.02446   0.20427   0.15215   0.17772   3.25201   0.40994  
 57 10.8467  16610.229654  x:  0.00817   0.00000   0.00000   0.01797   0.00504   0.02865   0.01342   0.03414   0.32807   0.04864   0.08021   0.11140   0.16176   0.07081   0.11950   0.08592   0.02036   0.02830   0.07632   0.01726   0.18403   0.02646   0.03633   0.03360   0.02604   0.02095   0.02816   0.03698   0.07012   0.03632   0.02900   0.15292   0.14330   0.16625   0.02698   0.10941   0.18785   0.02831   0.01952   0.02281   0.09729   0.04832   0.02754   0.04199   0.12254   0.13209   0.15967   0.04318   0.08226   0.07079   0.03876   0.19274   0.24830   0.24080   0.34620   0.10921   0.28785   0.47665   0.15983   0.23538   0.04099   0.06059   0.25932   0.05498   0.09551   0.10693   0.07255   0.02464   0.20374   0.15248   0.17748   3.25282   0.40905  
 58 14.5190  16610.083245  x:  0.00758   0.00000   0.00000   0.01804   0.00507   0.02906   0.01353   0.03409   0.33076   0.04874   0.07868   0.11241   0.15959   0.07044   0.11928   0.08565   0.01954   0.02876   0.07641   0.01847   0.18264   0.02618   0.03707   0.03348   0.02641   0.02051   0.02851   0.03738   0.07066   0.03417   0.02814   0.15179   0.14251   0.16594   0.02786   0.10870   0.18738   0.02863   0.01846   0.02326   0.09789   0.04889   0.02878   0.04181   0.12349   0.13214   0.15930   0.04446   0.08084   0.07157   0.03767   0.19248   0.25097   0.24147   0.34835   0.10754   0.28811   0.47701   0.15860   0.23621   0.04109   0.06112   0.25640   0.05531   0.09579   0.10623   0.07160   0.02477   0.20259   0.15242   0.17653   3.25535   0.40808  
 59 22.3288  16609.600063  x:  0.00748   0.00000   0.00000   0.01696   0.00499   0.02888   0.01312   0.03314   0.33561   0.05007   0.07536   0.11260   0.15789   0.06961   0.11773   0.08426   0.02208   0.02786   0.07673   0.01930   0.17929   0.02766   0.03677   0.03191   0.02668   0.02092   0.02836   0.03700   0.07024   0.03679   0.02939   0.14983   0.14309   0.16574   0.02805   0.10700   0.18568   0.02694   0.01940   0.02343   0.09761   0.04772   0.02799   0.04269   0.12592   0.13165   0.16025   0.04221   0.07603   0.07159   0.03827   0.19191   0.25800   0.24244   0.35219   0.10431   0.28807   0.47869   0.15663   0.23893   0.03836   0.05964   0.25166   0.05405   0.09478   0.10527   0.07120   0.02434   0.20131   0.15109   0.17448   3.26325   0.41018  
 60 31.8229  16608.519721  x:  0.00786   0.00000   0.00000   0.01377   0.00474   0.02972   0.01174   0.03436   0.34082   0.05225   0.07443   0.11060   0.16022   0.06926   0.11670   0.08377   0.01751   0.02916   0.07694   0.01620   0.17612   0.02350   0.03872   0.03401   0.02658   0.02017   0.02894   0.03610   0.06777   0.03869   0.02830   0.14948   0.14598   0.16530   0.02468   0.10638   0.18417   0.02851   0.01999   0.02223   0.09579   0.04666   0.02928   0.04136   0.12712   0.13068   0.16318   0.03968   0.07784   0.06944   0.04040   0.19122   0.26700   0.24274   0.35655   0.10221   0.28812   0.48293   0.15544   0.24344   0.03991   0.05940   0.24824   0.05286   0.09303   0.10619   0.07426   0.02629   0.20199   0.14903   0.17336   3.28016   0.41566  
 61 56.9965  16606.344188  x:  0.00648   0.00000   0.00000   0.01016   0.00452   0.02827   0.01051   0.03259   0.34666   0.05337   0.07761   0.10675   0.16853   0.07030   0.11851   0.08524   0.01879   0.02748   0.07680   0.02077   0.17461   0.03205   0.04002   0.03050   0.02816   0.02009   0.02592   0.03725   0.06641   0.03528   0.02425   0.15212   0.15028   0.16418   0.02204   0.10797   0.18329   0.03077   0.01736   0.02535   0.09375   0.04825   0.02839   0.03928   0.12546   0.13007   0.16774   0.04054   0.08725   0.06568   0.04047   0.19014   0.27707   0.24089   0.36200   0.10195   0.28881   0.49215   0.15531   0.25011   0.04314   0.05984   0.24695   0.05207   0.09189   0.10908   0.07950   0.02575   0.20577   0.14670   0.17357   3.31587   0.42088  
 62 145.4048  16604.256175  x:  0.00558   0.00000   0.00000   0.00590   0.00422   0.03090   0.00890   0.02940   0.34825   0.05078   0.08128   0.10525   0.17528   0.07000   0.12219   0.08628   0.02450   0.02720   0.07653   0.02240   0.17719   0.02602   0.04144   0.02630   0.02861   0.02093   0.03017   0.03575   0.06693   0.03135   0.02320   0.15512   0.15071   0.16370   0.02369   0.11041   0.18392   0.02703   0.01925   0.02391   0.09403   0.04949   0.02943   0.04074   0.12222   0.13110   0.16926   0.04139   0.08971   0.06489   0.03678   0.18961   0.27834   0.23788   0.36406   0.10364   0.29010   0.50051   0.15633   0.25272   0.03923   0.05782   0.24943   0.05171   0.09290   0.11008   0.07988   0.02425   0.20941   0.14677   0.17524   3.34802   0.41785  
 63 196.8227  16602.944000  x:  0.00621   0.00000   0.00000   0.00379   0.00410   0.02965   0.00808   0.03012   0.34707   0.04632   0.08155   0.10653   0.17691   0.06659   0.12537   0.08510   0.02126   0.02735   0.07685   0.02040   0.18122   0.02856   0.04466   0.02700   0.02985   0.02086   0.02728   0.03602   0.06799   0.03380   0.02151   0.15589   0.14761   0.16386   0.02311   0.11116   0.18543   0.02432   0.01973   0.02521   0.09560   0.04854   0.03017   0.03880   0.12074   0.13299   0.16846   0.03737   0.08410   0.06630   0.03474   0.19006   0.27361   0.23549   0.36345   0.10496   0.29184   0.50604   0.15774   0.25120   0.03878   0.05757   0.25331   0.05148   0.09362   0.10869   0.07702   0.02763   0.21079   0.14831   0.17725   3.36828   0.41248  
 64 151.3756  16602.698888  x:  0.00599   0.00000   0.00000   0.00416   0.00412   0.03028   0.00821   0.02921   0.34643   0.04582   0.08029   0.10761   0.17572   0.06540   0.12628   0.08430   0.02334   0.02684   0.07731   0.02091   0.18208   0.02790   0.04531   0.02579   0.03015   0.02108   0.02773   0.03597   0.06736   0.03474   0.01879   0.15550   0.14616   0.16374   0.02178   0.11046   0.18597   0.02547   0.01996   0.02487   0.09569   0.04818   0.03048   0.03751   0.12162   0.13339   0.16836   0.03601   0.08298   0.06644   0.03606   0.19054   0.27138   0.23518   0.36285   0.10478   0.29280   0.50734   0.15836   0.24965   0.04184   0.05769   0.25483   0.05184   0.09324   0.10803   0.07650   0.02803   0.21032   0.14871   0.17775   3.37221   0.41261  
 65 76.1604  16602.570639  x:  0.00574   0.00000   0.00000   0.00352   0.00407   0.03050   0.00797   0.02905   0.34563   0.04642   0.07868   0.10883   0.17369   0.06516   0.12666   0.08371   0.02327   0.02681   0.07769   0.02127   0.18248   0.02802   0.04486   0.02570   0.03004   0.02091   0.02803   0.03598   0.06663   0.03438   0.01956   0.15490   0.14501   0.16365   0.02092   0.10953   0.18643   0.02690   0.01961   0.02481   0.09555   0.04809   0.03031   0.03794   0.12293   0.13348   0.16831   0.03693   0.08309   0.06629   0.03769   0.19109   0.26887   0.23522   0.36201   0.10432   0.29383   0.50817   0.15897   0.24754   0.04202   0.05676   0.25634   0.05221   0.09272   0.10754   0.07635   0.02735   0.20931   0.14894   0.17803   3.37419   0.41392  
 66 53.9633  16602.488929  x:  0.00596   0.00000   0.00000   0.00359   0.00408   0.03016   0.00800   0.02913   0.34500   0.04738   0.07713   0.10985   0.17157   0.06541   0.12682   0.08351   0.02335   0.02687   0.07792   0.02109   0.18229   0.02800   0.04549   0.02561   0.03022   0.02105   0.02774   0.03605   0.06621   0.03372   0.01950   0.15444   0.14445   0.16337   0.02168   0.10852   0.18649   0.02493   0.01986   0.02504   0.09517   0.04837   0.03045   0.03786   0.12416   0.13337   0.16874   0.03690   0.08448   0.06563   0.03739   0.19136   0.26688   0.23549   0.36128   0.10350   0.29504   0.50889   0.15965   0.24536   0.04236   0.05593   0.25760   0.05242   0.09221   0.10752   0.07682   0.02771   0.20825   0.14898   0.17813   3.37546   0.41571  
 67 42.9446  16602.468591  x:  0.00588   0.00000   0.00000   0.00355   0.00407   0.03028   0.00798   0.02910   0.34464   0.04761   0.07680   0.11002   0.17056   0.06575   0.12665   0.08384   0.02334   0.02685   0.07769   0.02123   0.18178   0.02803   0.04527   0.02557   0.03016   0.02104   0.02788   0.03597   0.06657   0.03399   0.01936   0.15449   0.14480   0.16317   0.02185   0.10852   0.18636   0.02559   0.01984   0.02497   0.09499   0.04825   0.03041   0.03775   0.12415   0.13315   0.16913   0.03630   0.08481   0.06545   0.03614   0.19130   0.26626   0.23581   0.36093   0.10286   0.29586   0.50922   0.16008   0.24414   0.04196   0.05632   0.25797   0.05187   0.09226   0.10788   0.07701   0.02794   0.20778   0.14883   0.17797   3.37582   0.41602  
 68 15.8727  16602.456930  x:  0.00596   0.00000   0.00000   0.00353   0.00408   0.03016   0.00797   0.02909   0.34423   0.04744   0.07702   0.10989   0.16985   0.06575   0.12636   0.08415   0.02346   0.02685   0.07746   0.02114   0.18103   0.02796   0.04555   0.02553   0.03026   0.02108   0.02774   0.03603   0.06665   0.03394   0.01932   0.15482   0.14553   0.16296   0.02175   0.10888   0.18605   0.02540   0.01982   0.02502   0.09501   0.04815   0.03048   0.03786   0.12365   0.13296   0.16959   0.03655   0.08457   0.06549   0.03677   0.19127   0.26618   0.23627   0.36060   0.10210   0.29693   0.50956   0.16061   0.24290   0.04197   0.05680   0.25809   0.05147   0.09249   0.10824   0.07713   0.02781   0.20753   0.14860   0.17761   3.37611   0.41566  
 69  9.0887  16602.450850  x:  0.00586   0.00000   0.00000   0.00355   0.00407   0.03034   0.00798   0.02906   0.34397   0.04730   0.07739   0.10978   0.16976   0.06561   0.12630   0.08401   0.02330   0.02687   0.07760   0.02133   0.18067   0.02807   0.04521   0.02554   0.03016   0.02107   0.02791   0.03593   0.06641   0.03391   0.01937   0.15507   0.14580   0.16288   0.02176   0.10899   0.18587   0.02531   0.01983   0.02499   0.09511   0.04837   0.03043   0.03761   0.12347   0.13296   0.16971   0.03651   0.08444   0.06550   0.03684   0.19119   0.26640   0.23660   0.36041   0.10168   0.29771   0.50979   0.16098   0.24223   0.04207   0.05630   0.25800   0.05180   0.09247   0.10817   0.07720   0.02809   0.20763   0.14858   0.17741   3.37629   0.41546  
 70  6.2677  16602.443014  x:  0.00597   0.00000   0.00000   0.00358   0.00408   0.03021   0.00799   0.02908   0.34365   0.04727   0.07784   0.10969   0.16998   0.06550   0.12635   0.08371   0.02336   0.02685   0.07784   0.02114   0.18048   0.02804   0.04552   0.02554   0.03025   0.02110   0.02771   0.03600   0.06627   0.03391   0.01936   0.15531   0.14574   0.16290   0.02185   0.10892   0.18576   0.02565   0.01981   0.02499   0.09521   0.04835   0.03048   0.03808   0.12352   0.13308   0.16956   0.03641   0.08446   0.06547   0.03649   0.19106   0.26681   0.23695   0.36017   0.10129   0.29870   0.51005   0.16140   0.24159   0.04224   0.05591   0.25775   0.05213   0.09232   0.10782   0.07706   0.02778   0.20797   0.14869   0.17720   3.37653   0.41547  
 71  5.9821  16602.422103  x:  0.00594   0.00000   0.00000   0.00357   0.00407   0.03022   0.00799   0.02907   0.34291   0.04755   0.07827   0.10967   0.17083   0.06576   0.12654   0.08351   0.02321   0.02691   0.07788   0.02119   0.18072   0.02802   0.04529   0.02556   0.03018   0.02108   0.02783   0.03598   0.06669   0.03389   0.01938   0.15552   0.14495   0.16315   0.02191   0.10851   0.18573   0.02541   0.01985   0.02500   0.09519   0.04778   0.03048   0.03742   0.12404   0.13336   0.16875   0.03653   0.08465   0.06532   0.03664   0.19092   0.26763   0.23743   0.35952   0.10071   0.30063   0.51048   0.16207   0.24065   0.04192   0.05668   0.25695   0.05180   0.09213   0.10723   0.07645   0.02734   0.20893   0.14917   0.17707   3.37711   0.41590  
 72  6.7514  16602.387768  x:  0.00585   0.00000   0.00000   0.00361   0.00408   0.03032   0.00801   0.02902   0.34204   0.04768   0.07780   0.10976   0.17164   0.06587   0.12653   0.08404   0.02333   0.02686   0.07741   0.02137   0.18134   0.02806   0.04534   0.02540   0.03021   0.02107   0.02790   0.03584   0.06677   0.03395   0.01944   0.15544   0.14406   0.16342   0.02183   0.10831   0.18588   0.02549   0.01983   0.02503   0.09504   0.04850   0.03039   0.03852   0.12449   0.13337   0.16784   0.03661   0.08461   0.06543   0.03708   0.19091   0.26813   0.23751   0.35863   0.10016   0.30240   0.51079   0.16241   0.24014   0.04164   0.05731   0.25587   0.05157   0.09241   0.10760   0.07653   0.02887   0.20986   0.14967   0.17735   3.37805   0.41626  
 73  9.3791  16602.239248  x:  0.00602   0.00000   0.00000   0.00374   0.00409   0.03006   0.00804   0.02891   0.33964   0.04767   0.07506   0.11032   0.17268   0.06530   0.12579   0.08583   0.02328   0.02696   0.07626   0.02092   0.18325   0.02804   0.04592   0.02529   0.03044   0.02111   0.02767   0.03622   0.06573   0.03409   0.02005   0.15451   0.14282   0.16387   0.02190   0.10891   0.18659   0.02601   0.01983   0.02517   0.09452   0.04981   0.03066   0.03695   0.12423   0.13260   0.16631   0.03653   0.08386   0.06604   0.03676   0.19113   0.26774   0.23635   0.35592   0.09911   0.30589   0.51125   0.16208   0.24022   0.04132   0.05603   0.25302   0.05170   0.09378   0.11020   0.07809   0.02700   0.21091   0.14962   0.17847   3.38188   0.41609  
 74 12.8472  16601.911709  x:  0.00523   0.00000   0.00000   0.00396   0.00405   0.03094   0.00806   0.02867   0.33644   0.04841   0.07331   0.11169   0.17252   0.06468   0.12524   0.08536   0.02120   0.02709   0.07709   0.02188   0.18537   0.02879   0.04449   0.02547   0.03002   0.02070   0.02834   0.03554   0.06604   0.03365   0.01861   0.15265   0.14293   0.16399   0.02063   0.11018   0.18753   0.02429   0.01998   0.02540   0.09461   0.04642   0.03008   0.03978   0.12222   0.13194   0.16612   0.03678   0.08334   0.06558   0.03592   0.19175   0.26479   0.23359   0.35214   0.09865   0.30955   0.51200   0.16062   0.24135   0.04204   0.05573   0.25018   0.05198   0.09360   0.11132   0.07909   0.02514   0.21034   0.14837   0.17993   3.39030   0.41520  
 75 28.6878  16601.062935  x:  0.00522   0.00000   0.00000   0.00475   0.00410   0.03023   0.00837   0.02776   0.33113   0.05037   0.07481   0.11466   0.17039   0.06535   0.12583   0.08103   0.02201   0.02721   0.08036   0.02180   0.18799   0.02873   0.04706   0.02373   0.03111   0.02075   0.02837   0.03601   0.06783   0.03348   0.02192   0.14959   0.14522   0.16401   0.02066   0.11261   0.18931   0.02645   0.01930   0.02605   0.09627   0.04414   0.03089   0.03780   0.11883   0.13216   0.16825   0.03925   0.08323   0.06423   0.03660   0.19343   0.25604   0.22735   0.34567   0.09937   0.31464   0.51428   0.15735   0.24398   0.03862   0.05656   0.24781   0.05197   0.09067   0.10849   0.07772   0.02898   0.20670   0.14583   0.18206   3.41279   0.41432  
 76 72.8103  16600.256449  x:  0.00467   0.00000   0.00000   0.00530   0.00407   0.03045   0.00844   0.02717   0.32935   0.04867   0.07847   0.11560   0.16814   0.06556   0.12816   0.08032   0.01946   0.02780   0.07965   0.02191   0.18813   0.02943   0.04662   0.02349   0.03110   0.02044   0.02893   0.03576   0.06716   0.03470   0.02168   0.14867   0.14556   0.16414   0.01969   0.11241   0.18991   0.02602   0.01942   0.02604   0.09718   0.05266   0.03062   0.03909   0.11956   0.13427   0.16994   0.03733   0.08283   0.06492   0.03787   0.19444   0.24829   0.22450   0.34360   0.10078   0.31509   0.51749   0.15649   0.24425   0.03549   0.06003   0.25141   0.05050   0.09024   0.10476   0.07343   0.02522   0.20271   0.14552   0.18189   3.43452   0.41566  
 77 94.0583  16599.304023  x:  0.00408   0.00000   0.00000   0.00624   0.00410   0.03109   0.00876   0.02612   0.33217   0.04213   0.08065   0.11368   0.16688   0.06440   0.13121   0.08552   0.01784   0.02815   0.07488   0.02227   0.18622   0.03048   0.04708   0.02240   0.03165   0.02061   0.02919   0.03555   0.06439   0.03381   0.02342   0.15095   0.14181   0.16467   0.01971   0.10968   0.18960   0.02684   0.01923   0.02675   0.09525   0.04671   0.03097   0.03959   0.12287   0.13727   0.16887   0.03900   0.08092   0.06617   0.03769   0.19437   0.24202   0.22633   0.34722   0.10236   0.30931   0.52294   0.15969   0.23986   0.03308   0.05952   0.26345   0.05158   0.09430   0.10516   0.07126   0.02556   0.20042   0.14993   0.18025   3.46041   0.41795  
 78 82.0878  16598.942659  x:  0.00386   0.00000   0.00000   0.00658   0.00411   0.03130   0.00885   0.02582   0.33524   0.04325   0.07751   0.11317   0.16707   0.06454   0.12944   0.08355   0.01703   0.02842   0.07788   0.02242   0.18660   0.03056   0.04721   0.02210   0.03184   0.02068   0.02933   0.03538   0.06817   0.03388   0.02404   0.15250   0.13894   0.16522   0.01940   0.11036   0.18969   0.02727   0.01917   0.02702   0.09592   0.04793   0.03110   0.03985   0.12209   0.13583   0.16513   0.03933   0.08008   0.06327   0.03855   0.19397   0.24147   0.22929   0.35121   0.10314   0.30371   0.52568   0.16303   0.23410   0.03297   0.05857   0.27083   0.04939   0.09317   0.10766   0.07326   0.02483   0.20271   0.15235   0.18010   3.47075   0.41471  
 79 52.9746  16598.883932  x:  0.00378   0.00000   0.00000   0.00660   0.00410   0.03127   0.00885   0.02578   0.33568   0.04411   0.07645   0.11416   0.16704   0.06502   0.12829   0.08273   0.01703   0.02841   0.07769   0.02259   0.18734   0.03071   0.04724   0.02200   0.03183   0.02060   0.02936   0.03545   0.06572   0.03378   0.02398   0.15253   0.13911   0.16531   0.01947   0.11115   0.18984   0.02717   0.01922   0.02707   0.09636   0.04771   0.03107   0.03986   0.12104   0.13510   0.16406   0.03926   0.08055   0.06477   0.03826   0.19394   0.24173   0.22994   0.35230   0.10362   0.30181   0.52617   0.16400   0.23190   0.03247   0.05948   0.27179   0.04912   0.09232   0.10721   0.07301   0.02490   0.20418   0.15197   0.18030   3.47245   0.41417  
 80 25.1513  16598.869048  x:  0.00378   0.00000   0.00000   0.00660   0.00410   0.03130   0.00885   0.02575   0.33539   0.04383   0.07624   0.11521   0.16680   0.06495   0.12790   0.08323   0.01701   0.02842   0.07720   0.02259   0.18800   0.03069   0.04728   0.02197   0.03187   0.02062   0.02935   0.03543   0.06624   0.03378   0.02394   0.15228   0.13984   0.16531   0.01938   0.11145   0.18996   0.02716   0.01921   0.02708   0.09636   0.04779   0.03109   0.03984   0.12074   0.13499   0.16398   0.03931   0.08037   0.06423   0.03825   0.19404   0.24205   0.22999   0.35282   0.10410   0.30050   0.52626   0.16459   0.23047   0.03249   0.05938   0.27125   0.04977   0.09246   0.10657   0.07251   0.02488   0.20521   0.15110   0.18047   3.47284   0.41481  
 81  9.6839  16598.864589  x:  0.00377   0.00000   0.00000   0.00661   0.00411   0.03131   0.00886   0.02574   0.33497   0.04372   0.07643   0.11529   0.16660   0.06484   0.12821   0.08322   0.01700   0.02841   0.07763   0.02257   0.18812   0.03070   0.04728   0.02197   0.03187   0.02061   0.02936   0.03543   0.06627   0.03376   0.02397   0.15216   0.13993   0.16526   0.01937   0.11123   0.18994   0.02717   0.01921   0.02708   0.09622   0.04775   0.03109   0.03985   0.12103   0.13522   0.16427   0.03930   0.08053   0.06456   0.03827   0.19410   0.24219   0.22976   0.35302   0.10443   0.29971   0.52621   0.16499   0.22969   0.03255   0.05918   0.27044   0.04928   0.09270   0.10677   0.07257   0.02491   0.20547   0.15085   0.18055   3.47296   0.41475  
 82  4.3189  16598.861408  x:  0.00378   0.00000   0.00000   0.00660   0.00410   0.03130   0.00886   0.02575   0.33457   0.04390   0.07654   0.11499   0.16653   0.06486   0.12848   0.08298   0.01701   0.02842   0.07745   0.02257   0.18805   0.03070   0.04727   0.02195   0.03187   0.02062   0.02937   0.03545   0.06612   0.03380   0.02396   0.15211   0.13974   0.16524   0.01940   0.11112   0.18993   0.02717   0.01920   0.02708   0.09621   0.04776   0.03109   0.03985   0.12115   0.13536   0.16450   0.03932   0.08036   0.06431   0.03823   0.19411   0.24221   0.22953   0.35314   0.10467   0.29912   0.52614   0.16533   0.22916   0.03242   0.05948   0.26978   0.04961   0.09263   0.10694   0.07294   0.02484   0.20533   0.15095   0.18057   3.47306   0.41459  
 83  3.4422  16598.854270  x:  0.00378   0.00000   0.00000   0.00660   0.00410   0.03130   0.00886   0.02573   0.33401   0.04398   0.07624   0.11426   0.16683   0.06470   0.12850   0.08320   0.01702   0.02841   0.07702   0.02256   0.18772   0.03070   0.04730   0.02192   0.03187   0.02062   0.02938   0.03543   0.06632   0.03376   0.02398   0.15209   0.13932   0.16527   0.01935   0.11145   0.18998   0.02715   0.01920   0.02709   0.09641   0.04777   0.03110   0.03985   0.12066   0.13516   0.16451   0.03927   0.08059   0.06446   0.03825   0.19408   0.24217   0.22934   0.35331   0.10487   0.29850   0.52609   0.16589   0.22874   0.03257   0.05916   0.26893   0.04946   0.09204   0.10665   0.07262   0.02488   0.20446   0.15145   0.18049   3.47336   0.41477  
 84  2.1073  16598.819105  x:  0.00380   0.00000   0.00000   0.00656   0.00410   0.03127   0.00886   0.02575   0.33310   0.04419   0.07610   0.11436   0.16827   0.06488   0.12787   0.08368   0.01708   0.02841   0.07905   0.02259   0.18730   0.03070   0.04737   0.02172   0.03190   0.02067   0.02942   0.03546   0.06575   0.03372   0.02385   0.15214   0.13945   0.16549   0.01936   0.11200   0.19028   0.02708   0.01924   0.02713   0.09617   0.04787   0.03112   0.03980   0.12014   0.13461   0.16378   0.03925   0.08029   0.06410   0.03812   0.19392   0.24204   0.22949   0.35396   0.10514   0.29796   0.52618   0.16680   0.22847   0.03241   0.05967   0.26814   0.05002   0.09343   0.10663   0.07189   0.02497   0.20210   0.15217   0.18053   3.47510   0.41565  
 85  2.6551  16598.518145  x:  0.00388   0.00000   0.00000   0.00657   0.00413   0.03151   0.00906   0.02583   0.33003   0.04345   0.07734   0.11872   0.17314   0.06443   0.12533   0.07945   0.01720   0.02848   0.07539   0.02256   0.18719   0.03068   0.04763   0.02023   0.03211   0.02096   0.02976   0.03535   0.06655   0.03347   0.02354   0.15318   0.14257   0.16602   0.01934   0.11087   0.19090   0.02694   0.01940   0.02735   0.09505   0.04789   0.03127   0.03987   0.12233   0.13464   0.16114   0.03920   0.08152   0.06423   0.03808   0.19323   0.24233   0.23027   0.35745   0.10517   0.29794   0.52690   0.16816   0.22942   0.03295   0.05867   0.26728   0.04887   0.09509   0.10735   0.07310   0.02514   0.19635   0.15235   0.18153   3.49024   0.41460  
 86  8.2758  16596.996690  x:  0.00451   0.00000   0.00000   0.00665   0.00428   0.03192   0.01006   0.02663   0.32253   0.04271   0.07825   0.12257   0.17697   0.06454   0.12658   0.08983   0.01778   0.02872   0.07896   0.02125   0.18728   0.03059   0.04858   0.01295   0.03283   0.02213   0.03190   0.03560   0.06612   0.03365   0.02295   0.15817   0.14551   0.16543   0.01974   0.10834   0.18923   0.02597   0.01993   0.02779   0.09759   0.04837   0.03186   0.04006   0.12451   0.13709   0.16042   0.03959   0.08144   0.06556   0.03682   0.19181   0.24497   0.22806   0.36674   0.10294   0.29901   0.52887   0.16590   0.23548   0.03356   0.05962   0.26780   0.05023   0.08438   0.10677   0.07893   0.02466   0.19846   0.15161   0.18168   3.56588   0.41277  
 87 49.0751  16595.786593  x:  0.00489   0.00000   0.00000   0.00669   0.00438   0.03207   0.01080   0.02713   0.32155   0.04388   0.07792   0.11714   0.17410   0.06452   0.12811   0.08401   0.01830   0.02887   0.07794   0.02043   0.18588   0.03048   0.04943   0.00741   0.03334   0.02284   0.03362   0.03579   0.06673   0.03349   0.02270   0.15932   0.14205   0.16446   0.01972   0.11151   0.18733   0.02503   0.02010   0.02834   0.09717   0.04911   0.03223   0.04017   0.11987   0.13604   0.16275   0.03962   0.08310   0.06605   0.03559   0.19192   0.24694   0.22440   0.36795   0.10210   0.29890   0.52989   0.16256   0.23923   0.03494   0.05892   0.26830   0.05129   0.09152   0.10820   0.07562   0.02484   0.20798   0.15241   0.17910   3.62309   0.41799  
 88 148.1476  16595.679175  x:  0.00488   0.00000   0.00000   0.00664   0.00439   0.03214   0.01085   0.02717   0.32721   0.04212   0.08007   0.11686   0.17445   0.06524   0.12676   0.08441   0.01844   0.02886   0.07814   0.02045   0.18456   0.03046   0.04964   0.00684   0.03345   0.02294   0.03373   0.03576   0.06655   0.03333   0.02265   0.15698   0.14186   0.16490   0.01951   0.11191   0.18802   0.02481   0.02016   0.02859   0.09454   0.04925   0.03228   0.04017   0.12064   0.13441   0.16150   0.03952   0.08324   0.06584   0.03541   0.19244   0.24715   0.22407   0.36116   0.10356   0.29756   0.52994   0.16316   0.23763   0.03510   0.05879   0.26710   0.05128   0.09053   0.10755   0.07627   0.02485   0.20783   0.15275   0.17901   3.62843   0.41720  
 89 19.6105  16595.652585  x:  0.00488   0.00000   0.00000   0.00665   0.00439   0.03218   0.01087   0.02716   0.32999   0.04268   0.08013   0.11740   0.17513   0.06429   0.12706   0.08458   0.01842   0.02887   0.07804   0.02044   0.18461   0.03047   0.04962   0.00671   0.03345   0.02299   0.03378   0.03577   0.06660   0.03336   0.02260   0.15774   0.14234   0.16491   0.01970   0.11157   0.18813   0.02484   0.02020   0.02848   0.09653   0.04916   0.03231   0.04016   0.12054   0.13513   0.16148   0.03951   0.08326   0.06594   0.03539   0.19241   0.24739   0.22398   0.35806   0.10369   0.29681   0.52996   0.16379   0.23700   0.03505   0.05887   0.26662   0.05119   0.09080   0.10800   0.07647   0.02483   0.20726   0.15276   0.17920   3.62972   0.41774  
 90 13.6923  16595.649408  x:  0.00488   0.00000   0.00000   0.00666   0.00439   0.03217   0.01088   0.02717   0.33041   0.04243   0.07962   0.11754   0.17536   0.06478   0.12740   0.08442   0.01840   0.02888   0.07808   0.02038   0.18487   0.03047   0.04960   0.00671   0.03345   0.02298   0.03378   0.03577   0.06662   0.03339   0.02260   0.15832   0.14241   0.16480   0.01962   0.11153   0.18797   0.02485   0.02018   0.02848   0.09626   0.04919   0.03230   0.04017   0.12040   0.13541   0.16176   0.03955   0.08325   0.06597   0.03541   0.19225   0.24749   0.22395   0.35755   0.10335   0.29661   0.52996   0.16399   0.23697   0.03507   0.05886   0.26649   0.05130   0.09074   0.10797   0.07632   0.02482   0.20706   0.15268   0.17924   3.62987   0.41766  
 91  4.3737  16595.648030  x:  0.00488   0.00000   0.00000   0.00666   0.00439   0.03217   0.01088   0.02717   0.33052   0.04278   0.07969   0.11762   0.17540   0.06443   0.12740   0.08450   0.01839   0.02888   0.07806   0.02038   0.18511   0.03047   0.04958   0.00671   0.03344   0.02298   0.03379   0.03578   0.06665   0.03341   0.02260   0.15852   0.14228   0.16471   0.01968   0.11160   0.18779   0.02488   0.02016   0.02850   0.09585   0.04921   0.03229   0.04017   0.12041   0.13534   0.16195   0.03957   0.08325   0.06600   0.03542   0.19211   0.24750   0.22393   0.35744   0.10317   0.29653   0.52994   0.16408   0.23700   0.03506   0.05889   0.26650   0.05133   0.09075   0.10786   0.07625   0.02483   0.20698   0.15263   0.17926   3.62989   0.41755  
 92  1.1709  16595.628067  x:  0.00489   0.00000   0.00000   0.00666   0.00439   0.03213   0.01088   0.02722   0.33067   0.04219   0.08072   0.11766   0.17521   0.06484   0.12664   0.08442   0.01829   0.02887   0.07811   0.02027   0.18667   0.03044   0.04954   0.00675   0.03339   0.02294   0.03375   0.03578   0.06659   0.03337   0.02261   0.15799   0.14117   0.16434   0.01960   0.11212   0.18632   0.02492   0.02015   0.02846   0.09680   0.04911   0.03228   0.04016   0.12095   0.13430   0.16267   0.03956   0.08326   0.06596   0.03549   0.19095   0.24747   0.22395   0.35718   0.10196   0.29603   0.52982   0.16462   0.23731   0.03507   0.05886   0.26644   0.05122   0.09087   0.10785   0.07656   0.02484   0.20665   0.15245   0.17933   3.62981   0.41789  
 93  0.7360  16595.171485  x:  0.00496   0.00000   0.00000   0.00656   0.00435   0.03142   0.01088   0.02804   0.33320   0.04379   0.08180   0.11349   0.17137   0.06513   0.12537   0.08372   0.01606   0.02880   0.07793   0.01799   0.18828   0.03026   0.04868   0.00770   0.03236   0.02197   0.03330   0.03580   0.06643   0.03294   0.02221   0.15277   0.14462   0.16613   0.01991   0.10805   0.18294   0.02556   0.02013   0.02812   0.09514   0.04933   0.03196   0.03987   0.11691   0.13768   0.15836   0.03911   0.08338   0.06564   0.03644   0.18737   0.24770   0.22333   0.35373   0.09996   0.29451   0.52682   0.16505   0.23843   0.03543   0.05847   0.26508   0.05164   0.09095   0.10954   0.07499   0.02523   0.20801   0.15369   0.17707   3.62773   0.41932  
 94  1.7985  16594.686747  x:  0.00504   0.00000   0.00000   0.00660   0.00431   0.03084   0.01094   0.02889   0.33631   0.04451   0.07975   0.11311   0.17082   0.06566   0.12592   0.08294   0.01336   0.02874   0.07773   0.01519   0.18312   0.03014   0.04741   0.00890   0.03117   0.02103   0.03282   0.03582   0.06676   0.03357   0.02205   0.15557   0.14297   0.16529   0.01986   0.11332   0.18640   0.02544   0.01997   0.02774   0.09587   0.04878   0.03156   0.03978   0.12152   0.13429   0.16140   0.03917   0.08321   0.06606   0.03635   0.19088   0.24980   0.22316   0.35077   0.10287   0.29518   0.52379   0.16239   0.23789   0.03578   0.05840   0.26337   0.05157   0.09313   0.10704   0.07567   0.02551   0.21026   0.15296   0.17674   3.62560   0.41990  
 95 21.0860  16594.665579  x:  0.00505   0.00000   0.00000   0.00660   0.00431   0.03081   0.01094   0.02893   0.33646   0.04436   0.08026   0.11375   0.17135   0.06585   0.12495   0.08295   0.01324   0.02875   0.07771   0.01509   0.18260   0.03012   0.04736   0.00896   0.03113   0.02099   0.03281   0.03582   0.06681   0.03359   0.02214   0.15589   0.14149   0.16469   0.01992   0.11152   0.18676   0.02552   0.01998   0.02771   0.09583   0.04884   0.03155   0.03978   0.12025   0.13380   0.16257   0.03906   0.08314   0.06612   0.03640   0.19204   0.25007   0.22335   0.35076   0.10317   0.29528   0.52370   0.16182   0.23758   0.03578   0.05839   0.26330   0.05170   0.09292   0.10770   0.07521   0.02552   0.21022   0.15245   0.17705   3.62551   0.41998  
 96 10.8036  16594.664776  x:  0.00505   0.00000   0.00000   0.00660   0.00431   0.03081   0.01094   0.02893   0.33645   0.04437   0.08031   0.11362   0.17144   0.06586   0.12476   0.08297   0.01325   0.02875   0.07772   0.01510   0.18266   0.03012   0.04736   0.00895   0.03112   0.02099   0.03280   0.03581   0.06680   0.03359   0.02214   0.15585   0.14146   0.16453   0.01991   0.11165   0.18661   0.02552   0.01998   0.02770   0.09581   0.04885   0.03155   0.03978   0.12027   0.13414   0.16251   0.03906   0.08316   0.06609   0.03636   0.19249   0.25008   0.22338   0.35076   0.10292   0.29518   0.52367   0.16157   0.23743   0.03579   0.05838   0.26331   0.05167   0.09296   0.10761   0.07527   0.02552   0.21017   0.15248   0.17722   3.62549   0.42000  
 97  1.0262  16594.659224  x:  0.00505   0.00000   0.00000   0.00660   0.00431   0.03080   0.01094   0.02892   0.33640   0.04439   0.08046   0.11352   0.17163   0.06574   0.12559   0.08289   0.01324   0.02875   0.07769   0.01503   0.18291   0.03012   0.04732   0.00893   0.03110   0.02098   0.03278   0.03580   0.06680   0.03358   0.02212   0.15582   0.14191   0.16464   0.01994   0.11154   0.18617   0.02555   0.01999   0.02771   0.09585   0.04882   0.03154   0.03978   0.12042   0.13321   0.16219   0.03905   0.08314   0.06609   0.03631   0.19339   0.25010   0.22347   0.35083   0.10238   0.29499   0.52359   0.16106   0.23714   0.03577   0.05840   0.26333   0.05179   0.09273   0.10803   0.07487   0.02552   0.21004   0.15259   0.17728   3.62517   0.42004  
 98  0.3765  16594.348771  x:  0.00444   0.00000   0.00000   0.00657   0.00421   0.03047   0.01082   0.02839   0.33527   0.04505   0.07797   0.11381   0.17025   0.06627   0.12542   0.08350   0.01392   0.02849   0.07764   0.01360   0.18412   0.02961   0.04568   0.00722   0.02973   0.02008   0.03181   0.03562   0.06690   0.03384   0.02232   0.15579   0.14236   0.16861   0.02029   0.10869   0.18485   0.02633   0.01978   0.02693   0.09627   0.04852   0.03109   0.03970   0.11950   0.13211   0.16421   0.03882   0.08256   0.06594   0.03706   0.19473   0.24978   0.22442   0.35372   0.10229   0.29610   0.52160   0.16058   0.23670   0.03570   0.05866   0.26351   0.05037   0.09473   0.10372   0.07812   0.02554   0.20891   0.15309   0.17532   3.60756   0.41937  
 99  0.9555  16594.188950  x:  0.00416   0.00000   0.00000   0.00655   0.00416   0.03020   0.01075   0.02812   0.33471   0.04581   0.07768   0.11396   0.16924   0.06665   0.12404   0.08348   0.01429   0.02833   0.07765   0.01289   0.18329   0.02932   0.04488   0.00633   0.02901   0.01955   0.03131   0.03551   0.06699   0.03429   0.02259   0.15549   0.14206   0.16599   0.02024   0.11049   0.18592   0.02646   0.01964   0.02649   0.09612   0.04818   0.03083   0.03966   0.12190   0.13404   0.16407   0.03870   0.08233   0.06577   0.03757   0.19325   0.24947   0.22482   0.35531   0.10249   0.29670   0.52063   0.16114   0.23697   0.03572   0.05876   0.26358   0.05138   0.09259   0.10771   0.07452   0.02565   0.20859   0.15178   0.17580   3.59828   0.41935  
100 26.8135  16594.181182  x:  0.00414   0.00000   0.00000   0.00656   0.00416   0.03020   0.01075   0.02811   0.33466   0.04581   0.07769   0.11371   0.16911   0.06663   0.12447   0.08350   0.01431   0.02832   0.07762   0.01283   0.18282   0.02930   0.04484   0.00629   0.02897   0.01952   0.03129   0.03551   0.06701   0.03441   0.02268   0.15538   0.14220   0.16445   0.02026   0.11008   0.18639   0.02646   0.01966   0.02649   0.09617   0.04817   0.03082   0.03966   0.12172   0.13364   0.16350   0.03870   0.08229   0.06578   0.03769   0.19262   0.24948   0.22481   0.35538   0.10210   0.29660   0.52056   0.16124   0.23706   0.03569   0.05879   0.26361   0.05130   0.09283   0.10723   0.07469   0.02560   0.20870   0.15168   0.17702   3.59780   0.41938  
101  6.2524  16594.181036  x:  0.00414   0.00000   0.00000   0.00656   0.00416   0.03019   0.01075   0.02811   0.33466   0.04581   0.07770   0.11375   0.16912   0.06663   0.12446   0.08349   0.01431   0.02832   0.07762   0.01283   0.18274   0.02930   0.04484   0.00629   0.02897   0.01952   0.03129   0.03550   0.06701   0.03440   0.02268   0.15534   0.14223   0.16460   0.02026   0.11009   0.18643   0.02646   0.01966   0.02649   0.09617   0.04817   0.03082   0.03966   0.12172   0.13365   0.16360   0.03869   0.08229   0.06578   0.03769   0.19254   0.24947   0.22481   0.35538   0.10200   0.29656   0.52055   0.16119   0.23703   0.03569   0.05879   0.26361   0.05131   0.09282   0.10725   0.07465   0.02558   0.20875   0.15179   0.17722   3.59776   0.41938  
102  0.3380  16594.165690  x:  0.00410   0.00000   0.00000   0.00652   0.00415   0.03020   0.01069   0.02797   0.33481   0.04559   0.07800   0.11314   0.16925   0.06645   0.12467   0.08350   0.01429   0.02831   0.07762   0.01294   0.18246   0.02929   0.04480   0.00636   0.02892   0.01961   0.03123   0.03553   0.06697   0.03437   0.02266   0.15597   0.14143   0.16581   0.02035   0.11025   0.18652   0.02641   0.01968   0.02648   0.09613   0.04820   0.03083   0.03967   0.12165   0.13374   0.16272   0.03876   0.08231   0.06574   0.03762   0.19172   0.24919   0.22510   0.35507   0.10212   0.29646   0.52060   0.16036   0.23621   0.03576   0.05880   0.26377   0.05127   0.09282   0.10725   0.07467   0.02569   0.20823   0.14976   0.17791   3.59116   0.41929  
103  0.0967  16594.095384  x:  0.00388   0.00000   0.00000   0.00639   0.00412   0.03023   0.01046   0.02739   0.33586   0.04473   0.07799   0.11381   0.17019   0.06583   0.12519   0.08354   0.01413   0.02825   0.07764   0.01344   0.18363   0.02917   0.04455   0.00672   0.02864   0.01994   0.03093   0.03567   0.06691   0.03464   0.02298   0.15445   0.14187   0.16422   0.02068   0.11086   0.18750   0.02621   0.01965   0.02636   0.09602   0.04835   0.03083   0.03978   0.12138   0.13397   0.16372   0.03912   0.08237   0.06582   0.03705   0.19221   0.24896   0.22667   0.35384   0.10369   0.29687   0.52125   0.16148   0.23511   0.03598   0.05901   0.26460   0.05121   0.09270   0.10751   0.07462   0.02551   0.20795   0.15145   0.17794   3.56096   0.41807  
104 13.3587  16594.093555  x:  0.00387   0.00000   0.00000   0.00639   0.00412   0.03022   0.01045   0.02738   0.33587   0.04476   0.07809   0.11380   0.16995   0.06586   0.12519   0.08355   0.01413   0.02825   0.07763   0.01345   0.18353   0.02917   0.04455   0.00673   0.02863   0.01994   0.03092   0.03567   0.06691   0.03464   0.02299   0.15447   0.14178   0.16448   0.02068   0.11088   0.18770   0.02619   0.01965   0.02636   0.09602   0.04835   0.03082   0.03979   0.12137   0.13398   0.16362   0.03913   0.08236   0.06584   0.03699   0.19280   0.24900   0.22663   0.35380   0.10339   0.29680   0.52130   0.16236   0.23558   0.03598   0.05902   0.26466   0.05123   0.09271   0.10752   0.07459   0.02551   0.20800   0.15121   0.17817   3.56017   0.41799  
105  3.1138  16594.093044  x:  0.00387   0.00000   0.00000   0.00639   0.00412   0.03022   0.01045   0.02739   0.33587   0.04475   0.07802   0.11385   0.16992   0.06587   0.12520   0.08355   0.01412   0.02825   0.07763   0.01344   0.18341   0.02918   0.04457   0.00672   0.02864   0.01994   0.03093   0.03567   0.06692   0.03465   0.02299   0.15449   0.14178   0.16449   0.02068   0.11089   0.18721   0.02621   0.01965   0.02637   0.09602   0.04836   0.03082   0.03979   0.12137   0.13398   0.16359   0.03914   0.08237   0.06584   0.03698   0.19284   0.24900   0.22663   0.35380   0.10370   0.29690   0.52132   0.16245   0.23562   0.03598   0.05901   0.26467   0.05124   0.09271   0.10752   0.07455   0.02549   0.20801   0.15124   0.17844   3.55983   0.41797  
106  0.0196  16594.081244  x:  0.00399   0.00000   0.00000   0.00633   0.00413   0.03010   0.01039   0.02766   0.33531   0.04462   0.07835   0.11382   0.17019   0.06588   0.12542   0.08359   0.01383   0.02824   0.07761   0.01314   0.18383   0.02931   0.04504   0.00640   0.02882   0.01999   0.03115   0.03570   0.06696   0.03468   0.02291   0.15459   0.14173   0.16466   0.02076   0.11095   0.18759   0.02613   0.01965   0.02655   0.09601   0.04844   0.03088   0.03981   0.12109   0.13411   0.16350   0.03927   0.08244   0.06593   0.03693   0.19275   0.24885   0.22690   0.35372   0.10355   0.29655   0.52133   0.16249   0.23562   0.03589   0.05887   0.26493   0.05123   0.09270   0.10746   0.07474   0.02550   0.20798   0.15141   0.17819   3.55214   0.41776  
107  0.6972  16594.079164  x:  0.00394   0.00000   0.00000   0.00630   0.00415   0.03010   0.01038   0.02772   0.33531   0.04472   0.07841   0.11378   0.17009   0.06599   0.12538   0.08356   0.01399   0.02823   0.07758   0.01307   0.18364   0.02932   0.04527   0.00647   0.02888   0.01985   0.03126   0.03567   0.06699   0.03467   0.02293   0.15478   0.14168   0.16459   0.02067   0.11095   0.18756   0.02611   0.01966   0.02661   0.09601   0.04843   0.03088   0.03981   0.12114   0.13403   0.16352   0.03920   0.08246   0.06592   0.03698   0.19276   0.24892   0.22692   0.35348   0.10359   0.29630   0.52087   0.16238   0.23573   0.03590   0.05881   0.26488   0.05126   0.09276   0.10748   0.07471   0.02548   0.20816   0.15151   0.17810   3.54897   0.41776  
108  0.0043  16594.078853  x:  0.00392   0.00000   0.00000   0.00629   0.00416   0.03014   0.01038   0.02766   0.33525   0.04480   0.07837   0.11377   0.17002   0.06602   0.12535   0.08356   0.01393   0.02825   0.07759   0.01314   0.18359   0.02935   0.04526   0.00646   0.02889   0.01986   0.03130   0.03565   0.06698   0.03463   0.02292   0.15479   0.14171   0.16456   0.02060   0.11091   0.18751   0.02612   0.01967   0.02662   0.09602   0.04842   0.03088   0.03980   0.12118   0.13403   0.16354   0.03916   0.08246   0.06592   0.03702   0.19275   0.24896   0.22701   0.35354   0.10352   0.29629   0.52067   0.16233   0.23584   0.03589   0.05883   0.26480   0.05126   0.09276   0.10748   0.07471   0.02549   0.20818   0.15149   0.17806   3.54851   0.41778  
109  0.0007  16594.078814  x:  0.00394   0.00000   0.00000   0.00629   0.00417   0.03016   0.01038   0.02765   0.33526   0.04480   0.07835   0.11378   0.17000   0.06602   0.12535   0.08356   0.01394   0.02826   0.07760   0.01312   0.18359   0.02936   0.04525   0.00646   0.02889   0.01987   0.03131   0.03565   0.06698   0.03463   0.02292   0.15477   0.14171   0.16456   0.02060   0.11090   0.18751   0.02613   0.01967   0.02662   0.09602   0.04842   0.03088   0.03980   0.12120   0.13403   0.16354   0.03917   0.08244   0.06593   0.03701   0.19275   0.24893   0.22704   0.35354   0.10351   0.29630   0.52063   0.16233   0.23583   0.03587   0.05883   0.26479   0.05126   0.09276   0.10748   0.07470   0.02549   0.20818   0.15148   0.17806   3.54837   0.41777  
110  0.0002  16594.078792  x:  0.00392   0.00000   0.00000   0.00628   0.00418   0.03017   0.01038   0.02767   0.33527   0.04480   0.07835   0.11379   0.17001   0.06602   0.12535   0.08357   0.01394   0.02825   0.07760   0.01312   0.18360   0.02935   0.04524   0.00646   0.02889   0.01987   0.03130   0.03565   0.06698   0.03462   0.02291   0.15477   0.14171   0.16457   0.02060   0.11090   0.18751   0.02613   0.01967   0.02662   0.09602   0.04842   0.03088   0.03980   0.12119   0.13403   0.16353   0.03917   0.08243   0.06593   0.03701   0.19275   0.24891   0.22701   0.35354   0.10352   0.29630   0.52065   0.16234   0.23581   0.03587   0.05883   0.26480   0.05126   0.09276   0.10747   0.07470   0.02549   0.20818   0.15149   0.17806   3.54842   0.41776  
111  0.0000  16594.078786  x:  0.00393   0.00000   0.00000   0.00628   0.00419   0.03016   0.01038   0.02766   0.33527   0.04480   0.07836   0.11378   0.17001   0.06602   0.12535   0.08356   0.01394   0.02825   0.07760   0.01312   0.18360   0.02935   0.04524   0.00646   0.02889   0.01987   0.03130   0.03565   0.06698   0.03463   0.02292   0.15478   0.14171   0.16456   0.02060   0.11091   0.18751   0.02613   0.01967   0.02662   0.09602   0.04841   0.03088   0.03980   0.12119   0.13403   0.16353   0.03917   0.08244   0.06593   0.03701   0.19275   0.24893   0.22701   0.35354   0.10352   0.29630   0.52066   0.16234   0.23581   0.03587   0.05883   0.26480   0.05126   0.09276   0.10747   0.07470   0.02549   0.20818   0.15149   0.17807   3.54848   0.41777  
112  0.0001  16594.078785  x:  0.00393   0.00000   0.00000   0.00628   0.00419   0.03015   0.01037   0.02766   0.33526   0.04480   0.07836   0.11378   0.17001   0.06602   0.12535   0.08356   0.01394   0.02825   0.07760   0.01312   0.18360   0.02935   0.04524   0.00646   0.02889   0.01987   0.03130   0.03565   0.06698   0.03463   0.02292   0.15478   0.14171   0.16456   0.02060   0.11091   0.18751   0.02613   0.01967   0.02662   0.09602   0.04842   0.03088   0.03980   0.12119   0.13403   0.16354   0.03917   0.08244   0.06593   0.03701   0.19275   0.24893   0.22701   0.35354   0.10352   0.29630   0.52066   0.16234   0.23582   0.03587   0.05883   0.26480   0.05126   0.09276   0.10748   0.07470   0.02549   0.20818   0.15149   0.17807   3.54849   0.41777  
113  0.0000  16594.078785  x:  0.00393   0.00000   0.00000   0.00628   0.00419   0.03016   0.01037   0.02766   0.33526   0.04480   0.07836   0.11378   0.17001   0.06602   0.12535   0.08356   0.01394   0.02825   0.07760   0.01312   0.18360   0.02935   0.04524   0.00646   0.02889   0.01987   0.03130   0.03565   0.06698   0.03463   0.02292   0.15478   0.14171   0.16456   0.02060   0.11091   0.18751   0.02613   0.01967   0.02662   0.09602   0.04842   0.03088   0.03980   0.12119   0.13403   0.16354   0.03917   0.08244   0.06593   0.03701   0.19275   0.24893   0.22702   0.35354   0.10352   0.29630   0.52066   0.16234   0.23582   0.03587   0.05883   0.26480   0.05126   0.09276   0.10747   0.07471   0.02549   0.20818   0.15149   0.17806   3.54850   0.41777  
114  0.0000  16594.078785  x:  0.00393   0.00000   0.00000   0.00628   0.00419   0.03016   0.01037   0.02766   0.33526   0.04480   0.07836   0.11378   0.17001   0.06602   0.12535   0.08356   0.01394   0.02825   0.07760   0.01312   0.18360   0.02935   0.04524   0.00646   0.02889   0.01987   0.03130   0.03565   0.06698   0.03463   0.02292   0.15478   0.14171   0.16456   0.02060   0.11091   0.18751   0.02613   0.01967   0.02662   0.09602   0.04842   0.03088   0.03980   0.12119   0.13403   0.16354   0.03917   0.08244   0.06593   0.03701   0.19275   0.24893   0.22702   0.35354   0.10352   0.29630   0.52066   0.16234   0.23582   0.03587   0.05883   0.26480   0.05126   0.09276   0.10747   0.07471   0.02549   0.20818   0.15149   0.17807   3.54850   0.41777  