

TREE # 1

  0  0.0000   9818.304134  x:  0.05162   0.02707   0.06401   0.07045   0.06341   0.06961   0.10137   0.09865   0.06282   0.06686   0.03215   1.09933   0.88981  
  1 99.0000   8285.528382  x:  0.47510   0.31372   0.62858   0.46460   0.31201   0.10072   0.11384   0.23253   0.48167   0.17350   0.38225   1.13232   0.86400  
  2 7584.7219   8183.497421  x:  0.47167   0.23373   0.67816   0.50193   0.30310   0.00000   0.06354   0.28490   0.52177   0.18496   0.30417   1.25591   0.69999  
  3 478.0163   8072.069023  x:  0.45860   0.07898   0.75046   0.55771   0.29985   0.07883   0.02449   0.36268   0.57844   0.22733   0.18444   1.49036   0.36396  
  4 1408.5725   8064.383071  x:  0.45046   0.08388   0.74635   0.56168   0.30646   0.06840   0.08201   0.35988   0.57471   0.22393   0.19202   1.54737   0.32459  
  5 249.9213   8045.499976  x:  0.41939   0.14488   0.71928   0.58335   0.35576   0.07138   0.06468   0.28505   0.52611   0.20156   0.24418   1.86986   0.33463  
  6 170.2604   8040.383531  x:  0.42419   0.13471   0.71705   0.58543   0.36084   0.07773   0.08533   0.29439   0.53069   0.21344   0.22811   1.98282   0.38806  
  7 193.0624   8039.575115  x:  0.44867   0.12818   0.71066   0.56182   0.34259   0.07900   0.08472   0.29774   0.54200   0.20067   0.24156   2.00524   0.39133  
  8 36.6542   8039.449684  x:  0.45601   0.13556   0.70993   0.55363   0.33699   0.07884   0.08437   0.29477   0.54391   0.20738   0.23756   2.00917   0.38973  
  9 17.1797   8039.420140  x:  0.45562   0.13833   0.71339   0.55033   0.33790   0.07951   0.08447   0.29614   0.54345   0.20371   0.23448   2.01026   0.38969  
 10  2.5509   8039.264456  x:  0.44815   0.13654   0.72794   0.53577   0.34086   0.07858   0.08379   0.29922   0.54043   0.20771   0.23845   2.01599   0.38980  
 11  4.4173   8037.891939  x:  0.45039   0.11292   0.75481   0.53731   0.33858   0.07593   0.08651   0.26789   0.54957   0.20437   0.22673   2.05899   0.38932  
 12  4.1604   8030.557115  x:  0.45542   0.08923   0.77125   0.59009   0.30991   0.06930   0.06220   0.33131   0.55949   0.21888   0.20604   2.31163   0.36397  
 13 42.1188   8030.242999  x:  0.45505   0.08714   0.75985   0.58298   0.33022   0.06773   0.05959   0.33323   0.57516   0.22080   0.20337   2.32122   0.36148  
 14 20.7520   8030.225347  x:  0.45090   0.08857   0.75938   0.58299   0.32821   0.06806   0.05935   0.33299   0.58027   0.22052   0.20366   2.32199   0.36169  
 15  4.1932   8025.134475  x:  0.46770   0.13265   0.78578   0.59528   0.35160   0.03587   0.06018   0.33348   0.57942   0.21586   0.24042   2.48662   0.36207  
 16  0.0884   8019.725853  x:  0.49827   0.09732   0.89769   0.65210   0.34851   0.04451   0.07375   0.32251   0.65855   0.21144   0.24475   2.52917   0.36775  
 17  0.0401   8017.755146  x:  0.52605   0.11159   0.93628   0.66749   0.36431   0.05009   0.06038   0.33741   0.66032   0.22636   0.24003   2.44721   0.33672  
 18  0.0640   8017.638938  x:  0.52907   0.11045   0.94467   0.66933   0.36620   0.04936   0.06010   0.34115   0.66168   0.22336   0.24631   2.41407   0.34004  
 19  0.0260   8017.632065  x:  0.52867   0.11061   0.94514   0.66879   0.36523   0.04809   0.05945   0.34172   0.66219   0.22326   0.24565   2.40639   0.33940  
 20  0.0058   8017.631879  x:  0.52845   0.11063   0.94464   0.66861   0.36502   0.04806   0.05946   0.34178   0.66220   0.22336   0.24547   2.40653   0.33971  
 21  0.0007   8017.631875  x:  0.52847   0.11062   0.94458   0.66862   0.36500   0.04808   0.05943   0.34183   0.66223   0.22338   0.24548   2.40646   0.33970  
 22  0.0001   8017.631875  x:  0.52847   0.11062   0.94457   0.66863   0.36500   0.04808   0.05943   0.34183   0.66224   0.22338   0.24548   2.40647   0.33970  
 23  0.0000   8017.631875  x:  0.52847   0.11062   0.94456   0.66863   0.36500   0.04808   0.05943   0.34183   0.66224   0.22338   0.24548   2.40647   0.33970  
 24  0.0000   8017.631875  x:  0.52847   0.11062   0.94456   0.66863   0.36500   0.04808   0.05943   0.34183   0.66224   0.22338   0.24548   2.40647   0.33970  
 25  0.0000   8017.631875  x:  0.52847   0.11062   0.94456   0.66863   0.36500   0.04808   0.05943   0.34183   0.66224   0.22338   0.24548   2.40647   0.33970  