

TREE # 1

  0  0.0000  11051.134629  x:  0.01875   0.05359   0.04624   0.08035   0.09889   0.01997   0.05940   0.05091   0.10922   0.10489   0.05782   0.10564   0.07656   0.01040   0.10142   0.07887   0.02395   0.04028   0.09399   0.06539   0.07983   0.06906   0.09037   0.01660   0.02826   0.07423   0.03141   0.07718   0.04216   0.08012   0.03610   0.95273   0.82753  
  1 99.0000  10434.456693  x:  0.14586   0.11135   0.12203   0.11702   0.08385   0.00723   0.03162   0.01918   0.07663   0.10683   0.08473   0.15680   0.07943   0.10726   0.10595   0.08647   0.15071   0.02743   0.07541   0.09053   0.07628   0.12871   0.10441   0.33808   0.15492   0.06960   0.03914   0.07146   0.04507   0.17761   0.26505   0.99130   0.80153  
  2 6574.7790  10379.393868  x:  0.14163   0.11850   0.12828   0.12543   0.07322   0.03335   0.01621   0.00126   0.05056   0.10820   0.08925   0.17588   0.07475   0.09104   0.10709   0.08819   0.14516   0.02331   0.06313   0.09707   0.07281   0.14531   0.10005   0.33488   0.15271   0.06471   0.03652   0.06967   0.04377   0.19545   0.27108   1.02278   0.77561  
  3 1148.4056  10338.701819  x:  0.13713   0.12603   0.13494   0.13443   0.06199   0.05457   0.00218   0.01184   0.02282   0.10959   0.09392   0.19610   0.06983   0.07363   0.10830   0.08999   0.13933   0.01970   0.05037   0.10390   0.06892   0.16281   0.09532   0.33161   0.15033   0.05969   0.03400   0.06785   0.04252   0.21454   0.27779   1.05717   0.74710  
  4 6939.7608  10312.290134  x:  0.13391   0.13117   0.13953   0.14069   0.05444   0.06616   0.01084   0.01655   0.00417   0.11061   0.09705   0.21013   0.06650   0.06145   0.10913   0.09122   0.13532   0.01825   0.04210   0.10853   0.06600   0.17484   0.09192   0.32938   0.14862   0.05646   0.03259   0.06668   0.04180   0.22792   0.28270   1.08205   0.72624  
  5 7455.6037  10246.602064  x:  0.11966   0.14910   0.15605   0.16422   0.02706   0.07955   0.02464   0.02451   0.03935   0.11484   0.10714   0.26318   0.05527   0.01489   0.11217   0.09544   0.11991   0.02733   0.02220   0.12464   0.05214   0.21890   0.07764   0.31868   0.14019   0.04808   0.03206   0.06378   0.04112   0.27993   0.30292   1.18992   0.63262  
  6 2397.4535  10089.230326  x:  0.07132   0.17662   0.18152   0.21353   0.04227   0.01885   0.02372   0.01826   0.04244   0.12729   0.11946   0.37827   0.04662   0.04813   0.12024   0.10440   0.08459   0.05064   0.10546   0.15432   0.01280   0.30641   0.04224   0.26145   0.10369   0.05430   0.04885   0.06611   0.04741   0.39520   0.33911   1.49602   0.34860  
  7 2262.4450  10072.137599  x:  0.07312   0.17364   0.17960   0.21410   0.04797   0.00417   0.02205   0.01568   0.04077   0.12699   0.11909   0.38315   0.05127   0.04582   0.11974   0.10300   0.09090   0.04175   0.09637   0.15189   0.02676   0.30584   0.05018   0.25468   0.10202   0.05693   0.04646   0.06791   0.04707   0.40058   0.34119   1.53195   0.31914  
  8 1009.6700  10053.359182  x:  0.07990   0.16405   0.17293   0.21153   0.06606   0.01643   0.02505   0.01849   0.04746   0.12581   0.11529   0.38522   0.06315   0.05443   0.11837   0.09949   0.10775   0.02568   0.08618   0.14339   0.04875   0.29641   0.06707   0.24378   0.10075   0.06522   0.04363   0.07258   0.04742   0.40520   0.34518   1.60037   0.26658  
  9 2009.0472  10021.493849  x:  0.10217   0.13832   0.15390   0.19462   0.06276   0.01287   0.02201   0.01629   0.04147   0.11895   0.09260   0.37081   0.07198   0.06102   0.11687   0.09635   0.13352   0.04269   0.05577   0.11351   0.00886   0.24395   0.07772   0.22931   0.11470   0.06928   0.04100   0.07485   0.04863   0.40103   0.35347   1.76686   0.26058  
 10 498.6537   9984.734414  x:  0.11896   0.11293   0.13713   0.17376   0.04252   0.01782   0.02090   0.01609   0.03805   0.11403   0.07748   0.34826   0.06596   0.06942   0.11860   0.09874   0.14020   0.06061   0.06241   0.08340   0.05381   0.16516   0.07508   0.21830   0.13567   0.06335   0.04719   0.06939   0.04921   0.39427   0.37257   2.07343   0.32481  
 11 1046.1692   9965.695482  x:  0.11719   0.12502   0.14145   0.16340   0.07192   0.01646   0.02206   0.01632   0.04274   0.11857   0.08336   0.31715   0.07086   0.06040   0.11573   0.09680   0.13130   0.02136   0.06360   0.10465   0.04163   0.14496   0.07478   0.22834   0.13812   0.05967   0.04096   0.06996   0.04321   0.36851   0.37600   2.22170   0.36525  
 12 651.8083   9955.544074  x:  0.11027   0.13879   0.14764   0.15555   0.07626   0.01768   0.02032   0.01565   0.03853   0.11603   0.09976   0.26516   0.07779   0.05294   0.11026   0.09109   0.12989   0.04068   0.06054   0.12018   0.04288   0.16906   0.08974   0.25257   0.13013   0.07135   0.04066   0.07558   0.05009   0.31430   0.36640   2.31991   0.37695  
 13 369.9820   9951.832066  x:  0.10760   0.13754   0.14771   0.15571   0.05945   0.01720   0.02061   0.01555   0.03911   0.11304   0.10088   0.24178   0.07118   0.05851   0.11233   0.09328   0.13018   0.02884   0.06132   0.11506   0.04094   0.18339   0.08668   0.26646   0.12680   0.06825   0.04069   0.07088   0.04499   0.28552   0.35690   2.35357   0.37401  
 14 274.4062   9951.254364  x:  0.10950   0.13413   0.14709   0.15939   0.06424   0.01720   0.02034   0.01543   0.03867   0.11624   0.09829   0.24118   0.06916   0.05565   0.11413   0.09486   0.13014   0.02999   0.06097   0.11217   0.04230   0.18522   0.07847   0.27402   0.12906   0.06341   0.04031   0.07146   0.04786   0.27709   0.34927   2.35938   0.37182  
 15 70.0586   9951.106782  x:  0.11011   0.13319   0.14693   0.16071   0.06406   0.01720   0.02029   0.01540   0.03851   0.11654   0.09771   0.24400   0.07096   0.05505   0.11390   0.09435   0.12977   0.03016   0.06087   0.11295   0.04262   0.18457   0.07620   0.27789   0.13069   0.06610   0.04227   0.07174   0.04504   0.27463   0.34360   2.36118   0.37147  
 16 39.5101   9951.021085  x:  0.10996   0.13330   0.14697   0.16102   0.06260   0.01718   0.02038   0.01544   0.03869   0.11584   0.09785   0.24738   0.07201   0.05591   0.11336   0.09377   0.12936   0.02973   0.06125   0.11380   0.04245   0.18349   0.07711   0.28126   0.13170   0.06660   0.04014   0.07196   0.04678   0.27372   0.33780   2.36249   0.37152  
 17 30.9541   9950.980083  x:  0.10941   0.13402   0.14715   0.16055   0.06327   0.01719   0.02041   0.01547   0.03878   0.11558   0.09815   0.24898   0.07049   0.05625   0.11341   0.09415   0.12939   0.03008   0.06119   0.11321   0.04219   0.18299   0.07978   0.28352   0.13159   0.06545   0.04090   0.07129   0.04612   0.27423   0.33404   2.36324   0.37163  
 18 17.8637   9950.962575  x:  0.10923   0.13405   0.14713   0.16016   0.06314   0.01717   0.02040   0.01546   0.03875   0.11589   0.09795   0.24853   0.07019   0.05598   0.11377   0.09440   0.12988   0.02960   0.06128   0.11278   0.04207   0.18317   0.07989   0.28437   0.13081   0.06601   0.04170   0.07224   0.04687   0.27566   0.33275   2.36361   0.37190  
 19  5.6295   9950.917644  x:  0.10919   0.13383   0.14696   0.15947   0.06323   0.01718   0.02039   0.01546   0.03871   0.11655   0.09752   0.24669   0.07072   0.05574   0.11422   0.09447   0.13099   0.02993   0.06156   0.11248   0.04223   0.18369   0.07919   0.28599   0.12873   0.06621   0.04012   0.07251   0.04575   0.27925   0.33031   2.36452   0.37226  
 20 12.4116   9950.825591  x:  0.11018   0.13317   0.14659   0.15966   0.06341   0.01715   0.02036   0.01543   0.03867   0.11582   0.09776   0.24432   0.07203   0.05633   0.11314   0.09346   0.13052   0.02994   0.06048   0.11343   0.04248   0.18384   0.07793   0.28703   0.12708   0.06550   0.04148   0.06918   0.04702   0.28286   0.32811   2.36616   0.37216  
 21 10.3466   9950.042603  x:  0.11726   0.13080   0.14567   0.16451   0.06278   0.01703   0.02002   0.01515   0.03791   0.10918   0.10116   0.23815   0.06914   0.05667   0.10836   0.09271   0.12135   0.03010   0.05946   0.11612   0.04300   0.18209   0.07786   0.28748   0.12863   0.06184   0.04208   0.07641   0.04500   0.29047   0.32502   2.37932   0.36907  
 22 10.8168   9942.889144  x:  0.12482   0.13394   0.14938   0.17912   0.05860   0.01602   0.01693   0.01308   0.03045   0.11920   0.10485   0.23696   0.05935   0.04275   0.12456   0.10951   0.10531   0.02771   0.06136   0.11964   0.04367   0.18140   0.08680   0.27484   0.14729   0.07864   0.03388   0.06138   0.04767   0.31051   0.32224   2.50152   0.35730  
 23 51.5583   9928.345595  x:  0.10254   0.14765   0.15967   0.18951   0.04645   0.01383   0.01234   0.00973   0.01973   0.13310   0.10319   0.27239   0.07142   0.04476   0.13084   0.10516   0.12186   0.02416   0.04247   0.12913   0.04945   0.20166   0.08131   0.24191   0.15280   0.05181   0.04202   0.07176   0.04287   0.33292   0.32323   2.74652   0.35417  
 24 386.1417   9925.035452  x:  0.10078   0.14434   0.15802   0.18641   0.05002   0.01339   0.01096   0.00881   0.01636   0.12162   0.10115   0.28959   0.06325   0.03331   0.11738   0.09382   0.12832   0.02050   0.04788   0.12188   0.04910   0.21022   0.07772   0.24048   0.14072   0.05578   0.03924   0.06853   0.04285   0.33421   0.32989   2.80239   0.35560  
 25 256.5595   9924.358182  x:  0.10205   0.14224   0.15653   0.18471   0.05283   0.01321   0.01091   0.00872   0.01648   0.11874   0.10113   0.29694   0.06024   0.03713   0.11622   0.09776   0.12482   0.02052   0.04192   0.12062   0.04970   0.21391   0.07550   0.24110   0.13161   0.06005   0.03715   0.06842   0.04301   0.33338   0.33268   2.81464   0.35805  
 26 111.7281   9924.160825  x:  0.10547   0.14016   0.15467   0.18265   0.05218   0.01322   0.01080   0.00866   0.01614   0.11845   0.10089   0.30015   0.06347   0.03569   0.11768   0.10114   0.12258   0.02037   0.04314   0.12131   0.04936   0.21420   0.07702   0.24263   0.12548   0.05843   0.03794   0.06854   0.04297   0.33187   0.33469   2.81812   0.35808  
 27 47.0049   9924.147249  x:  0.10589   0.14018   0.15432   0.18204   0.05181   0.01322   0.01078   0.00865   0.01608   0.11972   0.10062   0.30034   0.06284   0.03585   0.11818   0.09969   0.12180   0.02045   0.04299   0.12178   0.04942   0.21358   0.07713   0.24309   0.12458   0.05840   0.03796   0.06862   0.04295   0.33157   0.33506   2.81832   0.35771  
 28  8.7071   9924.121411  x:  0.10458   0.14141   0.15387   0.18050   0.05153   0.01323   0.01071   0.00861   0.01591   0.11900   0.10052   0.29997   0.06235   0.03555   0.11783   0.10067   0.12188   0.02080   0.04285   0.12261   0.04973   0.21144   0.07592   0.24397   0.12421   0.05836   0.03804   0.06862   0.04303   0.33121   0.33545   2.81905   0.35651  
 29  1.1784   9922.564058  x:  0.09589   0.14347   0.14849   0.17635   0.05325   0.01329   0.01151   0.00908   0.01686   0.12040   0.12037   0.30343   0.07010   0.03734   0.11863   0.09613   0.11681   0.02211   0.04445   0.10670   0.04813   0.20642   0.07273   0.24610   0.12226   0.05879   0.03781   0.06894   0.04331   0.33132   0.33672   2.88373   0.35709  
 30  3.1801   9917.074324  x:  0.09313   0.13510   0.15026   0.17353   0.05534   0.01400   0.01513   0.01111   0.02138   0.11547   0.10521   0.31549   0.06235   0.04693   0.11173   0.09448   0.12827   0.03095   0.05628   0.12285   0.04976   0.20763   0.08080   0.23419   0.11115   0.06113   0.03851   0.06937   0.04532   0.32884   0.33070   3.12453   0.36696  
 31 146.4780   9916.856114  x:  0.09433   0.14019   0.15275   0.17085   0.05593   0.01406   0.01526   0.01118   0.02155   0.11382   0.09800   0.31555   0.06513   0.04732   0.11116   0.09346   0.12398   0.03114   0.05641   0.11902   0.05064   0.20932   0.08112   0.23393   0.11203   0.06115   0.03846   0.06945   0.04538   0.32904   0.33042   3.13359   0.36711  
 32 43.7995   9916.852874  x:  0.09485   0.14022   0.15261   0.16985   0.05588   0.01406   0.01527   0.01119   0.02157   0.11424   0.09825   0.31564   0.06501   0.04736   0.11064   0.09369   0.12398   0.03110   0.05648   0.11909   0.05066   0.20974   0.08094   0.23368   0.11250   0.06111   0.03847   0.06944   0.04536   0.32907   0.33020   3.13381   0.36708  
 33  2.5189   9916.844567  x:  0.09506   0.13992   0.15239   0.16872   0.05611   0.01405   0.01528   0.01119   0.02158   0.11334   0.09850   0.31571   0.06488   0.04734   0.11192   0.09328   0.12398   0.03110   0.05646   0.11946   0.05069   0.21024   0.08067   0.23349   0.11315   0.06104   0.03850   0.06945   0.04536   0.32916   0.33000   3.13458   0.36709  
 34  1.1706   9915.236932  x:  0.08665   0.12781   0.15145   0.16766   0.05683   0.01393   0.01524   0.01088   0.01940   0.11871   0.09557   0.30471   0.06967   0.04504   0.11196   0.09587   0.11761   0.02889   0.05281   0.11935   0.04848   0.20499   0.08765   0.23216   0.12475   0.06199   0.03927   0.07046   0.04520   0.32605   0.32339   3.28744   0.36763  
 35  2.3431   9914.070489  x:  0.09812   0.13833   0.15193   0.17359   0.05615   0.01378   0.01537   0.01071   0.01811   0.11950   0.10054   0.29823   0.06997   0.04421   0.11714   0.09674   0.12296   0.02768   0.05161   0.11736   0.04710   0.19683   0.08712   0.22361   0.12522   0.06341   0.03999   0.07080   0.04530   0.32030   0.31356   3.40053   0.36842  
 36 237.4499   9914.066980  x:  0.09805   0.13880   0.15049   0.17391   0.05618   0.01378   0.01537   0.01071   0.01812   0.11952   0.10030   0.29823   0.06997   0.04422   0.11712   0.09675   0.12297   0.02766   0.05162   0.11746   0.04711   0.19713   0.08723   0.22365   0.12542   0.06341   0.03999   0.07081   0.04530   0.32038   0.31359   3.40090   0.36854  
 37  4.2354   9913.681168  x:  0.09733   0.13755   0.14963   0.17311   0.05550   0.01401   0.01633   0.01098   0.01894   0.11704   0.09964   0.29854   0.06669   0.04362   0.11569   0.09692   0.12037   0.02473   0.05151   0.11681   0.04578   0.20115   0.08234   0.21915   0.11958   0.06073   0.03933   0.06975   0.04446   0.32078   0.31499   3.45037   0.36775  
 38  0.0496   9913.564884  x:  0.09753   0.13621   0.14968   0.17464   0.05599   0.01448   0.01667   0.01093   0.01860   0.11677   0.09964   0.29809   0.06611   0.04189   0.11503   0.09624   0.11954   0.02692   0.05052   0.11704   0.04432   0.20475   0.08275   0.21492   0.11864   0.06155   0.03877   0.06959   0.04475   0.32236   0.31256   3.45922   0.36909  
 39  0.0082   9913.474782  x:  0.09503   0.13787   0.14945   0.17376   0.05468   0.01501   0.01739   0.01092   0.01914   0.11746   0.10020   0.29694   0.06630   0.04149   0.11546   0.09668   0.11904   0.02664   0.05056   0.11847   0.04275   0.20241   0.08366   0.21347   0.11871   0.06206   0.03907   0.06961   0.04493   0.32076   0.30693   3.43650   0.36900  
 40  0.0123   9913.428928  x:  0.09588   0.13688   0.14903   0.17364   0.05510   0.01505   0.01747   0.01060   0.01882   0.11734   0.09984   0.29786   0.06688   0.04212   0.11565   0.09662   0.11881   0.02639   0.05068   0.11703   0.04321   0.20206   0.08411   0.20921   0.11914   0.06102   0.03922   0.06980   0.04467   0.31941   0.30668   3.40696   0.36890  
 41  0.0148   9913.420289  x:  0.09572   0.13677   0.14884   0.17346   0.05565   0.01492   0.01746   0.01049   0.01861   0.11717   0.09974   0.29753   0.06667   0.04213   0.11544   0.09647   0.11865   0.02625   0.05086   0.11718   0.04390   0.20194   0.08397   0.20973   0.11837   0.06157   0.03903   0.06980   0.04472   0.31906   0.30485   3.40617   0.36913  
 42  0.0019   9913.418913  x:  0.09547   0.13686   0.14887   0.17354   0.05553   0.01481   0.01750   0.01049   0.01860   0.11720   0.09975   0.29713   0.06664   0.04214   0.11543   0.09651   0.11863   0.02628   0.05096   0.11731   0.04418   0.20182   0.08403   0.20906   0.11847   0.06163   0.03907   0.06972   0.04476   0.31910   0.30525   3.40824   0.36914  
 43  0.0017   9913.418523  x:  0.09554   0.13679   0.14885   0.17349   0.05549   0.01474   0.01754   0.01051   0.01864   0.11721   0.09975   0.29704   0.06668   0.04207   0.11545   0.09652   0.11860   0.02632   0.05093   0.11725   0.04426   0.20181   0.08412   0.20921   0.11847   0.06149   0.03909   0.06973   0.04474   0.31899   0.30500   3.40803   0.36922  
 44  0.0003   9913.418479  x:  0.09555   0.13681   0.14885   0.17348   0.05549   0.01471   0.01755   0.01051   0.01865   0.11721   0.09976   0.29713   0.06668   0.04205   0.11546   0.09652   0.11860   0.02631   0.05090   0.11724   0.04424   0.20182   0.08407   0.20918   0.11846   0.06154   0.03907   0.06975   0.04474   0.31902   0.30505   3.40753   0.36925  
 45  0.0004   9913.418473  x:  0.09554   0.13681   0.14885   0.17350   0.05549   0.01471   0.01755   0.01052   0.01864   0.11720   0.09975   0.29714   0.06667   0.04206   0.11545   0.09652   0.11861   0.02631   0.05090   0.11724   0.04423   0.20181   0.08407   0.20918   0.11847   0.06153   0.03908   0.06974   0.04474   0.31903   0.30504   3.40753   0.36925  
 46  0.0000   9913.418471  x:  0.09555   0.13681   0.14885   0.17349   0.05550   0.01471   0.01756   0.01052   0.01864   0.11721   0.09975   0.29713   0.06667   0.04206   0.11545   0.09652   0.11860   0.02631   0.05091   0.11725   0.04422   0.20181   0.08407   0.20919   0.11847   0.06153   0.03908   0.06974   0.04474   0.31902   0.30505   3.40753   0.36924  
 47  0.0000   9913.418471  x:  0.09555   0.13681   0.14885   0.17349   0.05549   0.01471   0.01756   0.01052   0.01863   0.11721   0.09976   0.29713   0.06667   0.04206   0.11545   0.09652   0.11861   0.02631   0.05091   0.11724   0.04423   0.20182   0.08407   0.20919   0.11847   0.06153   0.03908   0.06974   0.04474   0.31902   0.30505   3.40750   0.36924  
 48  0.0000   9913.418471  x:  0.09555   0.13681   0.14885   0.17349   0.05549   0.01471   0.01756   0.01052   0.01863   0.11721   0.09975   0.29713   0.06667   0.04206   0.11545   0.09652   0.11861   0.02631   0.05090   0.11725   0.04423   0.20181   0.08407   0.20919   0.11847   0.06153   0.03908   0.06974   0.04474   0.31903   0.30506   3.40752   0.36924  
 49  0.0000   9913.418470  x:  0.09555   0.13681   0.14885   0.17349   0.05549   0.01471   0.01756   0.01052   0.01863   0.11721   0.09975   0.29713   0.06667   0.04206   0.11545   0.09652   0.11861   0.02631   0.05091   0.11724   0.04423   0.20181   0.08407   0.20919   0.11847   0.06153   0.03908   0.06974   0.04474   0.31903   0.30506   3.40753   0.36925  
 50  0.0000   9913.418470  x:  0.09555   0.13681   0.14885   0.17349   0.05549   0.01471   0.01756   0.01052   0.01863   0.11721   0.09976   0.29713   0.06667   0.04206   0.11545   0.09652   0.11861   0.02631   0.05091   0.11725   0.04423   0.20182   0.08407   0.20919   0.11847   0.06153   0.03908   0.06974   0.04474   0.31903   0.30506   3.40753   0.36925  
 51  0.0000   9913.418470  x:  0.09555   0.13681   0.14885   0.17349   0.05549   0.01471   0.01756   0.01052   0.01863   0.11721   0.09975   0.29713   0.06667   0.04206   0.11545   0.09652   0.11861   0.02631   0.05091   0.11725   0.04423   0.20182   0.08407   0.20920   0.11847   0.06153   0.03908   0.06974   0.04474   0.31903   0.30506   3.40753   0.36924  
 52  0.0000   9913.418470  x:  0.09555   0.13681   0.14885   0.17349   0.05549   0.01471   0.01756   0.01052   0.01863   0.11721   0.09975   0.29713   0.06667   0.04206   0.11545   0.09652   0.11861   0.02631   0.05091   0.11725   0.04423   0.20182   0.08407   0.20920   0.11847   0.06153   0.03908   0.06974   0.04474   0.31903   0.30506   3.40753   0.36924  