

TREE # 1

  0  0.0000  16003.420615  x:  0.06731   0.09286   0.04144   0.05445   0.06674   0.08825   0.03372   0.95661   1.04436  
  1 99.0000  14346.828912  x:  0.03082   0.05086   0.00000   0.02001   0.02631   0.04623   0.41647   0.96211   1.04016  
  2 22060.5766  14331.329534  x:  0.02847   0.04807   0.01162   0.01788   0.02369   0.04338   0.42686   0.96247   1.03986  
  3 21399.7472  14161.197256  x:  0.00875   0.02432   0.01179   0.00152   0.00311   0.01984   0.42610   0.96535   1.03733  
  4 5136.2037  14140.176377  x:  0.00539   0.01881   0.01183   0.00351   0.00080   0.01445   0.42606   0.96603   1.03674  
  5 10731.7738  14114.751004  x:  0.00113   0.01154   0.01189   0.00443   0.00156   0.00735   0.42602   0.96693   1.03595  
  6 27762.6985  14096.552301  x:  0.00180   0.00543   0.01192   0.00449   0.00166   0.00156   0.42599   0.96771   1.03528  
  7 14226.5472  14092.690273  x:  0.00188   0.00217   0.01193   0.00450   0.00168   0.00216   0.42599   0.96822   1.03483  
  8 2835.8255  13788.180682  x:  0.00226   0.00275   0.01181   0.00501   0.00204   0.00274   0.42513   1.87074   0.25462  
  9 382.5981  13783.953194  x:  0.00224   0.00275   0.01179   0.00498   0.00202   0.00273   0.42497   1.95886   0.31731  
 10 92.5719  13762.519169  x:  0.00622   0.00499   0.01062   0.01238   0.00526   0.00588   0.42132   2.37366   0.31133  
 11  0.4438  13747.329208  x:  0.00587   0.00117   0.00934   0.01169   0.00517   0.00328   0.41703   2.76892   0.30459  
 12  0.5632  13735.107789  x:  0.00544   0.00452   0.00601   0.00820   0.00448   0.00184   0.40655   3.48750   0.29989  
 13  0.5307  13731.151938  x:  0.00579   0.00397   0.00340   0.00675   0.00439   0.00397   0.39916   3.77413   0.32130  
 14  0.1815  13729.777786  x:  0.00573   0.00259   0.00228   0.00680   0.00447   0.00325   0.39596   3.81240   0.32615  
 15  0.0323  13729.397317  x:  0.00567   0.00217   0.00276   0.00734   0.00457   0.00290   0.39682   3.68956   0.32285  
 16  0.1577  13729.173614  x:  0.00561   0.00261   0.00281   0.00743   0.00458   0.00297   0.39614   3.56468   0.31660  
 17  0.0590  13729.049396  x:  0.00555   0.00244   0.00243   0.00731   0.00459   0.00290   0.39408   3.49995   0.31724  
 18  0.0496  13729.025020  x:  0.00555   0.00245   0.00246   0.00717   0.00459   0.00298   0.39302   3.50400   0.32166  
 19  0.0028  13728.993996  x:  0.00559   0.00245   0.00255   0.00714   0.00468   0.00292   0.39006   3.49357   0.32069  
 20  0.0025  13728.991769  x:  0.00560   0.00245   0.00252   0.00715   0.00469   0.00294   0.38981   3.50735   0.32068  
 21  0.0129  13728.991572  x:  0.00558   0.00245   0.00253   0.00719   0.00469   0.00294   0.38979   3.50699   0.32074  
 22  0.0001  13728.991484  x:  0.00557   0.00245   0.00252   0.00719   0.00468   0.00294   0.38972   3.50750   0.32077  
 23  0.0003  13728.991479  x:  0.00557   0.00245   0.00253   0.00719   0.00468   0.00294   0.38973   3.50758   0.32073  
 24  0.0001  13728.991473  x:  0.00557   0.00245   0.00252   0.00719   0.00467   0.00294   0.38972   3.50719   0.32074  
 25  0.0001  13728.991472  x:  0.00557   0.00245   0.00252   0.00719   0.00467   0.00294   0.38972   3.50746   0.32074  
 26  0.0002  13728.991472  x:  0.00557   0.00245   0.00252   0.00719   0.00467   0.00294   0.38972   3.50746   0.32074  
 27  0.0000  13728.991472  x:  0.00557   0.00245   0.00252   0.00719   0.00467   0.00294   0.38972   3.50746   0.32074  
 28  0.0001  13728.991472  x:  0.00557   0.00245   0.00252   0.00719   0.00467   0.00294   0.38972   3.50746   0.32074  
check convergence!
