Alligator_mississippiensis Alligator_sinensis Crocodylus_porosus Gavialis_gangeticus
3.4648e-05 6.6831e-05 0.00014178 0.00010704
3.2143e-05 6.4748e-05 0.00013994 0.00010644
2.9699e-05 6.272e-05 0.00013818 0.00010588
2.7229e-05 6.067e-05 0.0001364 0.0001053
2.4737e-05 5.8599e-05 0.00013458 0.00010471
2.2221e-05 5.6507e-05 0.00013273 0.0001041
2.1928e-05 5.4301e-05 0.00013085 0.00010348
2.1626e-05 5.207e-05 0.00012894 0.00010284
2.1333e-05 4.9899e-05 0.00012711 0.00010225
2.1052e-05 4.7795e-05 0.00012517 0.00010161
2.078e-05 4.5746e-05 0.00012332 0.00010101
2.0516e-05 4.3751e-05 0.00012155 0.00010046
2.0243e-05 4.1735e-05 0.00011975 9.9892e-05
1.9978e-05 3.9772e-05 0.00011804 9.9364e-05
1.9722e-05 3.786e-05 0.0001164 9.8877e-05
1.9457e-05 3.5928e-05 0.00011473 9.8375e-05
1.9183e-05 3.3976e-05 0.00011303 9.786e-05
1.89e-05 3.2003e-05 0.00011131 9.733e-05
1.8607e-05 3.0008e-05 0.00010955 9.6785e-05
1.8323e-05 2.8064e-05 0.00010787 9.6278e-05
1.8046e-05 2.6169e-05 0.00010626 9.581e-05
1.776e-05 2.4253e-05 0.00010463 9.5327e-05
1.7466e-05 2.2317e-05 0.00010296 9.483e-05
1.7179e-05 2.043e-05 0.00010137 9.4371e-05
1.69e-05 1.8592e-05 9.9855e-05 9.3949e-05
1.6612e-05 1.6734e-05 9.8311e-05 9.3514e-05
1.6316e-05 1.4858e-05 9.6741e-05 9.3066e-05
1.6028e-05 1.303e-05 9.5242e-05 9.2655e-05
1.573e-05 1.1182e-05 9.3718e-05 9.2231e-05
1.5441e-05 9.3828e-06 9.2263e-05 9.1843e-05
1.5125e-05 9.1453e-06 9.0782e-05 9.1441e-05
1.5614e-05 8.8847e-06 8.927e-05 9.1025e-05
1.6114e-05 8.6303e-06 8.7827e-05 9.0644e-05
1.6604e-05 8.3681e-06 8.6355e-05 9.0249e-05
1.7105e-05 8.112e-06 8.495e-05 8.9888e-05
1.7619e-05 7.8618e-06 8.361e-05 8.9561e-05
1.8122e-05 7.6042e-06 8.2246e-05 8.9222e-05
1.8616e-05 7.3394e-06 8.0857e-05 8.8871e-05
1.9099e-05 7.0672e-06 7.9444e-05 8.8508e-05
1.9595e-05 6.801e-06 7.8095e-05 8.8178e-05
2.0081e-05 6.5274e-06 7.6722e-05 8.7836e-05
2.0579e-05 6.2597e-06 7.5412e-05 8.7527e-05
2.1066e-05 5.9843e-06 7.4076e-05 8.7205e-05
2.1543e-05 5.7016e-06 7.2716e-05 8.6871e-05
2.2011e-05 5.4116e-06 7.1332e-05 8.6525e-05
2.2086e-05 5.305e-06 6.9913e-05 8.6163e-05
2.2168e-05 5.2007e-06 6.8559e-05 8.5834e-05
2.2242e-05 5.0902e-06 6.718e-05 8.5494e-05
2.2323e-05 4.9818e-06 6.5864e-05 8.5185e-05
2.2395e-05 4.8671e-06 6.4522e-05 8.4864e-05
2.2474e-05 4.7543e-06 6.3238e-05 8.4574e-05
2.2561e-05 4.6435e-06 6.2011e-05 8.4314e-05
2.2655e-05 4.5345e-06 6.0838e-05 8.4082e-05
2.2756e-05 4.4273e-06 5.9717e-05 8.3879e-05
2.2848e-05 4.3137e-06 5.8573e-05 8.3664e-05
2.2931e-05 4.1938e-06 5.7407e-05 8.3438e-05
2.3021e-05 4.0756e-06 5.6291e-05 8.324e-05
2.3103e-05 3.9513e-06 5.5156e-05 8.3032e-05
2.3192e-05 3.8288e-06 5.4071e-05 8.2851e-05
2.3272e-05 3.6999e-06 5.2964e-05 8.2659e-05
2.3343e-05 3.5647e-06 5.1836e-05 8.2456e-05
2.3421e-05 3.4311e-06 5.0757e-05 8.2281e-05
2.3507e-05 3.2991e-06 4.9725e-05 8.2132e-05
2.3601e-05 3.1687e-06 4.874e-05 8.2011e-05
2.3703e-05 3.0396e-06 4.7799e-05 8.1915e-05
2.3812e-05 2.9118e-06 4.69e-05 8.1846e-05
2.3929e-05 2.7852e-06 4.6043e-05 8.1802e-05
2.4036e-05 2.6524e-06 4.5166e-05 8.1747e-05
2.4152e-05 2.5207e-06 4.4329e-05 8.1719e-05
2.4218e-05 2.6678e-06 4.3441e-05 8.166e-05
2.4274e-05 2.8085e-06 4.2533e-05 8.1591e-05
2.4338e-05 2.9507e-06 4.1666e-05 8.1548e-05
2.4411e-05 3.0945e-06 4.0839e-05 8.153e-05
2.4474e-05 3.232e-06 3.9993e-05 8.1502e-05
2.4544e-05 3.3711e-06 3.9186e-05 8.15e-05
2.4606e-05 3.5039e-06 3.8361e-05 8.1486e-05
2.4658e-05 3.6303e-06 3.7517e-05 8.1463e-05
2.4718e-05 3.7583e-06 3.6711e-05 8.1464e-05
2.4769e-05 3.88e-06 3.5887e-05 8.1455e-05
2.481e-05 3.9954e-06 3.5045e-05 8.1436e-05
2.486e-05 4.1124e-06 3.424e-05 8.1441e-05
2.4917e-05 4.2311e-06 3.3481e-05 8.0728e-05
2.4982e-05 4.3516e-06 3.2756e-05 8.0058e-05
2.5055e-05 4.474e-06 3.2064e-05 7.943e-05
2.5136e-05 4.5985e-06 3.1404e-05 7.8843e-05
2.5225e-05 4.725e-06 3.0773e-05 7.8295e-05
2.5323e-05 4.8538e-06 3.0173e-05 7.7785e-05
2.5411e-05 4.9764e-06 2.9558e-05 7.7262e-05
2.5508e-05 5.1012e-06 2.8973e-05 7.6775e-05
2.5613e-05 5.2284e-06 2.8414e-05 7.6322e-05
2.571e-05 5.3493e-06 2.7843e-05 7.5858e-05
2.5791e-05 5.4613e-06 2.7307e-05 7.5436e-05
2.5881e-05 5.5756e-06 2.6796e-05 7.5045e-05
2.5962e-05 5.6834e-06 2.6272e-05 7.4642e-05
2.6034e-05 5.785e-06 2.5736e-05 7.4228e-05
2.6114e-05 5.8887e-06 2.5223e-05 7.3845e-05
2.6201e-05 5.9948e-06 2.4735e-05 7.3492e-05
2.628e-05 6.0944e-06 2.4233e-05 7.3127e-05
2.6366e-05 6.1962e-06 2.3754e-05 7.2791e-05
2.6461e-05 6.3006e-06 2.3297e-05 7.2484e-05
2.6547e-05 6.3987e-06 2.2829e-05 7.2166e-05
2.6624e-05 6.4905e-06 2.2349e-05 7.1839e-05
2.6709e-05 6.5848e-06 2.1891e-05 7.1539e-05
2.6785e-05 6.6726e-06 2.1421e-05 7.1229e-05
2.687e-05 6.7628e-06 2.0972e-05 7.0946e-05
2.6962e-05 6.8557e-06 2.0544e-05 7.069e-05
2.7046e-05 6.9422e-06 2.0105e-05 7.0424e-05
2.7138e-05 7.0314e-06 1.9685e-05 7.0184e-05
2.7238e-05 7.1232e-06 1.9285e-05 6.9969e-05
2.7347e-05 7.2178e-06 1.8904e-05 6.978e-05
2.7446e-05 7.306e-06 1.8512e-05 6.9581e-05
2.7537e-05 7.3877e-06 1.8969e-05 6.9368e-05
2.7619e-05 7.463e-06 1.9415e-05 6.9144e-05
2.7709e-05 7.5413e-06 1.9883e-05 6.7967e-05
2.7808e-05 7.6225e-06 2.0373e-05 6.6854e-05
2.7898e-05 7.697e-06 2.085e-05 6.5718e-05
2.7996e-05 7.7743e-06 2.1349e-05 6.4643e-05
2.8103e-05 7.8547e-06 2.1258e-05 6.3641e-05
2.8201e-05 7.9286e-06 2.1158e-05 6.2622e-05
2.8307e-05 8.0052e-06 2.1071e-05 6.1655e-05
2.8404e-05 8.0754e-06 2.0974e-05 6.067e-05
2.8509e-05 8.1481e-06 2.0889e-05 5.9736e-05
2.8622e-05 8.2234e-06 2.0817e-05 5.8849e-05
2.8726e-05 8.2924e-06 2.0735e-05 5.7947e-05
2.8821e-05 8.3553e-06 2.0646e-05 5.7031e-05
2.8909e-05 8.4122e-06 2.0548e-05 5.6101e-05
2.9004e-05 8.4713e-06 2.0462e-05 5.5215e-05
2.9091e-05 8.5245e-06 2.0367e-05 5.4318e-05
2.9185e-05 8.5797e-06 2.0284e-05 5.3462e-05
2.927e-05 8.6289e-06 2.0192e-05 5.2592e-05
2.9348e-05 8.6721e-06 2.0092e-05 5.1711e-05
2.9417e-05 8.7096e-06 1.9985e-05 5.0817e-05
2.9479e-05 8.7412e-06 1.987e-05 4.9911e-05
2.9548e-05 8.7747e-06 1.9766e-05 4.9047e-05
2.9623e-05 8.8101e-06 1.9671e-05 4.8222e-05
2.9691e-05 8.8398e-06 1.9569e-05 4.7386e-05
2.975e-05 8.8637e-06 1.946e-05 4.6539e-05
2.9802e-05 8.8818e-06 1.9343e-05 4.568e-05
2.9846e-05 8.8939e-06 1.9218e-05 4.4809e-05
2.9896e-05 8.9077e-06 1.9103e-05 4.3976e-05
2.9953e-05 8.9232e-06 1.8998e-05 4.3179e-05
3.0001e-05 8.9328e-06 1.8884e-05 4.2372e-05
3.0056e-05 8.9441e-06 1.878e-05 4.16e-05
3.0117e-05 8.9571e-06 1.8686e-05 4.0861e-05
3.017e-05 8.9644e-06 1.8584e-05 4.0114e-05
3.023e-05 8.9733e-06 1.8491e-05 3.9399e-05
3.0295e-05 8.9838e-06 1.8407e-05 3.8715e-05
3.0367e-05 8.996e-06 1.8332e-05 3.8061e-05
3.0445e-05 9.0098e-06 1.8265e-05 3.7436e-05
3.053e-05 9.0252e-06 1.8207e-05 3.6839e-05
3.062e-05 9.0422e-06 1.8158e-05 3.6269e-05
3.0717e-05 9.0609e-06 1.8117e-05 3.5724e-05
3.082e-05 9.0814e-06 1.8085e-05 3.5204e-05
3.0916e-05 9.0959e-06 1.8045e-05 3.4675e-05
3.1003e-05 9.1046e-06 1.7998e-05 3.4139e-05
3.1098e-05 9.1152e-06 1.796e-05 3.3627e-05
3.1184e-05 9.1198e-06 1.7914e-05 3.3107e-05
3.1277e-05 9.1262e-06 1.7877e-05 3.2611e-05
3.1376e-05 9.1344e-06 1.7849e-05 3.2139e-05
3.1483e-05 9.1446e-06 1.7829e-05 3.1689e-05
3.1582e-05 9.149e-06 1.7803e-05 3.1232e-05
3.1688e-05 9.1554e-06 1.7785e-05 3.0797e-05
3.1785e-05 9.1558e-06 1.776e-05 3.0355e-05
3.1875e-05 9.1501e-06 1.7727e-05 2.9904e-05
3.1972e-05 9.1466e-06 1.7704e-05 2.9476e-05
3.206e-05 9.1369e-06 1.7672e-05 2.904e-05
3.2156e-05 9.1296e-06 1.7651e-05 2.8626e-05
3.2261e-05 9.1246e-06 1.7639e-05 2.8234e-05
3.2373e-05 9.1221e-06 1.7636e-05 2.7864e-05
3.2477e-05 9.1133e-06 1.7626e-05 2.7485e-05
3.2589e-05 9.107e-06 1.7626e-05 2.7128e-05
3.2692e-05 9.0945e-06 1.7618e-05 2.6762e-05
3.2787e-05 9.0766e-06 1.7601e-05 2.6389e-05
3.289e-05 9.0615e-06 1.7595e-05 2.6037e-05
3.2984e-05 9.0398e-06 1.758e-05 2.5676e-05
3.5152e-05 9.0012e-06 1.7557e-05 2.5307e-05
3.7301e-05 8.9563e-06 1.7525e-05 2.4929e-05
3.9432e-05 8.9051e-06 1.7485e-05 2.4543e-05
4.161e-05 8.8568e-06 1.7456e-05 2.4179e-05
4.3838e-05 8.8113e-06 1.7437e-05 2.3836e-05
4.6045e-05 8.7593e-06 1.741e-05 2.3485e-05
4.8232e-05 8.7009e-06 1.7375e-05 2.3125e-05
5.0467e-05 8.6451e-06 1.7349e-05 2.2786e-05
5.2752e-05 8.5919e-06 1.7334e-05 2.2466e-05
5.5088e-05 8.5414e-06 1.7329e-05 2.2164e-05
5.7476e-05 8.4935e-06 1.7335e-05 2.1881e-05
5.9845e-05 8.4395e-06 1.7333e-05 2.1591e-05
6.2267e-05 8.388e-06 1.7341e-05 2.1319e-05
6.4744e-05 8.3392e-06 1.736e-05 2.1063e-05
6.7176e-05 8.2813e-06 1.7393e-05 2.0828e-05
6.9585e-05 8.217e-06 1.7418e-05 2.0585e-05
7.2049e-05 8.1552e-06 1.7453e-05 2.0358e-05
7.449e-05 8.0869e-06 1.748e-05 2.0124e-05
7.6912e-05 8.0125e-06 1.7498e-05 1.9885e-05
7.9388e-05 7.9406e-06 1.7527e-05 1.966e-05
8.1919e-05 7.871e-06 1.7567e-05 1.945e-05
8.4507e-05 7.8038e-06 1.7616e-05 1.9253e-05
8.7073e-05 7.7303e-06 1.7657e-05 1.9051e-05
8.9696e-05 7.659e-06 1.7709e-05 1.8862e-05
9.2296e-05 7.5814e-06 1.7752e-05 1.8667e-05
9.4954e-05 7.5061e-06 1.7805e-05 1.8486e-05
9.759e-05 7.4245e-06 1.785e-05 1.8298e-05
0.0001002 7.3365e-06 1.7886e-05 1.8104e-05
0.0001028 7.2423e-06 1.7914e-05 1.7905e-05
0.00010545 7.1505e-06 1.7953e-05 1.7719e-05
0.00010808 7.0525e-06 1.7984e-05 1.7527e-05
0.00011077 6.957e-06 1.8025e-05 1.7349e-05
0.00011344 6.8553e-06 1.8058e-05 1.7165e-05
0.00011609 6.7474e-06 1.8083e-05 1.6975e-05
0.00011871 6.633e-06 1.8099e-05 1.6779e-05
0.0001214 6.5211e-06 1.8126e-05 1.6597e-05
0.00012406 6.4027e-06 1.8144e-05 1.6408e-05
0.00012444 6.2877e-06 1.8174e-05 1.6232e-05
0.00012484 6.175e-06 1.8214e-05 1.607e-05
0.00012522 6.0558e-06 1.8246e-05 1.5901e-05
0.0001256 5.9304e-06 1.8269e-05 1.5727e-05
0.000126 5.8074e-06 1.8303e-05 1.5565e-05
0.00012638 5.6781e-06 1.8329e-05 1.5398e-05
0.00012679 5.5511e-06 1.8367e-05 1.5243e-05
0.00012719 5.4177e-06 1.8395e-05 1.5083e-05
0.00012761 5.2865e-06 1.8434e-05 1.4934e-05
0.00012805 5.1576e-06 1.8486e-05 1.4797e-05
0.00012852 5.0308e-06 1.8549e-05 1.4672e-05
0.00012897 4.8978e-06 1.8603e-05 1.4542e-05
0.00012946 4.767e-06 1.867e-05 1.4423e-05
0.00012992 4.6297e-06 1.8727e-05 1.4298e-05
0.00013042 4.4946e-06 1.8796e-05 1.4185e-05
0.00013094 4.3616e-06 1.8878e-05 1.4083e-05
0.00013144 4.2221e-06 1.8951e-05 1.3975e-05
0.00013193 4.076e-06 1.9013e-05 1.3861e-05
0.00013245 3.9323e-06 1.9089e-05 1.3759e-05
0.00013295 3.7823e-06 1.9157e-05 1.3651e-05
0.00013344 3.6259e-06 1.9216e-05 1.3537e-05
0.00013398 3.01e-06 1.9289e-05 1.3435e-05
0.00013445 2.966e-06 1.9351e-05 1.3327e-05
0.00013491 2.9163e-06 1.9404e-05 1.3213e-05
0.00013536 2.8608e-06 1.9447e-05 1.3094e-05
0.00013579 2.7996e-06 1.9482e-05 1.297e-05
0.00013624 2.7386e-06 1.9529e-05 1.2856e-05
0.00013664 3.031e-06 1.9566e-05 1.2738e-05
0.00013703 3.3161e-06 1.9594e-05 1.2613e-05
0.0001374 3.5942e-06 1.9613e-05 1.2483e-05
0.0001362 3.8823e-06 1.9644e-05 1.2364e-05
0.00013497 4.1631e-06 1.9666e-05 1.2239e-05
0.00013379 4.4486e-06 1.97e-05 1.2125e-05
0.00013264 4.7388e-06 1.9747e-05 1.2021e-05
0.00013148 5.0221e-06 1.9784e-05 1.1912e-05
0.00013034 5.31e-06 1.9833e-05 1.1813e-05
0.00012924 5.6025e-06 1.9894e-05 1.1723e-05
0.00012813 5.8881e-06 1.9946e-05 1.1628e-05
0.000127 6.1671e-06 1.999e-05 1.1528e-05
0.00012586 6.4397e-06 2.0026e-05 1.1425e-05
0.0001247 6.7058e-06 2.0053e-05 1.1317e-05
0.00012357 6.9759e-06 2.0092e-05 1.1218e-05
0.00012243 7.2396e-06 2.0122e-05 1.1115e-05
0.00012132 7.5073e-06 2.0163e-05 1.1019e-05
0.0001202 7.7684e-06 2.0196e-05 1.092e-05
0.00011906 8.0231e-06 2.022e-05 1.0816e-05
0.00011795 8.2817e-06 2.0255e-05 1.072e-05
0.00011683 8.5338e-06 2.0282e-05 1.0621e-05
0.00011573 8.7897e-06 2.0318e-05 1.0528e-05
0.00011463 9.0395e-06 2.0348e-05 1.0432e-05
0.00011355 9.2932e-06 2.0387e-05 1.0344e-05
0.00011249 9.551e-06 2.0435e-05 1.0262e-05
0.00011142 9.8026e-06 2.0477e-05 1.0177e-05
0.00011038 1.0058e-05 2.0528e-05 1.0099e-05
0.00010936 1.0318e-05 2.0588e-05 1.0027e-05
0.00010834 1.0571e-05 2.0641e-05 9.9515e-06
0.00010729 1.0818e-05 2.0686e-05 9.8725e-06
0.00010628 1.1069e-05 2.0741e-05 9.8002e-06
0.00010525 1.1313e-05 2.0788e-05 9.7242e-06
0.00010421 1.1551e-05 2.0827e-05 9.6446e-06
0.00010316 1.1783e-05 2.086e-05 9.5617e-06
0.00010213 1.2019e-05 2.0902e-05 9.4852e-06
0.00010109 1.2249e-05 2.0936e-05 9.4051e-06
0.00010004 1.2472e-05 2.0963e-05 9.3214e-06
9.9013e-05 1.27e-05 2.0999e-05 9.2441e-06
9.8009e-05 1.2931e-05 2.1044e-05 9.173e-06
9.6993e-05 1.3156e-05 2.1082e-05 9.0984e-06
9.6e-05 1.3386e-05 2.113e-05 9.0299e-06
9.4995e-05 1.3609e-05 2.1169e-05 8.9579e-06
9.398e-05 1.3825e-05 2.1202e-05 8.8826e-06
9.2953e-05 1.4036e-05 2.1227e-05 8.8039e-06
9.195e-05 1.4251e-05 2.1262e-05 8.7314e-06
9.097e-05 1.447e-05 2.1307e-05 8.6651e-06
8.9978e-05 1.4683e-05 2.1344e-05 8.5954e-06
8.901e-05 1.4902e-05 2.1391e-05 8.5318e-06
8.803e-05 1.5113e-05 2.1431e-05 8.4648e-06
8.7039e-05 1.5318e-05 2.1463e-05 8.3943e-06
8.6024e-05 1.5512e-05 2.1509e-05 8.3315e-06
8.5032e-05 1.5712e-05 2.1565e-05 8.2747e-06
8.4029e-05 1.5905e-05 2.1614e-05 8.2145e-06
8.3013e-05 1.6091e-05 2.1654e-05 8.1507e-06
8.1986e-05 1.6271e-05 2.1687e-05 8.0835e-06
8.0982e-05 1.6456e-05 2.1731e-05 8.0222e-06
7.9966e-05 1.6634e-05 2.1766e-05 7.9574e-06
7.8938e-05 1.6805e-05 2.1794e-05 7.8893e-06
7.7934e-05 1.6982e-05 2.1831e-05 7.827e-06
7.6953e-05 1.7163e-05 2.188e-05 7.7706e-06
7.596e-05 1.7338e-05 2.192e-05 7.7108e-06
7.499e-05 1.7518e-05 2.1972e-05 7.6569e-06
7.4009e-05 1.7692e-05 2.2015e-05 7.5994e-06
7.3015e-05 1.7859e-05 2.205e-05 7.5385e-06
7.2043e-05 1.8031e-05 2.2096e-05 7.4832e-06
7.1094e-05 1.8208e-05 2.2152e-05 7.4334e-06
7.0166e-05 1.8391e-05 2.2219e-05 7.389e-06
6.9259e-05 1.8579e-05 2.2296e-05 7.3501e-06
6.8373e-05 1.8773e-05 2.2385e-05 7.3164e-06
6.7508e-05 1.8973e-05 2.2485e-05 7.2881e-06
6.6632e-05 1.9166e-05 2.2576e-05 7.2565e-06
6.5776e-05 1.9365e-05 2.268e-05 7.2302e-06
6.4942e-05 1.9571e-05 2.2795e-05 7.2094e-06
6.4096e-05 1.977e-05 2.2902e-05 7.1853e-06
6.3271e-05 1.9976e-05 2.3021e-05 7.1667e-06
6.2467e-05 2.0188e-05 2.3153e-05 7.1536e-06
6.1684e-05 2.0408e-05 2.3298e-05 7.1461e-06
6.0889e-05 2.062e-05 2.3434e-05 7.1349e-06
6.0114e-05 2.084e-05 2.3583e-05 7.1295e-06
5.936e-05 2.1067e-05 2.3746e-05 7.1298e-06
5.8594e-05 2.1287e-05 2.39e-05 7.1264e-06
5.7814e-05 2.1498e-05 2.4044e-05 7.1191e-06
5.7022e-05 2.1702e-05 2.4177e-05 7.1079e-06
5.6214e-05 2.1896e-05 2.4327e-05 7.1032e-06
5.5428e-05 2.2099e-05 2.4497e-05 6.8665e-06
5.4665e-05 2.231e-05 2.4682e-05 6.6425e-06
5.3924e-05 2.2531e-05 2.4884e-05 6.4305e-06
5.317e-05 2.2743e-05 2.5075e-05 6.2132e-06
5.2404e-05 2.2947e-05 2.5257e-05 5.9906e-06
5.1658e-05 2.316e-05 2.5455e-05 5.7796e-06
5.0901e-05 2.3366e-05 2.5642e-05 5.5633e-06
5.0164e-05 2.358e-05 2.5846e-05 5.3583e-06
4.9414e-05 2.3785e-05 2.6039e-05 5.1477e-06
4.8651e-05 2.3982e-05 2.6222e-05 4.9314e-06
4.7874e-05 2.417e-05 2.6422e-05 4.727e-06
4.7084e-05 2.4349e-05 2.6612e-05 4.5175e-06
4.6315e-05 2.4538e-05 2.6819e-05 4.3189e-06
4.5534e-05 2.4718e-05 2.7016e-05 4.1153e-06
4.474e-05 2.489e-05 2.7202e-05 3.9062e-06
4.3933e-05 2.5055e-05 2.7379e-05 3.6921e-06
4.3148e-05 2.5228e-05 2.7571e-05 3.4885e-06
4.2349e-05 2.5392e-05 2.7753e-05 3.2796e-06
4.1539e-05 2.5548e-05 2.7924e-05 3.0657e-06
4.0716e-05 2.5697e-05 2.8086e-05 2.8467e-06
3.9914e-05 2.5854e-05 2.8265e-05 2.6384e-06
3.9132e-05 2.6021e-05 2.846e-05 2.4404e-06
3.8339e-05 2.6179e-05 2.8646e-05 2.2376e-06
3.7565e-05 2.6347e-05 2.8848e-05 2.0444e-06
3.6779e-05 2.6506e-05 2.9039e-05 1.8461e-06
3.598e-05 2.6657e-05 2.9206e-05 1.8571e-06
3.5168e-05 2.6799e-05 2.9362e-05 1.8652e-06
3.4345e-05 2.6933e-05 2.9508e-05 1.8705e-06
3.3541e-05 2.7076e-05 2.967e-05 1.8784e-06
3.2725e-05 2.7211e-05 2.9822e-05 1.8835e-06
3.1897e-05 2.7337e-05 2.9963e-05 1.8858e-06
3.1088e-05 2.7473e-05 3.0122e-05 1.8907e-06
3.0267e-05 2.76e-05 3.0269e-05 1.8928e-06
2.9465e-05 2.7737e-05 3.0434e-05 1.8974e-06
2.8652e-05 2.7865e-05 3.0588e-05 1.8992e-06
2.7857e-05 2.8002e-05 3.076e-05 1.9037e-06
2.705e-05 2.8131e-05 3.0921e-05 1.9053e-06
2.6262e-05 2.827e-05 3.11e-05 1.9095e-06
2.5492e-05 2.8418e-05 3.1296e-05 1.9163e-06
2.471e-05 2.8557e-05 3.1481e-05 1.9202e-06
2.3915e-05 2.8687e-05 3.1655e-05 1.9212e-06
2.3109e-05 2.8809e-05 3.1819e-05 1.9194e-06
2.229e-05 2.8923e-05 3.197e-05 1.9148e-06
2.1459e-05 2.9027e-05 3.2111e-05 1.9073e-06
2.0614e-05 2.9123e-05 3.224e-05 1.8968e-06
1.9789e-05 2.9229e-05 3.2387e-05 1.8891e-06
1.8956e-05 2.9326e-05 3.2524e-05 1.8786e-06
1.8142e-05 2.9433e-05 3.2679e-05 1.8708e-06
1.7314e-05 2.9531e-05 3.2823e-05 1.8601e-06
1.6506e-05 2.9639e-05 3.2986e-05 1.8522e-06
1.6688e-05 2.9734e-05 3.3137e-05 1.8413e-06
1.6861e-05 2.982e-05 3.3277e-05 1.8276e-06
1.7025e-05 2.9897e-05 3.3406e-05 1.8111e-06
1.7197e-05 2.9985e-05 3.3554e-05 1.7973e-06
1.7359e-05 3.0064e-05 3.369e-05 1.7806e-06
1.7512e-05 3.0134e-05 3.3815e-05 1.761e-06
1.7657e-05 3.0195e-05 3.3927e-05 1.7384e-06
1.7808e-05 3.0265e-05 3.4059e-05 1.7185e-06
1.795e-05 3.0327e-05 3.4178e-05 1.6956e-06
1.8083e-05 3.038e-05 3.4286e-05 1.6698e-06
1.8208e-05 3.0424e-05 3.4382e-05 1.6412e-06
1.8339e-05 3.0478e-05 3.4498e-05 1.6152e-06
1.8461e-05 3.0523e-05 3.4602e-05 1.5864e-06
1.8575e-05 3.0559e-05 3.4694e-05 1.5546e-06
1.8696e-05 3.0607e-05 3.477e-05 1.5194e-06
1.8823e-05 3.0664e-05 3.4866e-05 1.487e-06
1.8958e-05 3.0732e-05 3.4981e-05 1.4572e-06
1.9083e-05 3.0791e-05 3.5084e-05 1.4244e-06
1.9218e-05 3.0862e-05 3.5155e-05 1.3861e-06
1.936e-05 3.0944e-05 3.5246e-05 1.3506e-06
1.9491e-05 3.1016e-05 3.5358e-05 1.3179e-06
1.9614e-05 3.1078e-05 3.5458e-05 1.2822e-06
1.9744e-05 3.1151e-05 3.5578e-05 1.2492e-06
2.1455e-05 3.1193e-05 3.5686e-05 1.2131e-06
2.3208e-05 3.1246e-05 3.5813e-05 1.1795e-06
2.5006e-05 3.1309e-05 3.596e-05 1.1483e-06
2.6857e-05 3.1384e-05 3.6128e-05 1.1194e-06
2.8755e-05 3.1469e-05 3.6318e-05 1.0926e-06
3.0632e-05 3.1544e-05 3.6494e-05 1.0631e-06
3.2555e-05 3.1631e-05 3.6692e-05 1.0357e-06
3.4457e-05 3.1708e-05 3.6878e-05 1.0056e-06
3.634e-05 3.1777e-05 3.7051e-05 9.7292e-07
3.8202e-05 3.1837e-05 3.7213e-05 9.3759e-07
4.0111e-05 3.1907e-05 3.7396e-05 9.0429e-07
4.2068e-05 3.1988e-05 3.76e-05 8.7294e-07
4.4005e-05 3.206e-05 3.7792e-05 8.3905e-07
4.5922e-05 3.2124e-05 3.7973e-05 8.026e-07
4.7888e-05 3.2198e-05 3.7443e-05 7.6917e-07
4.9902e-05 3.2283e-05 3.6941e-05 7.375e-07
5.1895e-05 3.2359e-05 3.6424e-05 7.0324e-07
5.3868e-05 3.2426e-05 3.5894e-05 6.6649e-07
5.582e-05 3.2485e-05 3.5351e-05 6.2724e-07
5.7822e-05 3.2554e-05 3.4835e-05 5.8972e-07
5.9804e-05 3.2615e-05 3.4306e-05 5.4974e-07
6.1835e-05 3.2686e-05 3.3803e-05 5.1134e-07
6.3844e-05 3.2747e-05 3.3287e-05 4.704e-07
6.5902e-05 3.282e-05 3.2796e-05 4.3096e-07
6.7941e-05 3.2883e-05 3.2293e-05 3.8911e-07
6.9959e-05 3.2938e-05 3.1776e-05 3.4483e-07
7.2028e-05 3.3004e-05 3.1286e-05 3.0206e-07
7.4077e-05 3.3061e-05 3.0782e-05 2.5689e-07
7.6103e-05 3.3109e-05 3.0245e-05 2.724e-07
7.8107e-05 3.3148e-05 2.9693e-05 2.858e-07
8.0089e-05 3.3178e-05 2.9127e-05 2.971e-07
8.2121e-05 3.3218e-05 2.8588e-05 3.0864e-07
8.4203e-05 3.3268e-05 2.8074e-05 3.2046e-07
8.4528e-05 3.3336e-05 2.7585e-05 3.3261e-07
8.4841e-05 3.3396e-05 2.7083e-05 3.4265e-07
8.5173e-05 3.3465e-05 2.6604e-05 3.5298e-07
8.5493e-05 3.3525e-05 2.6113e-05 3.6121e-07
8.5832e-05 3.3596e-05 2.5644e-05 3.6973e-07
8.619e-05 3.3677e-05 2.5197e-05 3.7857e-07
8.6536e-05 3.3749e-05 2.4739e-05 3.8536e-07
8.6871e-05 3.3813e-05 2.4269e-05 3.9011e-07
8.7225e-05 3.3887e-05 2.3821e-05 3.9516e-07
8.7568e-05 3.3952e-05 2.3361e-05 3.9817e-07
8.7898e-05 3.4009e-05 2.2889e-05 3.991e-07
8.8247e-05 3.4076e-05 2.2438e-05 4.0033e-07
8.8585e-05 3.4135e-05 2.1977e-05 3.9954e-07
8.8912e-05 3.4186e-05 2.1504e-05 3.9672e-07
8.9258e-05 3.4246e-05 2.1052e-05 3.9421e-07
8.9592e-05 3.4299e-05 2.0589e-05 3.8967e-07
8.9946e-05 3.4361e-05 2.0146e-05 3.8541e-07
9.0319e-05 3.4433e-05 1.9722e-05 3.8143e-07
9.0713e-05 3.4516e-05 1.9317e-05 3.7773e-07
9.1094e-05 3.4589e-05 1.8902e-05 3.7195e-07
9.1463e-05 3.4655e-05 1.8475e-05 3.6415e-07
9.1853e-05 3.4731e-05 1.8068e-05 3.5664e-07
9.2263e-05 3.4817e-05 1.7678e-05 3.4939e-07
9.2694e-05 3.4913e-05 1.7306e-05 3.4238e-07
9.3113e-05 3.5001e-05 1.6923e-05 3.3331e-07
9.3518e-05 3.5079e-05 1.653e-05 3.2215e-07
9.3944e-05 3.5168e-05 1.6153e-05 3.1122e-07
9.4392e-05 3.5268e-05 1.5794e-05 3.0054e-07
9.4827e-05 3.5359e-05 1.5423e-05 2.8778e-07
9.5284e-05 3.546e-05 1.507e-05 2.7522e-07
9.5727e-05 3.5553e-05 1.4709e-05 2.6056e-07
9.6192e-05 3.5656e-05 1.4364e-05 2.4609e-07
9.6681e-05 3.577e-05 1.4035e-05 2.3182e-07
9.7155e-05 3.5876e-05 1.3695e-05 2.1547e-07
9.7616e-05 3.5972e-05 1.3345e-05 1.9705e-07
9.8063e-05 3.6058e-05 1.2984e-05 1.7654e-07
9.8533e-05 3.6156e-05 1.2639e-05 1.5621e-07
9.9026e-05 3.6265e-05 1.231e-05 1.3603e-07
9.9544e-05 3.6386e-05 1.1996e-05 1.1593e-07
0.00010009 3.6519e-05 1.1696e-05 9.5874e-08
0.00010061 3.6643e-05 1.1387e-05 7.3788e-08
0.00010113 3.6757e-05 1.1067e-05 4.9718e-08
0.00010163 3.6862e-05 1.0725e-05 5.3374e-08
0.00010212 3.6958e-05 1.0359e-05 1.0035e-07
0.00010263 3.7066e-05 1.0008e-05 1.4866e-07
0.00010188 3.7194e-05 9.6736e-06 1.9853e-07
0.00010112 3.7313e-05 9.329e-06 2.4594e-07
0.00010038 3.7444e-05 8.9992e-06 2.9499e-07
9.9634e-05 3.7566e-05 8.6597e-06 3.4157e-07
9.8913e-05 3.77e-05 8.3346e-06 3.8987e-07
9.8219e-05 3.7847e-05 8.0231e-06 4.4004e-07
9.7552e-05 3.8006e-05 7.7246e-06 4.9224e-07
9.6911e-05 3.8177e-05 7.4387e-06 5.4663e-07
9.6296e-05 3.8361e-05 7.1645e-06 6.0332e-07
9.5705e-05 3.8558e-05 6.9017e-06 6.6255e-07
9.514e-05 3.8767e-05 6.6499e-06 7.2451e-07
9.4599e-05 3.899e-05 6.4086e-06 7.894e-07
9.4082e-05 3.9225e-05 6.1774e-06 8.5743e-07
9.359e-05 3.9474e-05 5.9558e-06 9.2882e-07
9.3083e-05 3.9714e-05 5.7278e-06 9.9696e-07
9.2563e-05 3.9943e-05 5.4916e-06 1.0621e-06
9.2066e-05 4.0186e-05 5.2647e-06 1.1306e-06
9.1592e-05 4.0443e-05 5.0465e-06 1.2027e-06
9.1104e-05 4.0689e-05 4.8199e-06 1.2715e-06
9.0602e-05 4.0925e-05 4.5847e-06 1.337e-06
9.0122e-05 4.1175e-05 4.3583e-06 1.4062e-06
8.963e-05 4.1415e-05 4.1239e-06 1.4722e-06
8.9161e-05 4.1668e-05 3.8979e-06 1.5421e-06
8.8677e-05 4.1912e-05 3.6636e-06 1.6086e-06
8.818e-05 4.2146e-05 3.4214e-06 1.6719e-06
8.767e-05 4.237e-05 3.5248e-06 1.7277e-06
8.7183e-05 4.2608e-05 3.6329e-06 1.7872e-06
8.6683e-05 4.2837e-05 3.7343e-06 1.8436e-06
8.621e-05 4.3082e-05 3.8215e-06 1.8936e-06
8.5759e-05 4.3341e-05 3.9132e-06 1.9473e-06
8.5331e-05 4.3615e-05 4.0096e-06 2.0047e-06
8.489e-05 4.3879e-05 4.0992e-06 2.0591e-06
8.447e-05 4.4157e-05 4.1935e-06 2.1173e-06
8.4039e-05 4.4426e-05 4.281e-06 2.1724e-06
8.4043e-05 4.4145e-05 4.4749e-06 2.1542e-06
8.4066e-05 4.3878e-05 4.6761e-06 2.1389e-06
8.4107e-05 4.3625e-05 4.8847e-06 2.1264e-06
8.4166e-05 4.3384e-05 5.1006e-06 2.1165e-06
8.4241e-05 4.3155e-05 5.324e-06 2.1092e-06
8.4333e-05 4.2938e-05 5.5549e-06 2.1042e-06
8.4414e-05 4.2712e-05 5.7782e-06 2.0966e-06
8.451e-05 4.2497e-05 6.009e-06 2.0913e-06
8.4597e-05 4.2274e-05 6.2327e-06 2.0835e-06
8.4674e-05 4.2044e-05 6.4496e-06 2.0733e-06
8.4766e-05 4.1823e-05 6.6735e-06 2.0652e-06
8.4873e-05 4.1613e-05 6.9044e-06 2.0591e-06
8.4994e-05 4.1413e-05 7.1425e-06 2.055e-06
8.5129e-05 4.1222e-05 7.3878e-06 2.0527e-06
8.5279e-05 4.104e-05 7.6407e-06 2.0524e-06
8.5419e-05 4.0851e-05 7.8865e-06 2.0496e-06
8.5572e-05 4.067e-05 8.1397e-06 2.0487e-06
8.574e-05 4.0498e-05 8.4004e-06 2.0495e-06
8.5897e-05 4.0319e-05 8.6541e-06 2.048e-06
8.6069e-05 4.0149e-05 8.9155e-06 2.0482e-06
8.6231e-05 3.9971e-05 9.17e-06 2.0461e-06
8.6384e-05 3.9786e-05 9.4176e-06 2.0418e-06
8.655e-05 3.9609e-05 9.6726e-06 2.039e-06
8.6729e-05 3.944e-05 9.9351e-06 2.0379e-06
8.6899e-05 3.9264e-05 1.0191e-05 2.0345e-06
8.7082e-05 3.9096e-05 1.0454e-05 2.0327e-06
8.7278e-05 3.8935e-05 1.0725e-05 2.0324e-06
8.7486e-05 3.8782e-05 1.1004e-05 2.0337e-06
8.7707e-05 3.8636e-05 1.1292e-05 2.0365e-06
8.792e-05 3.8484e-05 1.1573e-05 2.0372e-06
8.8145e-05 3.8339e-05 1.1862e-05 2.0394e-06
8.8362e-05 3.8187e-05 1.2144e-05 2.0395e-06
8.8571e-05 3.8029e-05 1.242e-05 2.0374e-06
8.8792e-05 3.7878e-05 1.2704e-05 2.0367e-06
8.9025e-05 3.7734e-05 1.2997e-05 2.0376e-06
8.925e-05 3.7584e-05 1.3282e-05 2.0362e-06
8.9467e-05 3.7427e-05 1.3562e-05 2.0328e-06
8.9676e-05 3.7263e-05 1.3834e-05 2.0273e-06
8.9897e-05 3.7107e-05 1.4115e-05 2.0231e-06
9.013e-05 3.6957e-05 1.4405e-05 2.0204e-06
9.0355e-05 3.68e-05 1.4687e-05 2.0155e-06
9.0572e-05 3.6638e-05 1.4964e-05 2.0086e-06
9.0801e-05 3.6482e-05 1.5249e-05 2.003e-06
9.1022e-05 3.632e-05 1.5527e-05 1.9954e-06
9.1256e-05 3.6165e-05 1.5815e-05 1.9893e-06
9.1502e-05 3.6016e-05 1.6112e-05 1.9845e-06
9.1741e-05 3.5861e-05 1.6402e-05 1.9776e-06
9.1991e-05 3.5713e-05 1.6702e-05 1.9722e-06
9.2234e-05 3.5558e-05 1.6994e-05 1.9646e-06
9.2489e-05 3.541e-05 1.7297e-05 1.9584e-06
9.2736e-05 3.5255e-05 1.7592e-05 1.9501e-06
9.2974e-05 3.5094e-05 1.788e-05 1.9396e-06
9.3225e-05 3.4939e-05 1.8178e-05 1.9305e-06
9.3467e-05 3.4778e-05 1.8469e-05 1.9193e-06
9.3701e-05 3.461e-05 1.8753e-05 1.9059e-06
9.3948e-05 3.445e-05 1.9047e-05 1.894e-06
9.4187e-05 3.4282e-05 1.9334e-05 1.8799e-06
9.4417e-05 3.4108e-05 1.9614e-05 1.8636e-06
9.466e-05 3.3941e-05 1.9904e-05 1.8488e-06
9.4894e-05 3.3767e-05 2.0187e-05 1.8318e-06
9.512e-05 3.3587e-05 2.0463e-05 1.8127e-06
9.536e-05 3.3414e-05 2.0749e-05 1.795e-06
9.5591e-05 3.3234e-05 2.1029e-05 1.7753e-06
9.5836e-05 3.3061e-05 2.132e-05 1.757e-06
9.6072e-05 3.2882e-05 2.1603e-05 1.7366e-06
9.6301e-05 3.2696e-05 2.1879e-05 1.7141e-06
9.652e-05 3.2504e-05 2.2149e-05 1.6894e-06
9.6756e-05 3.232e-05 2.2397e-05 1.6605e-06
9.7006e-05 3.2143e-05 2.2657e-05 1.6332e-06
9.7247e-05 3.196e-05 2.2909e-05 1.6037e-06
9.7478e-05 3.1769e-05 2.3154e-05 1.5719e-06
9.7701e-05 3.1572e-05 2.3391e-05 1.538e-06
9.7916e-05 3.1369e-05 2.3621e-05 1.5018e-06
9.8121e-05 3.1158e-05 2.3843e-05 1.4635e-06
9.8318e-05 3.0942e-05 2.4059e-05 1.423e-06
9.8528e-05 3.0732e-05 2.4285e-05 1.3839e-06
9.873e-05 3.0515e-05 2.4503e-05 1.3427e-06
9.8945e-05 3.0305e-05 2.4733e-05 1.3029e-06
9.9174e-05 3.0102e-05 2.4973e-05 1.2646e-06
9.9417e-05 2.9905e-05 2.5225e-05 1.2275e-06
9.9674e-05 2.9714e-05 2.5488e-05 1.1917e-06
9.9922e-05 2.9516e-05 2.5744e-05 1.1537e-06
0.00010016 2.9313e-05 2.5993e-05 1.1137e-06
0.00010042 2.9115e-05 2.6253e-05 1.0749e-06
0.00010066 2.8911e-05 2.6505e-05 1.0339e-06
0.0001009 2.8701e-05 2.675e-05 9.9087e-07
0.00010115 2.8497e-05 2.7007e-05 9.4901e-07
0.00010139 2.8286e-05 2.7256e-05 9.0503e-07
0.00010164 2.8082e-05 2.7517e-05 8.6222e-07
0.00010189 2.7871e-05 2.7771e-05 8.1736e-07
0.00010213 2.7655e-05 2.8017e-05 7.7044e-07
0.00010238 2.7444e-05 2.8276e-05 7.2468e-07
0.00010262 2.7227e-05 2.8527e-05 6.7679e-07
0.00010286 2.7003e-05 2.8771e-05 6.2683e-07
0.00010311 2.6786e-05 2.9028e-05 5.7802e-07
0.00010335 2.6563e-05 2.9273e-05 6.3406e-07
0.00010358 2.6332e-05 2.9512e-05 6.8801e-07
0.00010383 2.6109e-05 2.9763e-05 7.4324e-07
0.00010409 2.5891e-05 3.0026e-05 7.9984e-07
0.00010434 2.5666e-05 3.0282e-05 8.5426e-07
0.00010458 2.5435e-05 3.0529e-05 9.065e-07
0.00010482 2.5198e-05 3.077e-05 9.5664e-07
0.00010507 2.4967e-05 3.1023e-05 1.0081e-06
0.00010531 2.4729e-05 3.1268e-05 1.0575e-06
0.00010554 2.4485e-05 3.1505e-05 1.1047e-06
0.00010578 2.4247e-05 3.1756e-05 1.1533e-06
0.00010602 2.4002e-05 3.1998e-05 1.1998e-06
0.00010627 2.3763e-05 3.2254e-05 1.2478e-06
0.00010651 2.3518e-05 3.2501e-05 1.2935e-06
0.00010677 2.3279e-05 3.2762e-05 1.3407e-06
0.00010704 2.3044e-05 3.3035e-05 1.3895e-06
0.0001073 2.2804e-05 3.3301e-05 1.436e-06
0.00010756 2.2557e-05 3.3559e-05 1.4804e-06
0.00010782 2.2316e-05 3.383e-05 1.5265e-06
0.00010811 2.208e-05 3.4115e-05 1.5742e-06
0.00010838 2.1838e-05 3.4392e-05 1.6197e-06
0.00010865 2.159e-05 3.4661e-05 1.663e-06
0.0001089 2.1336e-05 3.4923e-05 1.7041e-06
0.00010917 2.1087e-05 3.5198e-05 1.747e-06
0.00010944 2.0832e-05 3.5466e-05 1.7876e-06
0.00010969 2.057e-05 3.5725e-05 1.826e-06
0.00010996 2.0314e-05 3.5998e-05 1.8661e-06
0.00011022 2.0051e-05 3.6264e-05 1.904e-06
0.00011049 1.9794e-05 3.6543e-05 1.9436e-06
0.00011078 1.9542e-05 3.6836e-05 1.9851e-06
0.00011106 1.9283e-05 3.7122e-05 2.0245e-06
0.00011136 1.9031e-05 3.7422e-05 2.0657e-06
0.00011167 1.8783e-05 3.7738e-05 2.109e-06
0.00011197 1.8529e-05 3.8046e-05 2.15e-06
0.00011227 1.8269e-05 3.8345e-05 2.1888e-06
0.00011255 1.8003e-05 3.8636e-05 2.2252e-06
0.00011285 1.7741e-05 3.8942e-05 2.2637e-06
0.00011317 1.7485e-05 3.9265e-05 2.3044e-06
0.0001135 1.7235e-05 3.9604e-05 2.3474e-06
0.00011383 1.6978e-05 3.9934e-05 2.388e-06
0.00011414 1.6715e-05 4.0255e-05 2.4262e-06
0.00011445 1.6445e-05 4.0568e-05 2.462e-06
0.00011477 1.6181e-05 4.0898e-05 2.5002e-06
0.00011511 1.5922e-05 4.1246e-05 2.541e-06
0.00011547 1.5669e-05 4.1611e-05 2.5843e-06
0.00011582 1.5409e-05 4.1967e-05 2.625e-06
0.00011616 1.5142e-05 4.2313e-05 2.6631e-06
0.00011651 1.4881e-05 4.2677e-05 2.704e-06
0.00011689 1.4625e-05 4.3063e-05 2.6032e-06
0.00011728 1.4376e-05 4.347e-05 2.5069e-06
0.00011767 1.412e-05 4.3866e-05 2.4076e-06
0.00011804 1.3857e-05 4.4253e-05 2.3054e-06
0.00011844 1.3599e-05 4.466e-05 2.2075e-06
0.00011882 1.3335e-05 4.5057e-05 2.1065e-06
0.00011919 1.3064e-05 4.5442e-05 2.0024e-06
0.00011955 1.2785e-05 4.5816e-05 1.8952e-06
0.00011993 1.2513e-05 4.6212e-05 1.7923e-06
0.0001203 1.2233e-05 4.6596e-05 1.6862e-06
0.00012069 1.1959e-05 4.7002e-05 1.5844e-06
0.00012106 1.1677e-05 4.7396e-05 1.4794e-06
0.00012146 1.1402e-05 4.7813e-05 1.3786e-06
0.00012185 1.1119e-05 4.8218e-05 1.2746e-06
0.00012225 1.0842e-05 4.8646e-05 1.1749e-06
0.00012265 1.0558e-05 4.9043e-05 1.2149e-06
0.00012306 1.0279e-05 4.8548e-05 1.2581e-06
0.00012347 9.9938e-06 4.8041e-05 1.2989e-06
0.0001239 9.7139e-06 4.7558e-05 1.3418e-06
0.00012431 9.4269e-06 4.7063e-05 1.3821e-06
0.00012475 9.1452e-06 4.6592e-05 1.4246e-06
0.0001252 8.8686e-06 4.6144e-05 1.4693e-06
0.00012568 8.5969e-06 4.5718e-05 1.5164e-06
0.00012619 8.3299e-06 4.5313e-05 1.5659e-06
0.00012671 8.0676e-06 4.4931e-05 1.618e-06
0.00012723 7.7984e-06 4.4537e-05 1.6674e-06
0.00012773 7.5228e-06 4.4133e-05 1.7142e-06
0.00012822 7.2406e-06 4.3718e-05 1.7585e-06
0.00012866 7.525e-06 4.3293e-05 1.8002e-06
0.00012909 7.803e-06 4.2858e-05 1.8393e-06
0.00012954 8.0853e-06 4.2444e-05 1.8808e-06
0.00012998 8.361e-06 4.2019e-05 1.9197e-06
0.00013041 8.6301e-06 4.1583e-05 1.9561e-06
0.00013082 8.8928e-06 4.1138e-05 1.99e-06
0.00013123 9.1491e-06 4.0682e-05 2.0214e-06
0.00013162 9.3994e-06 4.0217e-05 2.0504e-06
0.00013204 9.6534e-06 3.9772e-05 2.0815e-06
0.00013244 9.9011e-06 3.9316e-05 2.1103e-06
0.00013284 1.0143e-05 3.8852e-05 2.1367e-06
0.00013325 1.0388e-05 3.8407e-05 2.1651e-06
0.00013366 1.0627e-05 3.7951e-05 2.1911e-06
0.00013405 1.0861e-05 3.7488e-05 2.2149e-06
0.00013446 1.1097e-05 3.7042e-05 2.2406e-06
0.00013486 1.1328e-05 3.6587e-05 2.264e-06
0.00013526 1.1553e-05 3.6124e-05 2.2852e-06
0.00013567 1.1781e-05 3.5678e-05 2.3082e-06
0.00013607 1.2004e-05 3.5223e-05 2.329e-06
0.00013646 1.222e-05 3.476e-05 2.3475e-06
0.00013687 1.244e-05 3.4313e-05 2.3679e-06
0.00013727 1.2654e-05 3.3858e-05 2.386e-06
0.00013766 1.2862e-05 3.3395e-05 2.4019e-06
0.00013807 1.3073e-05 3.2949e-05 2.4197e-06
0.00013847 1.3279e-05 3.2494e-05 2.4353e-06
0.00013886 1.3479e-05 3.2032e-05 2.4488e-06
0.00013927 1.3682e-05 3.1585e-05 2.4641e-06
0.00013967 1.388e-05 3.113e-05 2.4771e-06
0.00014006 1.4071e-05 3.0667e-05 2.488e-06
0.00014047 1.4266e-05 3.022e-05 2.5006e-06
0.00014087 1.4455e-05 2.9765e-05 2.5111e-06
0.00014128 1.4648e-05 2.9325e-05 2.5234e-06
0.00014169 1.4835e-05 2.8877e-05 2.5335e-06
0.00014209 1.5016e-05 2.8422e-05 2.5415e-06
0.0001425 1.52e-05 2.7981e-05 2.5513e-06
0.00014291 1.5379e-05 2.7533e-05 2.5588e-06
0.00014331 1.5552e-05 2.7076e-05 2.5642e-06
0.00014372 1.5728e-05 2.6634e-05 2.5713e-06
0.00014415 1.5907e-05 2.6206e-05 2.5801e-06
0.0001446 1.6089e-05 2.579e-05 2.5906e-06
0.00014504 1.6266e-05 2.5368e-05 2.5989e-06
0.00014547 1.6437e-05 2.4937e-05 2.6051e-06
0.00014592 1.6611e-05 2.452e-05 2.613e-06
0.00014639 1.6788e-05 2.4116e-05 2.6226e-06
0.00014684 1.696e-05 2.3704e-05 2.6301e-06
0.00014732 1.7135e-05 2.3305e-05 2.6393e-06
0.00014781 1.7314e-05 2.2919e-05 2.6504e-06
0.00014829 1.7487e-05 2.2526e-05 2.6593e-06
0.00014879 1.7663e-05 2.2144e-05 2.67e-06
0.00014929 1.7834e-05 2.1756e-05 2.6785e-06
0.00014977 1.7999e-05 2.136e-05 2.6849e-06
0.00015024 1.8158e-05 2.0958e-05 2.6892e-06
0.00015074 1.8321e-05 2.0567e-05 2.6953e-06
0.00015122 1.8479e-05 2.0169e-05 2.6992e-06
0.0001517 1.863e-05 1.9764e-05 2.7009e-06
0.00015216 1.8776e-05 1.9352e-05 2.7005e-06
0.00015265 1.8925e-05 1.8952e-05 2.7019e-06
0.00015315 1.9078e-05 1.8564e-05 2.7052e-06
0.00015364 1.9226e-05 1.8169e-05 2.7063e-06
0.00015415 1.9377e-05 1.7785e-05 2.7092e-06
0.00015466 1.9522e-05 1.7394e-05 2.71e-06
0.00015518 1.9672e-05 1.7014e-05 2.7125e-06
0.00015572 1.9824e-05 1.6645e-05 2.7168e-06
0.00015628 1.9981e-05 1.6286e-05 2.723e-06
0.00015686 2.0142e-05 1.5938e-05 2.7311e-06
0.00015742 2.0297e-05 1.5583e-05 2.737e-06
0.00015801 2.0456e-05 1.5238e-05 2.7447e-06
0.00015862 2.0619e-05 1.4903e-05 2.7543e-06
0.00015925 2.0786e-05 1.4578e-05 2.7659e-06
0.0001599 2.0958e-05 1.4262e-05 2.7794e-06
0.00016053 2.1123e-05 1.394e-05 2.7907e-06
0.00016119 2.1294e-05 1.3626e-05 2.804e-06
0.00016184 2.1458e-05 1.3307e-05 2.815e-06
0.00016251 2.1627e-05 1.2996e-05 2.8282e-06
0.00016317 2.179e-05 1.2679e-05 2.8391e-06
0.00016382 2.1946e-05 1.2354e-05 2.8476e-06
0.0001645 2.2108e-05 1.2039e-05 2.8583e-06
0.00016515 2.2259e-05 1.1736e-05 2.8718e-06
0.00016582 2.2415e-05 1.1443e-05 2.8876e-06
0.00016651 2.2577e-05 1.1158e-05 2.9057e-06
0.0001672 2.2732e-05 1.0867e-05 2.9215e-06
0.00016787 2.2881e-05 1.0568e-05 2.9349e-06
0.00016857 2.3035e-05 1.0278e-05 2.9505e-06
0.00016925 2.3182e-05 9.9813e-06 2.9638e-06
0.00016996 2.3335e-05 9.6925e-06 2.9793e-06
0.00017066 2.3481e-05 9.3969e-06 2.9923e-06
0.00017138 2.3633e-05 9.1092e-06 3.0077e-06
0.00017209 2.3777e-05 8.8147e-06 3.0207e-06
0.00017282 2.3928e-05 8.528e-06 3.0359e-06
0.00017357 2.4083e-05 8.2488e-06 3.0535e-06
0.00017432 2.4232e-05 7.9629e-06 3.0686e-06
0.00017505 2.4374e-05 7.6701e-06 3.0813e-06
0.00017581 2.4522e-05 7.385e-06 3.0965e-06
0.00017659 2.4675e-05 7.1074e-06 3.1141e-06
0.00017736 2.4823e-05 6.8233e-06 3.1293e-06
0.00017812 2.4963e-05 6.5327e-06 3.1422e-06
0.00017887 2.5098e-05 6.2352e-06 3.1526e-06
0.0001796 2.5226e-05 5.9311e-06 3.1606e-06
0.00018037 2.5359e-05 5.6345e-06 3.1711e-06
0.00018112 2.5486e-05 5.331e-06 3.179e-06
0.00018189 2.5619e-05 5.0349e-06 3.1895e-06
0.00018266 2.5745e-05 4.7318e-06 3.1975e-06
0.00018345 2.5877e-05 4.436e-06 3.2081e-06
0.00018426 2.6015e-05 4.1475e-06 3.2213e-06
0.00018506 2.6146e-05 3.852e-06 3.232e-06
0.00018585 2.6271e-05 3.5494e-06 3.24e-06
0.00018667 2.6401e-05 3.2541e-06 3.2508e-06
0.00018748 2.6525e-05 2.9517e-06 3.259e-06
0.00018831 2.6655e-05 2.6564e-06 3.2699e-06
0.00018913 2.6778e-05 2.3543e-06 3.2783e-06
0.00018998 2.6908e-05 2.0594e-06 3.2897e-06
0.00019081 2.7031e-05 2.1079e-06 3.2944e-06
0.00019163 2.7147e-05 2.151e-06 3.2963e-06
0.00019244 2.7256e-05 2.1886e-06 3.2956e-06
0.00019328 2.7371e-05 2.2271e-06 3.2978e-06
0.00019415 2.7494e-05 2.2666e-06 3.3032e-06
0.000195 2.761e-05 2.3004e-06 3.3058e-06
0.00019589 2.7733e-05 2.3353e-06 3.3115e-06
0.00019676 2.7849e-05 2.3647e-06 3.3146e-06
0.00019766 2.7972e-05 2.3953e-06 3.3208e-06
0.00019859 2.8103e-05 2.4268e-06 3.3301e-06
0.00019951 2.8227e-05 2.4529e-06 3.3368e-06
0.0001983 2.8365e-05 2.4801e-06 3.3466e-06
0.00019714 2.851e-05 2.5085e-06 3.3597e-06
0.00019595 2.8648e-05 2.5312e-06 3.3699e-06
0.00019475 2.8778e-05 2.5484e-06 3.3773e-06
0.00019359 2.8916e-05 2.5667e-06 3.3879e-06
0.00019246 2.9062e-05 2.5862e-06 3.4018e-06
0.00019131 2.92e-05 2.6e-06 3.4127e-06
0.0001902 2.9346e-05 2.6151e-06 3.427e-06
0.00018912 2.9501e-05 2.6314e-06 3.4446e-06
0.00018807 2.9663e-05 2.6489e-06 3.4656e-06
0.000187 2.9818e-05 2.6607e-06 3.4836e-06
0.00018593 2.9965e-05 2.6668e-06 3.4987e-06
0.00018488 3.012e-05 2.6743e-06 3.5172e-06
0.00018382 3.0267e-05 2.676e-06 3.5328e-06
0.00018275 3.0407e-05 2.6722e-06 3.5456e-06
0.00018166 3.054e-05 2.6629e-06 3.5555e-06
0.0001806 3.0681e-05 2.6549e-06 3.5689e-06
0.00017953 3.0814e-05 2.6411e-06 3.5792e-06
0.0001785 3.0957e-05 2.6168e-06 3.5834e-06
0.00017746 3.1093e-05 2.587e-06 3.5846e-06
0.00017644 3.1237e-05 2.5586e-06 3.5894e-06
0.00017541 3.1373e-05 2.5244e-06 3.5913e-06
0.00017442 3.1518e-05 2.4916e-06 3.5965e-06
0.00017341 3.1655e-05 2.453e-06 3.5988e-06
0.00017243 3.1801e-05 2.4157e-06 3.6046e-06
0.00017143 3.1939e-05 2.3729e-06 3.6075e-06
0.00017047 3.2086e-05 2.3314e-06 3.6139e-06
0.00016949 3.2226e-05 2.2843e-06 3.6176e-06
0.00016851 3.2358e-05 2.2318e-06 3.6184e-06
0.0001675 3.2483e-05 2.1738e-06 3.6165e-06
0.00016649 3.26e-05 2.1104e-06 3.6118e-06
0.0001655 3.2726e-05 2.0479e-06 3.6103e-06
0.00016455 3.286e-05 1.9865e-06 3.6122e-06
0.00016358 3.2986e-05 1.9195e-06 3.6112e-06
0.0001626 3.3105e-05 1.8471e-06 3.6076e-06
0.00016164 3.3232e-05 1.7756e-06 3.6071e-06
0.00016068 3.3352e-05 1.6987e-06 3.6039e-06
0.0001597 3.3464e-05 1.6165e-06 3.598e-06
0.00015875 3.3585e-05 1.5349e-06 3.5952e-06
0.00015779 3.3698e-05 1.448e-06 3.5898e-06
0.00015681 3.3804e-05 1.3559e-06 3.5817e-06
0.00015586 3.3919e-05 1.2643e-06 3.5766e-06
0.0001549 3.4025e-05 1.1674e-06 3.5689e-06
0.00015397 3.414e-05 1.071e-06 3.5642e-06
0.00015306 3.4262e-05 9.7486e-07 3.5624e-06
0.00015214 3.4377e-05 8.7346e-07 3.5579e-06
0.00015121 3.4484e-05 9.6496e-07 3.5468e-06
0.0001503 3.46e-05 1.0566e-06 3.5388e-06
0.00014938 3.4708e-05 1.1432e-06 3.5282e-06
0.00014849 3.4824e-05 1.2298e-06 3.5204e-06
0.00014758 3.4933e-05 1.3112e-06 3.5101e-06
0.00014667 3.5034e-05 1.3875e-06 3.4971e-06
0.00014574 3.513e-05 1.4588e-06 3.4817e-06
0.0001448 3.5218e-05 1.5251e-06 3.4639e-06
0.00014389 3.5314e-05 1.5912e-06 3.4487e-06
0.00014297 3.5403e-05 1.6524e-06 3.4312e-06
0.00014203 3.5485e-05 1.7087e-06 3.4112e-06
0.00014109 3.5561e-05 1.76e-06 3.3889e-06
0.00014017 3.5644e-05 1.8111e-06 3.3691e-06
0.00013927 3.5734e-05 1.8621e-06 3.3518e-06
0.00013839 3.583e-05 1.9128e-06 3.3369e-06
0.0001375 3.592e-05 1.9587e-06 3.3197e-06
0.0001366 3.6003e-05 1.9996e-06 3.3002e-06
0.0001357 3.608e-05 2.0357e-06 3.2784e-06
0.00013478 3.6151e-05 2.0669e-06 3.2544e-06
0.00013389 3.6229e-05 2.098e-06 3.2327e-06
0.00013298 3.63e-05 2.1241e-06 3.2088e-06
0.0001321 3.6378e-05 2.1501e-06 3.1873e-06
0.00013121 3.645e-05 2.1712e-06 3.1635e-06
0.00013034 3.6528e-05 2.1921e-06 3.1419e-06
0.00012946 3.66e-05 2.208e-06 3.118e-06
0.00012857 3.6665e-05 2.219e-06 3.0918e-06
0.0001277 3.6737e-05 2.2297e-06 3.0678e-06
0.00012684 3.6815e-05 2.2401e-06 3.0459e-06
0.00012598 3.6886e-05 2.2456e-06 3.0217e-06
0.00012511 3.6952e-05 2.2463e-06 2.9953e-06
0.00012426 3.7023e-05 2.2467e-06 2.9711e-06
0.00012343 3.7101e-05 2.2468e-06 2.9489e-06
0.00012262 3.7185e-05 2.2466e-06 2.9288e-06
0.00012183 3.7276e-05 2.2461e-06 2.9106e-06
0.00012105 3.7372e-05 2.2454e-06 2.8945e-06
0.0001203 3.7476e-05 2.2443e-06 2.8803e-06
0.00011956 3.7585e-05 2.2429e-06 2.868e-06
0.00011884 3.7701e-05 2.2412e-06 2.8576e-06
0.00011814 3.7823e-05 2.2391e-06 2.8491e-06
0.00011745 3.7951e-05 2.2366e-06 2.8424e-06
0.00011676 3.8074e-05 2.2293e-06 2.8335e-06
0.00011608 3.8202e-05 2.2217e-06 2.8266e-06
0.00011539 3.8325e-05 2.2092e-06 2.8175e-06
0.0001147 3.8442e-05 2.192e-06 2.8063e-06
0.00011402 3.8565e-05 2.1745e-06 2.7969e-06
0.00011333 3.8682e-05 2.1521e-06 2.7854e-06
0.00011266 3.8806e-05 2.1295e-06 2.7758e-06
0.00011199 3.8923e-05 2.1019e-06 2.764e-06
0.0001113 3.9034e-05 2.0695e-06 2.75e-06
0.00011063 3.9152e-05 2.0367e-06 2.7378e-06
0.00010997 3.9277e-05 2.0036e-06 2.7276e-06
0.00010931 3.9395e-05 1.9657e-06 2.7151e-06
0.00010864 3.9507e-05 1.9229e-06 2.7005e-06
0.00010796 3.9613e-05 1.8753e-06 2.6837e-06
0.0001073 3.9725e-05 1.8274e-06 2.6689e-06
0.00010665 3.9845e-05 1.7791e-06 2.656e-06
0.00010602 3.9972e-05 1.7305e-06 2.6448e-06
0.00010541 4.0105e-05 1.6814e-06 2.6356e-06
0.00010481 4.0246e-05 1.6319e-06 2.6281e-06
0.00010421 4.038e-05 1.5775e-06 2.6185e-06
0.00010362 4.0522e-05 1.5226e-06 2.6107e-06
0.00010305 4.0671e-05 1.4672e-06 2.6047e-06
0.00010249 4.0827e-05 1.4113e-06 2.6006e-06
0.00010195 4.099e-05 1.3548e-06 2.5983e-06
0.00010142 4.1162e-05 1.2978e-06 2.598e-06
0.00010091 4.1341e-05 1.2402e-06 2.5996e-06
0.00010039 4.1514e-05 1.1776e-06 2.5989e-06
9.9887e-05 4.1695e-05 1.1145e-06 2.6002e-06
9.94e-05 4.1883e-05 1.0507e-06 2.6035e-06
9.8903e-05 4.2065e-05 9.82e-07 2.6044e-06
9.8422e-05 4.2255e-05 9.1264e-07 2.6073e-06
9.7957e-05 4.2455e-05 8.4266e-07 2.6124e-06
9.7483e-05 4.2646e-05 7.6771e-07 2.6151e-06
9.6999e-05 4.2831e-05 6.8776e-07 2.6154e-06
9.6505e-05 4.3008e-05 6.0288e-07 2.6133e-06
9.6028e-05 4.3194e-05 5.1744e-07 2.6134e-06
9.554e-05 4.3373e-05 4.2695e-07 2.611e-06
9.5043e-05 4.3544e-05 4.7396e-07 2.6029e-06
9.4535e-05 4.3708e-05 5.1617e-07 2.5922e-06
9.4045e-05 4.3881e-05 5.5686e-07 2.5838e-06
9.3572e-05 4.4064e-05 5.9608e-07 2.5779e-06
9.309e-05 4.424e-05 6.3054e-07 2.5695e-06
9.2624e-05 4.4426e-05 6.6354e-07 2.5634e-06
9.2175e-05 4.4621e-05 6.9508e-07 2.5595e-06
9.1716e-05 4.4808e-05 7.2182e-07 2.5532e-06
9.1247e-05 4.4988e-05 7.4376e-07 2.5445e-06
9.0794e-05 4.5178e-05 7.6421e-07 2.5379e-06
9.0357e-05 4.5377e-05 7.8319e-07 2.5335e-06
8.9936e-05 4.5585e-05 8.0069e-07 2.5312e-06
8.9505e-05 4.5786e-05 8.1341e-07 2.5265e-06
8.9064e-05 4.598e-05 8.2135e-07 2.5195e-06
8.8614e-05 4.6166e-05 8.2454e-07 2.51e-06
8.8179e-05 4.6361e-05 8.2617e-07 2.5026e-06
8.7734e-05 4.6549e-05 8.2312e-07 2.4929e-06
8.7305e-05 4.6747e-05 8.1849e-07 2.4851e-06
8.6867e-05 4.6937e-05 8.0919e-07 2.4751e-06
8.6443e-05 4.7137e-05 7.9831e-07 2.4671e-06
8.6033e-05 4.7346e-05 7.8583e-07 2.461e-06
8.5638e-05 4.7564e-05 7.7178e-07 2.4569e-06
8.5233e-05 4.7775e-05 7.5306e-07 2.4505e-06
8.4843e-05 4.7995e-05 7.3272e-07 2.446e-06
8.4445e-05 4.8209e-05 7.0772e-07 2.4393e-06
8.406e-05 4.8432e-05 6.8108e-07 2.4345e-06
8.3689e-05 4.8664e-05 6.5281e-07 2.4317e-06
8.3309e-05 4.889e-05 6.1982e-07 2.4265e-06
8.2942e-05 4.9124e-05 5.8516e-07 2.4232e-06
8.2589e-05 4.9369e-05 5.4883e-07 2.4219e-06
8.2228e-05 4.9606e-05 6.8947e-07 2.4154e-06
8.188e-05 4.9854e-05 8.3088e-07 2.4107e-06
8.1545e-05 5.011e-05 9.7315e-07 2.4078e-06
8.1201e-05 5.036e-05 1.1101e-06 2.4027e-06
8.0848e-05 5.0602e-05 1.2419e-06 2.3953e-06
8.0508e-05 5.0854e-05 1.3744e-06 2.3896e-06
8.016e-05 5.1099e-05 1.5019e-06 2.3818e-06
7.9825e-05 5.1354e-05 1.6303e-06 2.3758e-06
7.9481e-05 5.1601e-05 1.7534e-06 2.3676e-06
7.9129e-05 5.1842e-05 1.8715e-06 2.3572e-06
7.8769e-05 5.2076e-05 1.9845e-06 2.3447e-06
7.8421e-05 5.2319e-05 2.0984e-06 2.3338e-06
7.8084e-05 5.2572e-05 2.2131e-06 2.3247e-06
7.776e-05 5.2834e-05 2.3288e-06 2.3172e-06
7.7448e-05 5.3105e-05 2.4458e-06 2.3113e-06
7.7127e-05 5.337e-05 2.5575e-06 2.3033e-06
7.6799e-05 5.3628e-05 2.664e-06 2.2931e-06
7.6481e-05 5.3895e-05 2.7715e-06 2.2845e-06
7.6156e-05 5.4155e-05 2.8739e-06 2.2738e-06
7.5823e-05 5.4409e-05 2.9712e-06 2.2609e-06
7.5501e-05 5.4672e-05 3.0695e-06 2.2496e-06
7.5171e-05 5.4928e-05 3.1627e-06 2.2362e-06
7.4833e-05 5.5177e-05 3.2508e-06 2.2207e-06
7.4506e-05 5.5436e-05 3.34e-06 2.2067e-06
7.4172e-05 5.5688e-05 3.4241e-06 2.1906e-06
7.3829e-05 5.5933e-05 3.5029e-06 2.1723e-06
7.3498e-05 5.6188e-05 3.5829e-06 2.1555e-06
7.3177e-05 5.6452e-05 3.6641e-06 2.1403e-06
7.2849e-05 5.6709e-05 3.7402e-06 2.123e-06
7.2513e-05 5.696e-05 3.8112e-06 2.1035e-06
7.2187e-05 5.722e-05 3.8834e-06 2.0856e-06
7.1873e-05 5.7489e-05 3.9568e-06 2.0691e-06
7.1569e-05 5.7769e-05 4.0317e-06 2.0541e-06
7.1258e-05 5.8042e-05 4.1015e-06 2.037e-06
7.0957e-05 5.8324e-05 4.1727e-06 2.0214e-06
7.0667e-05 5.8617e-05 4.2455e-06 2.0073e-06
7.0388e-05 5.892e-05 4.3199e-06 1.9945e-06
7.0102e-05 5.9216e-05 4.3892e-06 1.9798e-06
6.9825e-05 5.9523e-05 4.46e-06 1.9663e-06
6.9541e-05 5.9822e-05 4.5257e-06 1.9509e-06
6.9268e-05 6.0132e-05 4.5929e-06 1.9368e-06
6.8986e-05 6.0435e-05 4.6549e-06 1.9206e-06
6.8697e-05 6.0731e-05 4.7117e-06 1.9023e-06
6.8418e-05 6.1038e-05 4.7702e-06 1.8854e-06
6.8132e-05 6.1337e-05 4.8235e-06 1.8664e-06
6.7838e-05 6.163e-05 4.8716e-06 1.8454e-06
6.7555e-05 6.1934e-05 4.9216e-06 1.8258e-06
6.7282e-05 6.2248e-05 4.9735e-06 1.8076e-06
6.7002e-05 6.2556e-05 5.0201e-06 1.7873e-06
6.6732e-05 6.2874e-05 5.0687e-06 1.7684e-06
6.6472e-05 6.3204e-05 5.1191e-06 1.7508e-06
6.6223e-05 6.3545e-05 5.1717e-06 1.7346e-06
6.5984e-05 6.3897e-05 5.2263e-06 1.7196e-06
6.5737e-05 6.4242e-05 5.2756e-06 1.7026e-06
6.5501e-05 6.4598e-05 5.327e-06 1.6868e-06
6.5275e-05 6.4967e-05 5.3809e-06 1.6725e-06
6.506e-05 6.5348e-05 5.4372e-06 1.6594e-06
6.4837e-05 6.5722e-05 5.4879e-06 1.6443e-06
6.4606e-05 6.6088e-05 5.5332e-06 1.627e-06
6.4386e-05 6.6467e-05 5.5812e-06 1.6111e-06
6.4157e-05 6.6838e-05 5.6234e-06 1.593e-06
6.3919e-05 6.72e-05 5.6599e-06 1.5727e-06
6.3693e-05 6.7576e-05 5.6991e-06 1.5538e-06
6.3458e-05 6.7943e-05 5.7325e-06 1.5327e-06
6.3234e-05 6.8324e-05 5.7688e-06 1.513e-06
6.3001e-05 6.8697e-05 5.7991e-06 1.491e-06
6.278e-05 6.9083e-05 5.8325e-06 1.4705e-06
6.255e-05 6.946e-05 5.8599e-06 1.4476e-06
6.2303e-05 6.9822e-05 5.8926e-06 1.427e-06
6.2047e-05 7.0174e-05 5.9194e-06 1.4041e-06
6.1803e-05 7.0541e-05 5.9495e-06 1.3827e-06
6.155e-05 7.0899e-05 5.9736e-06 1.3589e-06
6.1309e-05 7.1272e-05 6.0011e-06 1.3367e-06
6.1059e-05 7.1636e-05 6.0224e-06 1.3122e-06
6.082e-05 7.2015e-05 6.0472e-06 1.2891e-06
6.0594e-05 7.2409e-05 6.0755e-06 1.2674e-06
6.038e-05 7.2818e-05 6.1074e-06 1.2471e-06
6.0157e-05 7.3219e-05 6.1333e-06 1.2246e-06
5.9947e-05 7.3636e-05 6.163e-06 1.2036e-06
5.9726e-05 7.4043e-05 6.1864e-06 1.1802e-06
5.9518e-05 7.4467e-05 6.2136e-06 1.1582e-06
5.9301e-05 7.4881e-05 6.2346e-06 1.134e-06
5.9096e-05 7.5312e-05 6.2595e-06 1.1111e-06
5.8881e-05 7.5732e-05 6.278e-06 1.0859e-06
5.8657e-05 7.6144e-05 6.2903e-06 1.0584e-06
5.8446e-05 7.6572e-05 6.3067e-06 1.0323e-06
5.8247e-05 7.7019e-05 6.3273e-06 1.0077e-06
5.8039e-05 7.7454e-05 6.3412e-06 9.8062e-07
5.782e-05 7.7879e-05 6.3485e-06 9.5114e-07
5.7614e-05 7.8323e-05 6.3603e-06 9.2316e-07
5.7397e-05 7.8755e-05 6.3594e-06 1.0239e-06
5.717e-05 7.9176e-05 6.3518e-06 1.1213e-06
5.6957e-05 7.9617e-05 6.3488e-06 1.223e-06
5.6734e-05 8.0046e-05 6.3391e-06 1.3214e-06
5.6524e-05 8.0494e-05 6.3339e-06 1.424e-06
5.6304e-05 8.0932e-05 6.3222e-06 1.5235e-06
5.6097e-05 8.139e-05 6.3152e-06 1.6275e-06
5.5881e-05 8.1837e-05 6.3016e-06 1.7284e-06
5.5655e-05 8.2274e-05 6.2817e-06 1.8262e-06
5.5419e-05 8.2701e-05 6.2553e-06 1.921e-06
5.5196e-05 8.3146e-05 6.2333e-06 2.0201e-06
5.4963e-05 8.3581e-05 6.2047e-06 2.1159e-06
5.4743e-05 8.4035e-05 6.1804e-06 2.2162e-06
5.4513e-05 8.4478e-05 6.1497e-06 2.3133e-06
5.4296e-05 8.4941e-05 6.1233e-06 2.415e-06
5.4069e-05 8.5393e-05 6.0905e-06 2.5136e-06
5.3855e-05 8.5865e-05 6.0641e-06 2.482e-06
5.3631e-05 8.6326e-05 6.0313e-06 2.4477e-06
5.342e-05 8.6807e-05 6.0029e-06 2.4162e-06
5.3221e-05 8.7307e-05 5.9785e-06 2.3874e-06
5.3034e-05 8.7827e-05 5.9582e-06 2.3612e-06
5.2838e-05 8.8336e-05 5.9314e-06 2.3324e-06
5.2654e-05 8.8865e-05 5.9086e-06 2.3062e-06
5.2481e-05 8.9413e-05 5.8899e-06 2.2825e-06
5.232e-05 8.9982e-05 5.875e-06 2.2612e-06
5.215e-05 9.0541e-05 5.854e-06 2.2374e-06
5.1991e-05 9.1119e-05 5.8366e-06 2.216e-06
5.1843e-05 9.1718e-05 5.8231e-06 2.1969e-06
5.1707e-05 9.2338e-05 5.8134e-06 2.1802e-06
5.1582e-05 9.2978e-05 5.8075e-06 2.1657e-06
5.1469e-05 9.364e-05 5.8053e-06 2.1535e-06
5.1366e-05 9.4323e-05 5.8068e-06 2.1435e-06
5.1274e-05 9.5029e-05 5.812e-06 2.1357e-06
5.1173e-05 9.5723e-05 5.8112e-06 2.1254e-06
5.1084e-05 9.644e-05 5.8141e-06 2.1174e-06
5.1005e-05 9.718e-05 5.8209e-06 2.1116e-06
5.0938e-05 9.7944e-05 5.8197e-06 2.1027e-06
5.0862e-05 9.8698e-05 5.8124e-06 2.0913e-06
5.0777e-05 9.944e-05 5.799e-06 2.0775e-06
5.0703e-05 0.00010021 5.7893e-06 2.0659e-06
5.062e-05 0.00010096 5.7733e-06 2.0517e-06
5.0527e-05 0.0001017 5.751e-06 2.035e-06
5.0446e-05 0.00010247 5.7324e-06 2.0204e-06
5.0355e-05 0.00010323 5.7077e-06 2.0034e-06
5.0255e-05 0.00010397 5.6768e-06 1.984e-06
5.0147e-05 0.00010471 5.6396e-06 1.962e-06
5.0048e-05 0.00010546 5.6059e-06 1.942e-06
4.996e-05 0.00010624 5.5757e-06 1.9241e-06
4.9882e-05 0.00010704 5.5489e-06 1.9082e-06
4.9814e-05 0.00010787 5.5255e-06 1.8942e-06
4.9757e-05 0.00010872 5.5055e-06 1.8822e-06
4.969e-05 0.00010955 5.4794e-06 1.8677e-06
4.9615e-05 0.00011038 5.4472e-06 1.8509e-06
4.9557e-05 0.00010971 5.4185e-06 1.836e-06
4.949e-05 0.00010903 5.3835e-06 1.8187e-06
4.9432e-05 0.00010837 5.3517e-06 1.8031e-06
4.9385e-05 0.00010773 5.3232e-06 1.7895e-06
4.9329e-05 0.00010708 5.2886e-06 1.7734e-06
4.9264e-05 0.00010643 5.248e-06 1.7549e-06
4.919e-05 0.00010576 5.2013e-06 1.7341e-06
4.9126e-05 0.00010511 5.1575e-06 1.7149e-06
4.9054e-05 0.00010445 5.108e-06 1.6935e-06
4.8973e-05 0.00010378 5.0527e-06 1.6698e-06
4.8902e-05 0.00010314 5.0004e-06 1.6479e-06
4.8822e-05 0.00010248 4.9421e-06 1.6236e-06
4.8751e-05 0.00010184 4.8867e-06 1.6009e-06
4.869e-05 0.00010123 4.8339e-06 1.5798e-06
4.8637e-05 0.00010063 4.7838e-06 1.5602e-06
4.8594e-05 0.00010005 4.7364e-06 1.5421e-06
4.8542e-05 9.9456e-05 4.6834e-06 1.5218e-06
4.85e-05 9.8885e-05 4.6329e-06 1.503e-06
4.8466e-05 9.8332e-05 4.5849e-06 1.4856e-06
4.8441e-05 9.7797e-05 4.5394e-06 1.4696e-06
4.8426e-05 9.728e-05 4.4965e-06 1.455e-06
4.8402e-05 9.6754e-05 5.0399e-06 1.4357e-06
4.8387e-05 9.6245e-05 5.5982e-06 1.4178e-06
4.8364e-05 9.5728e-05 6.1481e-06 1.3977e-06
4.835e-05 9.5228e-05 6.7131e-06 1.3788e-06
4.8327e-05 9.4719e-05 7.2691e-06 1.3578e-06
4.8297e-05 9.4201e-05 7.817e-06 1.3347e-06
4.8259e-05 9.3675e-05 8.3567e-06 1.3094e-06
4.8229e-05 9.3166e-05 8.9111e-06 1.2854e-06
4.8191e-05 9.2648e-05 9.4569e-06 1.2592e-06
4.8161e-05 9.2146e-05 1.0018e-05 1.2341e-06
4.8124e-05 9.1635e-05 1.057e-05 1.2069e-06
4.8078e-05 9.1116e-05 1.1113e-05 1.1776e-06
4.8041e-05 9.0613e-05 1.1672e-05 1.1494e-06
4.7996e-05 9.0102e-05 1.2223e-05 1.1191e-06
4.7944e-05 8.9583e-05 1.2766e-05 1.0869e-06
4.7884e-05 8.9056e-05 1.3301e-05 1.0525e-06
4.7832e-05 8.8545e-05 1.385e-05 1.0192e-06
4.7772e-05 8.8026e-05 1.4392e-05 9.8383e-07
4.7705e-05 8.7498e-05 1.4925e-05 9.464e-07
4.7646e-05 8.6986e-05 1.5474e-05 9.1003e-07
4.7578e-05 8.6466e-05 1.6015e-05 8.7157e-07
4.7504e-05 8.5938e-05 1.6547e-05 8.3103e-07
4.7437e-05 8.5425e-05 1.7094e-05 7.9149e-07
4.7378e-05 8.4927e-05 1.7658e-05 7.5287e-07
4.7326e-05 8.4444e-05 1.8237e-05 7.1513e-07
4.7267e-05 8.3953e-05 1.8809e-05 6.7541e-07
4.7216e-05 8.3477e-05 1.9397e-05 6.3648e-07
4.7157e-05 8.2993e-05 1.9977e-05 5.9553e-07
4.7106e-05 8.2524e-05 2.0574e-05 5.5537e-07
4.7047e-05 8.2046e-05 2.1162e-05 5.1318e-07
4.6995e-05 8.1583e-05 2.1768e-05 4.7174e-07
4.6937e-05 8.1113e-05 2.2365e-05 4.2829e-07
4.687e-05 8.0634e-05 2.2953e-05 3.8286e-07
4.6812e-05 8.017e-05 2.3559e-05 3.3814e-07
4.6746e-05 7.9698e-05 2.4142e-05 3.7231e-07
4.6687e-05 7.924e-05 2.4743e-05 4.0689e-07
4.6621e-05 7.8775e-05 2.5335e-05 4.3952e-07
4.6548e-05 7.8301e-05 2.5918e-05 4.7021e-07
4.6481e-05 7.7841e-05 2.6519e-05 5.0126e-07
4.6408e-05 7.7374e-05 2.7111e-05 5.3038e-07
4.6341e-05 7.692e-05 2.7721e-05 5.5991e-07
4.6267e-05 7.6458e-05 2.8323e-05 5.875e-07
4.6186e-05 7.5989e-05 2.8916e-05 6.1318e-07
4.6112e-05 7.5533e-05 2.9527e-05 6.3923e-07
4.6045e-05 7.509e-05 3.0156e-05 6.6567e-07
4.597e-05 7.464e-05 3.0777e-05 6.902e-07
4.5888e-05 7.4182e-05 3.1389e-05 7.1285e-07
4.58e-05 7.3717e-05 3.1993e-05 7.3364e-07
4.5718e-05 7.3265e-05 3.2616e-05 7.5482e-07
4.5629e-05 7.2806e-05 3.3231e-05 7.7413e-07
4.5547e-05 7.2359e-05 3.3864e-05 7.9384e-07
4.5471e-05 7.1925e-05 3.4516e-05 8.1397e-07
4.5403e-05 7.1503e-05 3.5188e-05 8.3459e-07
4.5327e-05 7.1074e-05 3.5852e-05 8.5333e-07
4.5259e-05 7.0658e-05 3.6536e-05 8.7257e-07
4.5183e-05 7.0234e-05 3.7212e-05 8.8993e-07
4.5114e-05 6.9823e-05 3.7909e-05 9.0781e-07
4.5038e-05 6.9405e-05 3.8597e-05 9.2376e-07
4.4969e-05 6.8998e-05 3.9306e-05 9.4024e-07
4.4893e-05 6.8585e-05 4.0006e-05 9.5484e-07
4.4823e-05 6.8183e-05 4.0728e-05 9.6999e-07
4.4747e-05 6.7775e-05 4.1441e-05 9.8321e-07
4.4677e-05 6.7378e-05 4.2176e-05 9.9697e-07
4.4613e-05 6.6992e-05 4.2933e-05 1.0113e-06
4.4556e-05 6.6618e-05 4.3714e-05 1.0262e-06
4.4506e-05 6.6254e-05 4.4517e-05 1.0417e-06
4.4462e-05 6.5903e-05 4.5346e-05 1.0578e-06
4.4425e-05 6.5561e-05 4.6199e-05 1.0745e-06
4.4381e-05 6.5214e-05 4.7043e-05 1.0894e-06
4.4343e-05 6.4877e-05 4.7912e-05 1.1049e-06
4.4298e-05 6.4533e-05 4.8772e-05 1.1184e-06
4.426e-05 6.42e-05 4.9657e-05 1.1327e-06
4.4215e-05 6.386e-05 5.0534e-05 1.145e-06
4.4162e-05 6.3513e-05 5.14e-05 1.1554e-06
4.4103e-05 6.316e-05 5.2258e-05 1.1639e-06
4.4037e-05 6.28e-05 5.3105e-05 1.1704e-06
4.3963e-05 6.2432e-05 5.3943e-05 1.175e-06
4.3883e-05 6.2058e-05 5.4771e-05 1.1776e-06
4.3796e-05 6.1677e-05 5.559e-05 1.1784e-06
4.3701e-05 6.129e-05 5.6399e-05 1.1772e-06
4.36e-05 6.0895e-05 5.7199e-05 1.1741e-06
4.3505e-05 6.0512e-05 5.8026e-05 1.1717e-06
4.3417e-05 6.014e-05 5.8879e-05 1.1701e-06
4.3336e-05 5.9778e-05 5.9759e-05 1.1691e-06
4.3261e-05 5.9427e-05 6.0667e-05 1.1688e-06
4.3179e-05 5.9069e-05 6.1564e-05 1.1665e-06
4.309e-05 5.8704e-05 6.2451e-05 1.1622e-06
4.3007e-05 5.8349e-05 6.3366e-05 1.1586e-06
4.2917e-05 5.7987e-05 6.427e-05 1.1531e-06
4.2834e-05 5.7636e-05 6.5204e-05 1.1482e-06
4.2757e-05 5.7296e-05 6.6168e-05 1.1441e-06
4.2688e-05 5.6966e-05 6.7164e-05 1.1408e-06
4.261e-05 5.6629e-05 6.8148e-05 1.1354e-06
4.2526e-05 5.6285e-05 6.9124e-05 1.1279e-06
4.2448e-05 5.5951e-05 7.0133e-05 1.1213e-06
4.2363e-05 5.561e-05 7.1129e-05 1.1125e-06
4.2284e-05 5.5279e-05 7.2158e-05 1.1046e-06
4.2213e-05 5.4959e-05 7.3221e-05 1.0973e-06
4.2148e-05 5.4649e-05 7.4319e-05 1.0908e-06
4.2076e-05 5.4333e-05 7.5405e-05 1.0823e-06
4.2011e-05 5.4026e-05 7.6527e-05 1.0745e-06
4.1938e-05 5.3713e-05 7.7637e-05 1.0647e-06
4.1872e-05 5.3409e-05 7.8782e-05 1.0556e-06
4.1813e-05 5.3116e-05 7.9965e-05 1.0472e-06
4.1747e-05 5.2815e-05 8.1135e-05 1.0368e-06
4.1687e-05 5.2524e-05 8.2343e-05 1.0271e-06
4.162e-05 5.2227e-05 8.3539e-05 1.0154e-06
4.156e-05 5.1939e-05 8.4772e-05 1.0043e-06
4.1506e-05 5.166e-05 8.6046e-05 9.9382e-07
4.1459e-05 5.1391e-05 8.7359e-05 9.8395e-07
4.1404e-05 5.1116e-05 8.866e-05 9.7216e-07
4.1343e-05 5.0833e-05 8.9949e-05 9.5843e-07
4.1288e-05 5.056e-05 9.1279e-05 9.4534e-07
4.1226e-05 5.028e-05 9.2596e-05 9.3027e-07
4.117e-05 5.001e-05 9.3955e-05 9.1578e-07
4.1121e-05 4.9749e-05 9.5358e-05 9.0191e-07
4.1065e-05 4.9481e-05 9.6747e-05 8.8605e-07
4.1001e-05 4.9206e-05 9.8123e-05 8.6826e-07
4.0945e-05 4.8941e-05 9.9544e-05 8.5108e-07
4.0881e-05 4.8668e-05 0.00010095 8.3191e-07
4.0824e-05 4.8406e-05 0.0001024 8.1335e-07
4.0759e-05 4.8136e-05 0.00010384 7.9285e-07
4.0702e-05 4.7876e-05 0.00010533 7.7295e-07
4.0637e-05 4.7609e-05 0.0001068 7.5104e-07
4.0564e-05 4.7334e-05 0.00010825 7.2713e-07
4.0484e-05 4.7053e-05 0.0001097 7.0124e-07
4.0396e-05 4.6764e-05 0.00011112 6.7338e-07
4.0316e-05 4.6485e-05 0.0001126 6.4615e-07
4.0243e-05 4.6217e-05 0.00011412 6.1955e-07
4.0162e-05 4.594e-05 0.00011563 5.9092e-07
4.0089e-05 4.5674e-05 0.00011719 5.6292e-07
4.0007e-05 4.54e-05 0.00011874 5.3286e-07
3.9918e-05 4.5119e-05 0.00012027 5.0079e-07
3.9837e-05 4.4848e-05 0.00012185 4.6936e-07
3.9748e-05 4.4569e-05 0.00012341 4.3584e-07
3.965e-05 4.4282e-05 0.00012496 4.0028e-07
3.9561e-05 4.4007e-05 0.00012656 3.6543e-07
3.9463e-05 4.3723e-05 0.00012814 3.2853e-07
3.9375e-05 4.3451e-05 0.00012979 2.9233e-07
3.9277e-05 4.317e-05 0.00013142 2.54e-07
3.9189e-05 4.2901e-05 0.0001331 2.1634e-07
3.911e-05 4.2643e-05 0.00013486 1.7934e-07
3.9022e-05 4.2377e-05 0.00013659 1.4026e-07
3.8943e-05 4.2123e-05 0.0001384 1.0181e-07
3.8856e-05 4.186e-05 0.00014013 1.0761e-07
3.8778e-05 4.1609e-05 0.00014193 1.1286e-07
3.871e-05 4.137e-05 0.00014381 1.1758e-07
3.8633e-05 4.1122e-05 0.00014566 1.2048e-07
3.8546e-05 4.0865e-05 0.00014748 1.2159e-07
3.847e-05 4.0621e-05 0.00014939 1.222e-07
3.8384e-05 4.0368e-05 0.00015126 1.21e-07
3.8309e-05 4.0127e-05 0.00015322 1.193e-07
3.8224e-05 3.9877e-05 0.00015515 1.1576e-07
3.813e-05 3.9618e-05 0.00015704 1.104e-07
3.8046e-05 3.9371e-05 0.00015712 1.0487e-07
3.7953e-05 3.9115e-05 0.00015718 9.7493e-08
3.787e-05 3.8872e-05 0.00015728 8.9632e-08
3.7778e-05 3.862e-05 0.00015736 7.996e-08
3.7696e-05 3.838e-05 0.00015749 6.9774e-08
3.7604e-05 3.8131e-05 0.00015759 5.7746e-08
3.7503e-05 3.7872e-05 0.00015765 7.2083e-08
3.7413e-05 3.7627e-05 0.00015775 8.6038e-08
3.7313e-05 3.7372e-05 0.00015783 9.8145e-08
3.7203e-05 3.7108e-05 0.0001579 1.0841e-07
3.7105e-05 3.6856e-05 0.00015801 1.183e-07
3.6996e-05 3.6596e-05 0.00015809 1.263e-07
3.6877e-05 3.6325e-05 0.00016177 1.315e-07
3.677e-05 3.6068e-05 0.0001656 1.3631e-07
3.6653e-05 3.5801e-05 0.00016939 1.3928e-07
3.6546e-05 3.5547e-05 0.00017333 1.4187e-07
3.6451e-05 3.5305e-05 0.00017743 1.4408e-07
3.6345e-05 3.5054e-05 0.00018149 1.4445e-07
3.6251e-05 3.4815e-05 0.00018571 1.4444e-07
3.6166e-05 3.4588e-05 0.0001901 1.4405e-07
3.6092e-05 3.4372e-05 0.00019467 1.4326e-07
3.6008e-05 3.4147e-05 0.00019919 1.4063e-07
3.5935e-05 3.3934e-05 0.00020389 1.3761e-07
3.5872e-05 3.3732e-05 0.00020878 1.342e-07
3.5799e-05 3.3521e-05 0.00021361 1.2892e-07
3.5716e-05 3.3301e-05 0.00021837 1.2176e-07
3.5624e-05 3.3072e-05 0.00022308 1.1276e-07
3.5542e-05 3.2854e-05 0.00022797 1.0338e-07
3.5471e-05 3.2648e-05 0.00023307 9.3574e-08
3.5409e-05 3.2453e-05 0.00023837 8.3329e-08
3.5338e-05 3.2248e-05 0.00024347 1.0662e-07
3.5257e-05 3.2034e-05 0.0002485 1.279e-07
3.5167e-05 3.1812e-05 0.00025348 1.4721e-07
3.5086e-05 3.1601e-05 0.00025864 1.6655e-07
3.5016e-05 3.14e-05 0.00026402 1.8597e-07
3.4936e-05 3.1191e-05 0.00026933 2.0336e-07
3.4866e-05 3.0992e-05 0.00027053 2.2135e-07
3.4786e-05 3.0784e-05 0.0002717 2.3729e-07
3.4716e-05 3.0587e-05 0.00027294 2.5336e-07
3.4656e-05 3.0399e-05 0.00027425 2.696e-07
3.4586e-05 3.0203e-05 0.00027553 2.8378e-07
3.4525e-05 3.0017e-05 0.00027689 2.9814e-07
3.4474e-05 2.984e-05 0.00027832 3.1273e-07
3.4432e-05 2.9674e-05 0.00027982 3.276e-07
3.4382e-05 2.9499e-05 0.0002813 3.4046e-07
3.434e-05 2.9334e-05 0.00028285 3.5357e-07
3.4308e-05 2.9178e-05 0.00028448 3.6698e-07
3.4267e-05 2.9014e-05 0.00028609 3.7836e-07
3.4235e-05 2.8859e-05 0.00028777 3.9006e-07
3.4212e-05 2.8713e-05 0.00028953 4.0209e-07
3.4199e-05 2.8576e-05 0.00029138 4.1454e-07
3.4194e-05 2.8448e-05 0.00029331 4.2741e-07
3.4198e-05 2.8329e-05 0.00029533 4.4072e-07
3.4194e-05 2.8202e-05 0.00029732 4.5196e-07
3.4199e-05 2.8084e-05 0.00029941 4.6371e-07
3.4195e-05 2.7958e-05 0.00030146 4.733e-07
3.4199e-05 2.7841e-05 0.0003036 4.8344e-07
3.4214e-05 2.7732e-05 0.00030339 4.9476e-07
3.4238e-05 2.7633e-05 0.00030324 5.067e-07
3.4253e-05 2.7525e-05 0.00030307 5.1645e-07
3.4258e-05 2.7409e-05 0.00030287 5.2401e-07
3.4272e-05 2.7302e-05 0.00030273 5.3216e-07
3.4295e-05 2.7203e-05 0.00030264 5.4092e-07
3.431e-05 2.7096e-05 0.00030253 5.4754e-07
3.4334e-05 2.6998e-05 0.00030247 5.548e-07
3.4367e-05 2.6908e-05 0.00030247 5.6269e-07
3.439e-05 2.681e-05 0.00030245 5.6845e-07
3.4424e-05 2.6721e-05 0.00029981 5.7554e-07
3.4448e-05 2.6624e-05 0.00029713 5.8041e-07
3.4481e-05 2.6535e-05 0.00029456 5.8597e-07
3.4506e-05 2.6439e-05 0.00029196 5.8941e-07
3.454e-05 2.635e-05 0.00028946 5.9353e-07
3.4583e-05 2.627e-05 0.00028707 5.9832e-07
3.4616e-05 2.6182e-05 0.00028464 6.009e-07
3.464e-05 2.6085e-05 0.00028217 6.0128e-07
3.4674e-05 2.5997e-05 0.0002798 6.0232e-07
3.4716e-05 2.5916e-05 0.00027753 6.0401e-07
3.4749e-05 2.5828e-05 0.00027523 6.035e-07
3.4773e-05 2.5732e-05 0.00027289 6.0086e-07
3.4788e-05 2.5628e-05 0.00027053 5.961e-07
3.4794e-05 2.5517e-05 0.00026814 5.8922e-07
3.4792e-05 2.5398e-05 0.00026571 5.8048e-07
3.4781e-05 2.5271e-05 0.00026325 5.6963e-07
3.4779e-05 2.5152e-05 0.00026089 5.5944e-07
3.4785e-05 2.5041e-05 0.00025863 5.4985e-07
3.4783e-05 2.4923e-05 0.00025633 5.381e-07
3.4771e-05 2.4796e-05 0.000254 5.242e-07
3.4768e-05 2.4677e-05 0.00025177 5.1088e-07
3.4756e-05 2.455e-05 0.0002495 4.9542e-07
3.4753e-05 2.4431e-05 0.00024733 4.8052e-07
3.4758e-05 2.4319e-05 0.00024524 4.6611e-07
3.4772e-05 2.4214e-05 0.00024324 4.5213e-07
3.4777e-05 2.4102e-05 0.00024121 4.3612e-07
3.4791e-05 2.3997e-05 0.00023926 4.2056e-07
3.4796e-05 2.3884e-05 0.00023729 4.029e-07
3.4792e-05 2.3764e-05 0.00023529 3.832e-07
3.478e-05 2.3637e-05 0.00023326 3.6146e-07
3.476e-05 2.3503e-05 0.00023121 3.3768e-07
3.4747e-05 2.3376e-05 0.00022924 3.1435e-07
3.4727e-05 2.3242e-05 0.00022718 3.6059e-07
3.4698e-05 2.31e-05 0.0002251 4.0458e-07
3.466e-05 2.2951e-05 0.00022299 4.4633e-07
3.4631e-05 2.2809e-05 0.00022097 4.893e-07
3.4593e-05 2.266e-05 0.00021892 5.2996e-07
3.4563e-05 2.2518e-05 0.00021695 5.7182e-07
3.4524e-05 2.2368e-05 0.00021495 6.1136e-07
3.4477e-05 2.221e-05 0.00021293 6.4859e-07
3.4421e-05 2.2046e-05 0.00021087 6.8352e-07
3.4373e-05 2.1888e-05 0.0002089 7.1964e-07
3.4333e-05 2.1736e-05 0.000207 7.5706e-07
3.4284e-05 2.1577e-05 0.00020508 7.9215e-07
3.4228e-05 2.1411e-05 0.00020313 8.2501e-07
3.4163e-05 2.1239e-05 0.00020116 8.5564e-07
3.4106e-05 2.1073e-05 0.00019927 8.8758e-07
3.404e-05 2.0899e-05 0.00019735 9.1719e-07
3.3982e-05 2.0732e-05 0.00019551 9.4811e-07
3.3932e-05 2.0571e-05 0.00019374 9.8046e-07
3.3874e-05 2.0404e-05 0.00019195 1.0105e-06
3.3808e-05 2.0229e-05 0.00019013 1.0383e-06
3.3733e-05 2.0047e-05 0.00018829 1.0638e-06
3.365e-05 1.9858e-05 0.00018642 1.0869e-06
3.3574e-05 1.9676e-05 0.00018463 1.1115e-06
3.349e-05 1.9486e-05 0.00018281 1.1337e-06
3.3398e-05 1.9289e-05 0.00018097 1.1536e-06
3.3314e-05 1.9099e-05 0.0001792 1.175e-06
3.3238e-05 1.8915e-05 0.00017751 1.1979e-06
3.3153e-05 1.8724e-05 0.00017579 1.2185e-06
3.306e-05 1.8526e-05 0.00017404 1.2367e-06
3.2976e-05 1.8334e-05 0.00017237 1.2566e-06
3.2883e-05 1.8136e-05 0.00017068 1.2741e-06
3.2798e-05 1.7944e-05 0.00016906 1.2933e-06
3.2722e-05 1.7759e-05 0.00016751 1.3143e-06
3.2638e-05 1.7566e-05 0.00016593 1.3329e-06
3.2545e-05 1.7366e-05 0.00016433 1.3491e-06
3.2461e-05 1.7173e-05 0.00016281 1.3671e-06
3.2367e-05 1.6973e-05 0.00016125 1.3826e-06
3.2264e-05 1.6765e-05 0.00015967 1.3955e-06
3.2153e-05 1.6549e-05 0.00015806 1.4058e-06
3.2031e-05 1.6325e-05 0.00015642 1.4135e-06
3.1919e-05 1.6109e-05 0.00015488 1.4232e-06
3.1797e-05 1.5884e-05 0.0001533 1.4303e-06
3.1686e-05 1.5667e-05 0.0001518 1.4395e-06
3.1565e-05 1.5443e-05 0.00015027 1.4466e-06
3.1428e-05 1.5205e-05 0.00014884 1.4568e-06
3.1301e-05 1.4976e-05 0.00014749 1.4693e-06
3.1164e-05 1.4738e-05 0.0001461 1.479e-06
3.1018e-05 1.4492e-05 0.00014469 1.4861e-06
3.0881e-05 1.4255e-05 0.00014335 1.4955e-06
3.0735e-05 1.4008e-05 0.00014198 1.502e-06
3.058e-05 1.3755e-05 0.00014058 1.5059e-06
3.1787e-05 1.3475e-05 0.00013916 1.5071e-06
3.2979e-05 1.3188e-05 0.0001377 1.5057e-06
3.4157e-05 1.2892e-05 0.00013623 1.5016e-06
3.532e-05 1.2589e-05 0.00013472 1.4949e-06
3.6511e-05 1.2294e-05 0.00013329 1.4904e-06
3.7732e-05 1.2006e-05 0.00013192 1.488e-06
3.8937e-05 1.171e-05 0.00013053 1.4829e-06
4.0126e-05 1.1406e-05 0.00012911 1.475e-06
4.1344e-05 1.1109e-05 0.00012776 1.4693e-06
4.2547e-05 1.0805e-05 0.00012638 1.4609e-06
4.3736e-05 1.0493e-05 0.00012498 1.45e-06
4.4954e-05 1.0188e-05 0.00012364 1.4411e-06
4.6156e-05 9.8747e-06 0.00012228 1.4296e-06
4.7343e-05 9.5538e-06 0.00012089 1.4153e-06
4.8514e-05 9.2249e-06 0.00011947 1.3983e-06
4.9669e-05 8.8879e-06 0.00011802 1.3786e-06
5.0809e-05 8.5432e-06 0.00011655 1.3563e-06
5.198e-05 8.2061e-06 0.00011515 1.3361e-06
5.3135e-05 7.8613e-06 0.00011372 1.3134e-06
5.4321e-05 7.5239e-06 0.00011236 1.2928e-06
5.5491e-05 7.1784e-06 0.00011097 1.2695e-06
5.6646e-05 6.8253e-06 0.00010956 1.2436e-06
5.7786e-05 6.4644e-06 0.00010812 1.2151e-06
5.8911e-05 6.0957e-06 0.00010666 1.1839e-06
6.0066e-05 5.7347e-06 0.00010527 1.155e-06
6.1254e-05 5.381e-06 0.00010394 1.1282e-06
6.2423e-05 5.0191e-06 0.00010253 1.2333e-06
6.3528e-05 5.1194e-06 0.00010111 1.3349e-06
6.4616e-05 5.2133e-06 9.9647e-05 1.4326e-06
6.5687e-05 5.3006e-06 9.8159e-05 1.5266e-06
6.6789e-05 5.3901e-06 9.674e-05 1.6257e-06
6.7874e-05 5.473e-06 9.5293e-05 1.7209e-06
6.8989e-05 5.558e-06 9.3912e-05 1.8214e-06
7.009e-05 5.6368e-06 9.2507e-05 1.9183e-06
7.1175e-05 5.7093e-06 9.1076e-05 2.0116e-06
7.2245e-05 5.7755e-06 8.9619e-05 2.1013e-06
7.3346e-05 5.8439e-06 8.823e-05 2.1964e-06
7.448e-05 5.9148e-06 8.6798e-05 2.2866e-06
7.5599e-05 5.9795e-06 8.5342e-05 2.3733e-06
7.6703e-05 6.0378e-06 8.3859e-05 2.4563e-06
7.7791e-05 6.0898e-06 8.235e-05 2.5358e-06
7.891e-05 6.1441e-06 8.0909e-05 2.6205e-06
8.0014e-05 6.192e-06 7.9442e-05 2.7015e-06
8.1102e-05 6.2336e-06 7.795e-05 2.7791e-06
8.2175e-05 6.2689e-06 7.6431e-05 2.853e-06
8.3232e-05 6.2979e-06 7.4887e-05 2.9235e-06
8.4321e-05 6.3291e-06 7.341e-05 2.9991e-06
8.5442e-05 6.3626e-06 7.2e-05 3.08e-06
8.6597e-05 6.3983e-06 7.0657e-05 3.0405e-06
8.7734e-05 6.4274e-06 6.9243e-05 3.2239e-06
8.8905e-05 6.4588e-06 6.7893e-05 3.4178e-06
9.0058e-05 6.4837e-06 6.6517e-05 3.6062e-06
9.1196e-05 6.5023e-06 6.5117e-05 3.7894e-06
9.2367e-05 6.5231e-06 6.3778e-05 3.983e-06
9.352e-05 6.5374e-06 6.2413e-05 4.171e-06
9.4658e-05 6.5455e-06 6.1025e-05 4.3539e-06
9.583e-05 6.5557e-06 5.9698e-05 4.5475e-06
9.6986e-05 6.5598e-06 5.8348e-05 4.7359e-06
9.8126e-05 6.5576e-06 5.6975e-05 4.9192e-06
9.93e-05 6.5576e-06 5.5661e-05 5.1134e-06
0.00010051 6.5597e-06 5.4404e-05 5.3187e-06
0.0001017 6.5554e-06 5.3123e-05 5.5182e-06
0.00010287 6.5448e-06 5.1821e-05 5.7123e-06
0.00010408 6.5363e-06 5.0573e-05 5.9179e-06
0.00010533 6.5301e-06 4.938e-05 6.1357e-06
0.00010661 6.5261e-06 4.8239e-05 6.3664e-06
0.00010788 6.5156e-06 4.7076e-05 6.5908e-06
0.00010918 6.5073e-06 4.5964e-05 6.8285e-06
0.00011046 6.4926e-06 4.483e-05 7.0597e-06
0.00011178 6.4801e-06 4.3746e-05 7.3049e-06
0.00011309 6.4612e-06 4.264e-05 7.5433e-06
0.00011294 6.4511e-06 4.1603e-05 7.5555e-06
0.00011277 6.4345e-06 4.0544e-05 7.5633e-06
0.0001126 6.4114e-06 3.9464e-05 7.5668e-06
0.00011244 6.3904e-06 3.8431e-05 7.577e-06
0.00011231 6.3717e-06 3.7442e-05 7.5942e-06
0.00011217 6.3465e-06 3.6434e-05 7.607e-06
0.00011201 6.3148e-06 3.5405e-05 7.6155e-06
0.00011187 6.2852e-06 3.442e-05 7.6308e-06
0.00011176 6.2577e-06 3.3477e-05 7.6531e-06
0.00011163 6.224e-06 3.2517e-05 7.6713e-06
0.00011152 6.1924e-06 3.1598e-05 7.6964e-06
0.00011141 6.1546e-06 3.0662e-05 7.7176e-06
0.00011131 6.1189e-06 2.9766e-05 7.7457e-06
0.00011121 6.0771e-06 2.8853e-05 7.7698e-06
0.00011109 6.0289e-06 2.7923e-05 7.7899e-06
0.00011099 5.9828e-06 2.7032e-05 7.8169e-06
0.00011092 5.9397e-06 2.6086e-05 7.8342e-06
0.00011083 5.8903e-06 2.5123e-05 7.8476e-06
0.00011077 5.843e-06 2.4201e-05 7.8679e-06
0.0001107 5.7892e-06 2.326e-05 7.8839e-06
0.00011061 5.7291e-06 2.23e-05 7.8956e-06
0.00011054 5.6709e-06 2.138e-05 7.9143e-06
0.00011042 6.1687e-06 2.0441e-05 7.9286e-06
0.00011029 6.6574e-06 1.9484e-05 7.9385e-06
0.00011015 7.1377e-06 1.851e-05 7.9445e-06
0.00011003 7.6282e-06 1.7575e-05 7.9572e-06
0.0001099 8.1098e-06 1.6621e-05 7.9657e-06
0.00010975 8.5829e-06 1.5652e-05 7.9702e-06
0.00010962 9.0663e-06 1.4719e-05 7.9814e-06
0.00010952 9.5603e-06 1.3822e-05 7.9995e-06
0.0001094 1.0046e-05 1.2911e-05 8.0136e-06
0.00010931 1.0542e-05 1.2033e-05 8.0345e-06
0.00010923 1.1049e-05 1.1188e-05 8.0622e-06
0.00010915 1.1548e-05 1.0328e-05 8.0857e-06
0.00010905 1.2037e-05 9.4517e-06 8.105e-06
0.00010897 1.2537e-05 8.6076e-06 8.1311e-06
0.00010888 1.3029e-05 7.7491e-06 8.1532e-06
0.00010881 1.3532e-05 6.9223e-06 8.1823e-06
0.00010872 1.4026e-05 6.0801e-06 8.2071e-06
0.00010863 1.4511e-05 5.2225e-06 8.2277e-06
0.00010855 1.5007e-05 4.3957e-06 8.2551e-06
0.00010847 1.5495e-05 3.5547e-06 8.2786e-06
0.0001084 1.5994e-05 2.7438e-06 8.309e-06
0.00010832 1.6484e-05 2.6489e-06 8.3279e-06
0.00010826 1.6986e-05 2.5572e-06 8.354e-06
0.00010819 1.7479e-05 2.4593e-06 8.376e-06
0.00010811 1.7964e-05 2.3551e-06 8.394e-06
0.00010805 1.846e-05 2.2539e-06 8.419e-06
0.00010801 1.8969e-05 2.1555e-06 8.451e-06
0.00010795 1.9469e-05 2.0509e-06 8.4789e-06
0.00010792 1.9982e-05 1.949e-06 8.514e-06
0.00010788 2.0486e-05 1.841e-06 8.545e-06
0.00010785 2.1003e-05 1.7355e-06 8.5832e-06
0.00010782 2.151e-05 1.6238e-06 8.617e-06
0.0001078 2.2031e-05 1.5145e-06 8.6582e-06
0.00010777 2.2541e-05 1.399e-06 8.695e-06
0.00010773 2.3043e-05 1.2774e-06 8.7276e-06
0.00010771 2.3558e-05 1.1583e-06 8.7678e-06
0.00010768 2.4064e-05 1.236e-06 8.7961e-06
0.00010764 2.456e-05 1.3081e-06 8.8202e-06
0.00010762 2.5071e-05 1.3814e-06 8.8518e-06
0.00010758 2.5571e-05 1.4487e-06 8.879e-06
0.00010753 2.6062e-05 1.5103e-06 8.9017e-06
0.00010747 2.6543e-05 1.5661e-06 8.9202e-06
0.00010743 2.7038e-05 1.6231e-06 8.9461e-06
0.00010738 2.7522e-05 1.6741e-06 8.9675e-06
0.00010731 2.7997e-05 1.7193e-06 8.9844e-06
0.00010723 2.8462e-05 1.7589e-06 8.9972e-06
0.00010717 2.8941e-05 1.7995e-06 9.0174e-06
0.0001071 2.941e-05 1.8343e-06 9.033e-06
0.00010702 2.9868e-05 1.8632e-06 9.0442e-06
0.00010692 3.0318e-05 1.8863e-06 9.0511e-06
0.00010681 3.0757e-05 1.9037e-06 9.0537e-06
0.00010669 3.1186e-05 2.3121e-06 9.0442e-06
0.00010655 3.1605e-05 2.7101e-06 9.0299e-06
0.00010643 3.2038e-05 3.1219e-06 9.0231e-06
0.0001063 3.2461e-05 3.5236e-06 9.0118e-06
0.00010616 3.2874e-05 3.9153e-06 8.996e-06
0.00010604 3.3301e-05 4.3209e-06 8.9876e-06
0.00010594 3.3742e-05 4.7411e-06 8.9866e-06
0.00010583 3.4174e-05 5.1517e-06 8.9815e-06
0.00010571 3.4596e-05 5.5529e-06 8.9723e-06
0.0001056 3.5033e-05 5.9686e-06 8.9703e-06
0.00010549 3.5459e-05 6.374e-06 8.9639e-06
0.00010536 3.5875e-05 6.7693e-06 8.9532e-06
0.00010525 3.6306e-05 7.1796e-06 8.9497e-06
0.00010513 3.6727e-05 7.5803e-06 8.9422e-06
0.00010503 3.7162e-05 7.9961e-06 8.9418e-06
0.00010492 3.7588e-05 8.4015e-06 8.9371e-06
0.00010483 3.8028e-05 8.8225e-06 8.9395e-06
0.00010472 3.8458e-05 9.2337e-06 8.9379e-06
0.00010461 3.8879e-05 9.6349e-06 8.9322e-06
0.00010451 3.9314e-05 1.0052e-05 8.9336e-06
0.00010444 3.9766e-05 1.0486e-05 8.9424e-06
0.00010435 4.0207e-05 1.0911e-05 8.9471e-06
0.00010429 4.0664e-05 1.1352e-05 8.959e-06
0.00010424 4.1137e-05 1.1813e-05 8.7296e-06
0.00010419 4.16e-05 1.2263e-05 8.4944e-06
0.00010415 4.208e-05 1.2732e-05 8.2723e-06
0.0001041 4.2549e-05 1.319e-05 8.0444e-06
0.00010408 4.3035e-05 1.3668e-05 7.8294e-06
0.00010404 4.351e-05 1.4133e-05 7.6081e-06
0.00010402 4.4002e-05 1.4619e-05 7.3996e-06
0.00010399 4.4482e-05 1.5093e-05 7.1849e-06
0.0001039 4.8354e-05 1.5554e-05 6.9639e-06
0.00010381 5.2192e-05 1.6004e-05 6.7373e-06
0.00010374 5.6131e-05 1.6474e-05 6.523e-06
0.00010365 6.0036e-05 1.6933e-05 6.3032e-06
0.00010356 6.3908e-05 1.7381e-05 6.0778e-06
0.00010345 6.7748e-05 1.7818e-05 5.8467e-06
0.00010333 7.1555e-05 1.8244e-05 5.6099e-06
0.00010323 7.5463e-05 1.869e-05 5.3858e-06
0.00010315 7.9475e-05 1.9157e-05 5.1738e-06
0.00010305 8.3454e-05 1.9612e-05 4.9563e-06
0.00010298 8.7538e-05 2.0088e-05 4.7505e-06
0.0001029 9.1589e-05 2.0553e-05 4.5395e-06
0.00010284 9.5746e-05 2.1039e-05 4.3394e-06
0.00010276 9.9868e-05 2.1514e-05 4.1342e-06
0.00010268 0.00010395 2.1977e-05 3.9237e-06
0.00010261 0.00010815 2.2462e-05 3.7243e-06
0.00010257 0.00011246 2.297e-05 3.5355e-06
0.00010251 0.00011674 2.3466e-05 3.3416e-06
0.00010248 0.00012113 2.3985e-05 3.1578e-06
0.00010246 0.00012564 2.39e-05 2.9872e-06
0.00010247 0.00013027 2.3829e-05 2.8256e-06
0.00010246 0.00013486 2.3749e-05 2.6592e-06
0.00010244 0.0001394 2.3657e-05 2.4876e-06
0.00010241 0.00014391 2.3557e-05 2.3114e-06
0.0001024 0.00014854 2.3471e-05 2.1441e-06
0.00010238 0.00015312 2.3372e-05 2.1767e-06
0.00010237 0.00015783 2.3287e-05 2.2125e-06
0.00010236 0.00016252 2.3193e-05 2.2452e-06
0.00010236 0.00016734 2.3113e-05 2.2813e-06
0.00010236 0.00017211 2.3023e-05 2.3143e-06
0.00010233 0.00017685 2.2923e-05 2.3444e-06
0.00010234 0.0001817 2.2838e-05 2.3778e-06
0.00010232 0.00018652 2.2743e-05 2.4081e-06
0.0001023 0.0001913 2.2638e-05 2.4354e-06
0.00010229 0.0001962 2.2546e-05 2.4659e-06
0.00010228 0.00020106 2.2445e-05 2.4934e-06
0.00010228 0.00020604 2.2358e-05 2.5242e-06
0.0001023 0.00021114 2.2283e-05 2.5583e-06
0.00010231 0.00021621 2.22e-05 2.5895e-06
0.00010234 0.0002214 2.2129e-05 2.6241e-06
0.00010236 0.00022656 2.205e-05 2.6557e-06
0.00010237 0.00023169 2.1962e-05 2.6846e-06
0.00010236 0.00023678 2.1866e-05 2.7106e-06
0.00010235 0.00024183 2.176e-05 2.7336e-06
0.00010232 0.00024684 2.1645e-05 2.7536e-06
0.00010228 0.00025182 2.152e-05 2.7706e-06
0.00010226 0.00025691 2.1409e-05 2.7908e-06
0.00010226 0.00025791 2.1309e-05 2.8143e-06
0.00010226 0.00025888 2.1201e-05 2.8349e-06
0.00010224 0.00025984 2.1084e-05 2.8524e-06
0.00010222 0.00026078 2.0958e-05 2.8672e-06
0.00010221 0.00026176 2.0845e-05 2.8851e-06
0.00010219 0.00026273 2.0722e-05 2.9002e-06
0.00010219 0.00026373 2.0612e-05 2.9184e-06
0.00010218 0.00026472 2.0493e-05 2.9337e-06
0.00010218 0.00026575 2.0385e-05 2.9521e-06
0.00010217 0.00026676 2.0269e-05 2.9676e-06
0.00010219 0.00026781 2.0164e-05 2.9863e-06
0.00010219 0.00026885 2.0051e-05 3.0022e-06
0.00010218 0.00026987 1.993e-05 3.0154e-06
0.00010216 0.00027088 1.9802e-05 3.026e-06
0.00010216 0.00027192 1.9684e-05 3.0396e-06
0.00010214 0.00027296 1.9558e-05 3.0503e-06
0.00010215 0.00027402 1.9443e-05 3.0641e-06
0.00010217 0.00027513 1.9338e-05 3.081e-06
0.00010221 0.00027628 1.9245e-05 3.101e-06
0.00010224 0.00027741 1.9142e-05 3.1181e-06
0.00010228 0.00027858 1.9051e-05 3.1383e-06
0.00010232 0.00027973 1.8951e-05 3.1558e-06
0.00010237 0.00028093 1.8862e-05 3.1765e-06
0.00010241 0.00028211 1.8766e-05 3.1944e-06
0.00010247 0.00028333 1.8679e-05 3.2155e-06
0.00010252 0.00028453 1.8585e-05 3.2337e-06
0.00010259 0.00028578 1.8469e-05 3.2459e-06
0.00010265 0.00028702 1.8345e-05 3.2554e-06
0.00010272 0.0002883 1.8232e-05 3.2681e-06
0.00010283 0.00028723 1.813e-05 3.2841e-06
0.00010292 0.00028615 1.8019e-05 3.2972e-06
0.000103 0.00028506 1.7901e-05 3.3076e-06
0.0001031 0.00028401 1.7792e-05 3.3212e-06
0.00010319 0.00028294 1.7676e-05 3.332e-06
0.00010327 0.00028186 1.7553e-05 3.3401e-06
0.00010336 0.00028081 1.7438e-05 3.3512e-06
0.00010345 0.00027975 1.7317e-05 3.3596e-06
0.00010355 0.00027873 1.7203e-05 3.3708e-06
0.00010364 0.00027769 1.7083e-05 3.3794e-06
0.00010372 0.00027664 1.6956e-05 3.3856e-06
0.00010382 0.00027563 1.6838e-05 3.3945e-06
0.00010393 0.00027465 1.6727e-05 3.4061e-06
0.00010406 0.0002737 1.6625e-05 3.4204e-06
0.0001042 0.00027278 1.6531e-05 3.4374e-06
0.00010434 0.00027185 1.6429e-05 3.4519e-06
0.00010446 0.00027091 1.6321e-05 3.464e-06
0.00010458 0.00026996 1.6207e-05 3.4737e-06
0.00010471 0.00026904 1.61e-05 3.486e-06
0.00010483 0.00026811 1.5987e-05 3.4959e-06
0.00010496 0.00026721 1.5881e-05 3.5084e-06
0.00010511 0.00026634 1.5782e-05 3.5235e-06
0.00010525 0.00026546 1.5677e-05 3.5361e-06
0.00010539 0.00026457 1.5565e-05 3.5463e-06
0.00010553 0.00026371 1.546e-05 3.5591e-06
0.00010569 0.00026288 1.5362e-05 3.5744e-06
0.00010587 0.00026207 1.5271e-05 3.5922e-06
0.00010603 0.00026126 1.5173e-05 3.6077e-06
0.00010619 0.00026043 1.507e-05 3.6208e-06
0.00010634 0.0002596 1.496e-05 3.6317e-06
0.00010648 0.00025876 1.4844e-05 3.6404e-06
0.00010664 0.00025794 1.4734e-05 3.6514e-06
0.00010678 0.00025712 1.4619e-05 3.6602e-06
0.00010692 0.00025628 1.4497e-05 3.6667e-06
0.00010705 0.00025544 1.437e-05 3.671e-06
0.0001072 0.00025462 1.4248e-05 3.6777e-06
0.00010733 0.0002538 1.4121e-05 3.6822e-06
0.00010748 0.000253 1.4e-05 3.6891e-06
0.00010765 0.00025223 1.3886e-05 3.6986e-06
0.00010782 0.00025149 1.3778e-05 3.7105e-06
0.00010799 0.00025074 1.3663e-05 3.7201e-06
0.00010818 0.00025001 1.3555e-05 3.7323e-06
0.00010835 0.00024927 1.3441e-05 3.7421e-06
0.00010854 0.00024857 1.3332e-05 3.7544e-06
0.00010872 0.00024785 1.3218e-05 3.7643e-06
0.00010891 0.00024716 1.3109e-05 3.7768e-06
0.00010912 0.00024649 1.3006e-05 3.7919e-06
0.00010932 0.00024581 1.2897e-05 3.8045e-06
0.00010951 0.00024513 1.2782e-05 3.8148e-06
0.00010972 0.00024447 1.2673e-05 3.8277e-06
0.00010994 0.00024384 1.257e-05 3.8433e-06
0.00011015 0.0002432 1.2461e-05 3.8565e-06
0.00011035 0.00024254 1.2346e-05 3.8674e-06
0.00011055 0.00024188 1.2224e-05 3.8759e-06
0.00011073 0.00024121 1.2097e-05 3.8821e-06
0.00011091 0.00024053 1.1963e-05 3.886e-06
0.0001111 0.00023988 1.1836e-05 3.8926e-06
0.00011129 0.00023922 1.1702e-05 3.8967e-06
0.00011146 0.00023854 1.1562e-05 3.8983e-06
0.00011162 0.00023786 1.1416e-05 3.8975e-06
0.00011181 0.0002372 1.1275e-05 3.8995e-06
0.00011198 0.00023653 1.1129e-05 3.899e-06
0.00011214 0.00023585 1.0975e-05 3.896e-06
0.00011229 0.00023516 1.0816e-05 3.8905e-06
0.00011246 0.0002345 1.0663e-05 3.888e-06
0.00011262 0.00023383 1.0503e-05 3.8828e-06
0.00011279 0.00023318 1.035e-05 3.8806e-06
0.00011296 0.00023253 1.019e-05 3.8758e-06
0.00011314 0.0002319 1.0037e-05 3.874e-06
0.00011334 0.0002313 9.89e-06 3.8753e-06
0.00011356 0.00023073 9.7499e-06 3.8798e-06
0.00011376 0.00023015 9.6029e-06 3.8815e-06
0.00011396 0.00022956 9.4492e-06 3.8806e-06
0.00011414 0.00022895 9.2887e-06 3.8771e-06
0.00011435 0.00022838 9.1353e-06 3.8768e-06
0.00011457 0.00022784 8.9889e-06 3.88e-06
0.00011478 0.00022728 8.8351e-06 3.8803e-06
0.00011498 0.00022671 8.674e-06 3.8776e-06
0.0001152 0.00022617 8.5202e-06 3.8785e-06
0.00011544 0.00022566 8.3761e-06 3.6913e-06
0.00011571 0.00022519 8.2391e-06 3.5125e-06
0.00011596 0.0002247 8.0949e-06 3.3296e-06
0.00011623 0.00022425 7.9579e-06 3.155e-06
0.00011648 0.00022378 7.8134e-06 2.976e-06
0.00011676 0.00022334 7.6759e-06 2.805e-06
0.00011703 0.00022289 7.5308e-06 2.6297e-06
0.00011732 0.00022247 7.3927e-06 2.4623e-06
0.00011763 0.00022209 7.2615e-06 2.3026e-06
0.00011793 0.00022168 7.123e-06 2.1387e-06
0.00011821 0.00022127 6.9772e-06 1.9707e-06
0.00011852 0.00022089 6.8385e-06 1.8106e-06
0.00011882 0.00022049 6.692e-06 1.6458e-06
0.0001191 0.00022008 6.538e-06 1.4767e-06
0.00011935 0.00021963 6.3953e-06 1.3181e-06
0.0001196 0.00021917 6.245e-06 1.1552e-06
0.00011982 0.00021869 6.0872e-06 9.8788e-07
0.00012008 0.00021825 5.9369e-06 8.2862e-07
0.00012032 0.0002178 6.2408e-06 6.5657e-07
0.00012054 0.00021732 6.5357e-06 4.7997e-07
0.00012079 0.00021688 6.843e-06 3.1177e-07
0.00012103 0.00021643 7.1303e-06 2.9201e-07
0.00012125 0.00021596 7.4088e-06 2.7011e-07
0.00012149 0.00021553 7.6994e-06 2.4873e-07
0.00012173 0.00021508 7.9703e-06 2.8376e-07
0.00012195 0.00021461 8.2325e-06 3.1654e-07
0.00012219 0.00021418 8.5062e-06 3.5028e-07
0.00012246 0.00021379 8.7916e-06 3.8508e-07
0.00012271 0.00021338 9.0676e-06 4.175e-07
0.00012295 0.00021295 9.3344e-06 4.4756e-07
0.00012318 0.0002125 9.5919e-06 4.7528e-07
0.00012339 0.00021205 9.8409e-06 5.0077e-07
0.00012363 0.00021162 1.0101e-05 5.2722e-07
0.00012389 0.00021123 1.0373e-05 5.547e-07
0.00012414 0.00021082 1.0636e-05 5.7984e-07
0.0001244 0.00021044 1.091e-05 6.0604e-07
0.00012466 0.00021005 1.1176e-05 6.2988e-07
0.0001249 0.00020965 1.1432e-05 6.5146e-07
0.00012517 0.00020927 1.1701e-05 6.7412e-07
0.00012542 0.00020889 1.196e-05 6.9441e-07
0.00012566 0.00020848 1.2211e-05 7.1244e-07
0.00012592 0.00020811 1.2473e-05 7.3157e-07
0.00012617 0.00020773 1.2727e-05 7.4833e-07
0.00012641 0.00020733 1.2971e-05 7.6281e-07
0.00012662 0.00020689 1.3233e-05 7.7909e-07
0.00012682 0.00020645 1.3486e-05 7.93e-07
0.000127 0.00020599 1.373e-05 8.0454e-07
0.00012717 0.00020551 1.3965e-05 8.1382e-07
0.00012736 0.00020507 1.4212e-05 8.242e-07
0.00012754 0.00020461 1.4449e-05 8.3222e-07
0.00012775 0.00020418 1.47e-05 8.4134e-07
0.00012797 0.00020379 1.4963e-05 8.5163e-07
0.00012818 0.00020338 1.5217e-05 8.5957e-07
0.00012838 0.00020295 1.5461e-05 8.6524e-07
0.00012861 0.00020256 1.5719e-05 8.7208e-07
0.00012882 0.00020215 1.5968e-05 8.7656e-07
0.00012905 0.00020178 1.623e-05 8.8222e-07
0.00012927 0.00020139 1.6482e-05 8.8551e-07
0.00012952 0.00020103 1.6749e-05 8.9e-07
0.00012975 0.00020066 1.7006e-05 8.9222e-07
0.00013 0.00020031 1.7277e-05 8.956e-07
0.00013024 0.00019996 1.7538e-05 8.9669e-07
0.00013051 0.00019963 1.7814e-05 8.9897e-07
0.00013076 0.0001993 1.808e-05 8.9885e-07
0.000131 0.00019894 1.8336e-05 8.9634e-07
0.00013122 0.00019857 1.8582e-05 8.9189e-07
0.00013143 0.00019819 1.8819e-05 8.8513e-07
0.00013167 0.00019784 1.907e-05 8.7958e-07
0.00013193 0.00019752 1.9336e-05 8.7522e-07
0.00013221 0.00019723 1.9617e-05 8.7205e-07
0.00013248 0.00019692 1.9887e-05 8.6648e-07
0.00013277 0.00019665 2.0173e-05 8.621e-07
0.00013305 0.00019636 2.045e-05 8.5541e-07
0.00013336 0.00019611 2.0742e-05 8.499e-07
0.00013369 0.00019589 2.1006e-05 8.4028e-07
0.00013405 0.0001957 2.1287e-05 8.3186e-07
0.0001344 0.00019549 2.1558e-05 8.2116e-07
0.00013477 0.00019532 2.1845e-05 8.1159e-07
0.00013516 0.00019517 2.2148e-05 8.031e-07
0.00013558 0.00019506 2.2467e-05 7.9569e-07
0.00013599 0.00019493 2.2776e-05 7.8593e-07
0.00013638 0.00019479 2.3075e-05 7.7392e-07
0.0001368 0.00019467 2.3391e-05 7.6298e-07
0.00013721 0.00019455 2.3697e-05 7.498e-07
0.0001376 0.00019441 2.3993e-05 7.344e-07
0.00013802 0.0001943 2.4306e-05 7.1997e-07
0.00013846 0.00019422 2.4635e-05 7.0648e-07
0.00013889 0.00019412 2.4955e-05 6.9082e-07
0.00013935 0.00019405 2.5292e-05 6.7604e-07
0.00013983 0.00019402 2.5646e-05 6.621e-07
0.00014029 0.00019397 2.5991e-05 6.4603e-07
0.00014075 0.0001939 2.6326e-05 6.2783e-07
0.00014122 0.00019387 2.6678e-05 6.1042e-07
0.00014169 0.00019382 2.7021e-05 5.9089e-07
0.00014218 0.0001938 2.7381e-05 5.721e-07
0.0001427 0.00019381 2.7759e-05 5.5399e-07
0.00014324 0.00019384 2.8156e-05 5.3652e-07
0.00014376 0.00019386 2.8542e-05 5.1692e-07
0.00014432 0.00019391 2.8947e-05 4.9788e-07
0.00014485 0.00019395 2.9342e-05 4.7678e-07
0.00014542 0.00019401 2.9756e-05 4.5625e-07
0.00014601 0.0001941 3.0189e-05 4.3624e-07
0.00014658 0.00019418 3.0613e-05 4.1419e-07
0.00014719 0.00019428 3.1056e-05 3.926e-07
0.00014781 0.00019441 3.152e-05 3.7141e-07
0.00014847 0.00019457 3.2005e-05 3.5061e-07
0.00014915 0.00019476 3.2513e-05 3.3017e-07
0.00014981 0.00019493 3.301e-05 3.0772e-07
0.00015047 0.00019509 3.3495e-05 2.8328e-07
0.00015111 0.00019524 3.397e-05 2.5682e-07
0.00015178 0.00019542 3.4467e-05 2.307e-07
0.00015243 0.00019558 3.4953e-05 2.0257e-07
0.00015308 0.00019574 3.5427e-05 1.7241e-07
0.00015371 0.00019588 3.5872e-05 1.9214e-07
0.00015437 0.00019605 3.6283e-05 2.0894e-07
0.00015502 0.00019621 3.6683e-05 2.2382e-07
0.00015569 0.00019639 3.7105e-05 2.3867e-07
0.00015635 0.00019657 3.7516e-05 2.5162e-07
0.00015704 0.00019677 3.7947e-05 2.6449e-07
0.00015772 0.00019696 3.8368e-05 2.7544e-07
0.00015838 0.00019714 3.8778e-05 2.8446e-07
0.00015903 0.0001973 3.9176e-05 2.9158e-07
0.0001597 0.0001975 3.9595e-05 2.9857e-07
0.0001604 0.00019771 4.0034e-05 3.0546e-07
0.00016109 0.00019792 4.0463e-05 3.1045e-07
0.00016181 0.00019815 4.0912e-05 3.1533e-07
0.00016255 0.0001984 4.1382e-05 3.201e-07
0.00016331 0.00019868 4.1874e-05 3.2476e-07
0.0001641 0.00019899 4.2388e-05 3.2931e-07
0.00016488 0.00019929 4.2891e-05 3.3202e-07
0.00016565 0.00019957 4.3385e-05 3.3289e-07
0.00016641 0.00019985 4.3868e-05 3.3192e-07
0.00016719 0.00020015 4.4373e-05 3.3081e-07
0.000168 0.00020047 4.49e-05 3.2954e-07
0.00016883 0.00020082 4.5449e-05 3.2811e-07
0.00016965 0.00020116 4.5987e-05 3.2481e-07
0.0001705 0.00020152 4.6548e-05 3.2135e-07
0.00017137 0.00020191 4.7132e-05 3.1771e-07
0.00017227 0.00020232 4.7739e-05 3.1389e-07
0.00017316 0.00020272 4.8337e-05 3.0825e-07
0.00017407 0.00020315 4.8959e-05 3.0244e-07
0.00017498 0.00020357 4.957e-05 2.9478e-07
0.00017587 0.00020397 5.0169e-05 2.8525e-07
0.00017679 0.0002044 5.0793e-05 2.7554e-07
0.00017769 0.00020482 5.1405e-05 2.6396e-07
0.00017862 0.00020527 5.2043e-05 2.5222e-07
0.00017954 0.0002057 5.2671e-05 2.3865e-07
0.00018049 0.00020616 5.3325e-05 2.2489e-07
0.00018143 0.00020661 5.3967e-05 2.0932e-07
0.00018236 0.00020705 5.4599e-05 1.9191e-07
0.00018327 0.00020748 5.5198e-05 2.3279e-07
0.00018417 0.0002079 5.5787e-05 2.7165e-07
0.00018506 0.0002083 5.6365e-05 3.0851e-07
0.00018594 0.0002087 5.6931e-05 3.4332e-07
0.0001868 0.00020908 5.7485e-05 3.7608e-07
0.00018769 0.00020949 5.8064e-05 4.0935e-07
0.00018861 0.00020993 5.8669e-05 4.4318e-07
0.00018955 0.00021039 5.93e-05 4.7767e-07
0.00019049 0.00021084 5.9921e-05 5.1015e-07
0.00019141 0.00021128 6.053e-05 5.4061e-07
0.00019232 0.00021171 6.1129e-05 5.6907e-07
0.00019327 0.00021216 6.1754e-05 5.9819e-07
0.00019419 0.00021261 6.2367e-05 6.2524e-07
0.00019511 0.00021304 6.297e-05 6.5028e-07
0.00019605 0.0002135 6.3598e-05 6.7596e-07
0.00019698 0.00021395 6.4215e-05 6.9957e-07
0.0001979 0.00021439 6.4821e-05 7.2116e-07
0.00019885 0.00021485 6.5454e-05 7.4343e-07
0.00019979 0.00021531 6.6076e-05 7.6367e-07
0.00020071 0.00021575 6.6686e-05 7.8188e-07
0.00020167 0.00021622 6.7325e-05 8.0084e-07
0.00020261 0.00021668 6.7951e-05 8.177e-07
0.00020355 0.00021712 6.8566e-05 8.3255e-07
0.00020447 0.00021756 6.917e-05 8.4538e-07
0.00020542 0.00021802 6.9801e-05 8.5888e-07
0.0002064 0.00021851 7.046e-05 8.7309e-07
0.00020736 0.00021899 7.1107e-05 8.8524e-07
0.00020832 0.00021946 7.1743e-05 8.9534e-07
0.00020926 0.00021992 7.2366e-05 9.0338e-07
0.00021023 0.0002204 7.3017e-05 9.1207e-07
0.00021118 0.00022087 7.3657e-05 9.1877e-07
0.00021217 0.00022137 7.4325e-05 9.2612e-07
0.00021319 0.00022189 7.502e-05 9.3411e-07
0.00021419 0.0002224 7.5703e-05 9.4006e-07
0.00021522 0.00022294 7.6415e-05 9.4666e-07
0.00021624 0.00022346 7.7115e-05 9.5123e-07
0.00021729 0.00022401 7.7844e-05 9.5644e-07
0.00021837 0.00022459 7.8602e-05 9.6235e-07
0.00021943 0.00022516 7.9349e-05 9.6621e-07
0.00022053 0.00022575 8.0126e-05 9.7078e-07
0.00022162 0.00022634 8.0891e-05 9.7331e-07
0.00022273 0.00022695 8.1686e-05 9.765e-07
0.00022383 0.00022754 8.247e-05 9.7772e-07
0.00022497 0.00022817 8.3286e-05 9.7961e-07
0.00022613 0.00022882 8.4134e-05 9.8222e-07
0.00022733 0.0002295 8.5016e-05 9.8558e-07
0.00022856 0.00023021 8.5932e-05 9.8968e-07
0.00022982 0.00023095 8.6885e-05 9.9454e-07
0.00023107 0.00023167 8.7825e-05 9.974e-07
0.00023231 0.00023238 8.8752e-05 9.9823e-07
0.00023358 0.00023313 8.9716e-05 9.9986e-07
0.00023484 0.00023386 9.0666e-05 9.994e-07
0.00023609 0.00023458 9.1603e-05 9.969e-07
0.00023732 0.00023529 9.2525e-05 9.9229e-07
0.00023854 0.00023599 9.3434e-05 9.8563e-07
0.00023979 0.00023672 9.438e-05 9.7979e-07
0.00024108 0.00023747 9.5365e-05 9.748e-07
0.00024235 0.00023822 9.6336e-05 9.6772e-07
0.00024366 0.00023899 9.7347e-05 9.6152e-07
0.00024496 0.00023976 9.8343e-05 9.5314e-07
0.00024629 0.00024055 9.938e-05 9.4567e-07
0.00024761 0.00024133 0.0001004 9.3608e-07
0.00024899 0.00023988 0.00010147 9.2744e-07
0.00025041 0.00023846 0.00010258 9.1972e-07
0.00025181 0.00023703 0.00010367 9.098e-07
0.00025326 0.00023563 0.00010481 9.008e-07
0.00025468 0.00023423 0.00010593 8.8959e-07
0.00025609 0.0002328 0.00010704 8.7625e-07
0.00025755 0.00023142 0.00010819 8.6383e-07
0.00025898 0.00023003 0.00010933 8.4927e-07
0.00026046 0.00022867 0.00011051 8.3568e-07
0.00026198 0.00022736 0.00011175 8.2303e-07
0.00026349 0.00022602 0.00011297 8.0816e-07
0.00026498 0.00022468 0.00011416 7.9113e-07
0.00026651 0.00022337 0.00011542 7.7508e-07
0.00026803 0.00022205 0.00011665 7.5678e-07
0.00026952 0.00022071 0.00011786 7.3623e-07
0.00027107 0.00021942 0.000119 7.1177e-07
0.0002726 0.00021812 0.00012011 6.8503e-07
0.00027411 0.00021679 0.00012122 6.5607e-07
0.00027567 0.00021551 0.00012237 6.282e-07
0.00027721 0.00021422 0.0001235 5.9813e-07
0.0002788 0.00021296 0.00012469 5.6905e-07
0.00028037 0.00021169 0.00012585 5.3771e-07
0.00028192 0.0002104 0.000127 5.0417e-07
0.00028346 0.00020909 0.00012813 4.6844e-07
0.00028504 0.00020783 0.00012931 4.3369e-07
0.0002866 0.00020655 0.00013047 3.9668e-07
0.00028814 0.00020526 0.00013161 3.5747e-07
0.00028973 0.000204 0.0001328 3.1923e-07
0.0002913 0.00020273 0.00013397 2.7872e-07
0.00029292 0.0002015 0.0001352 2.3915e-07
0.00029459 0.00020031 0.00013649 2.0047e-07
0.00029624 0.0001991 0.00013771 2.1679e-07
0.00029787 0.00019788 0.00013891 2.3117e-07
0.00029948 0.00019664 0.00014009 2.4361e-07
0.00030107 0.00019538 0.00014125 2.5408e-07
0.00030264 0.00019411 0.00014238 2.6256e-07
0.00030419 0.00019282 0.0001435 2.6907e-07
0.00030579 0.00019157 0.00014467 2.7554e-07
0.00030744 0.00019035 0.00014589 2.8202e-07
0.00030907 0.00018913 0.0001471 2.8651e-07
0.00031068 0.00018789 0.00014828 2.8907e-07
0.00031234 0.00018668 0.00014952 2.9165e-07
0.00031398 0.00018546 0.00015074 2.9223e-07
0.0003156 0.00018423 0.00015194 2.9081e-07
0.00031727 0.00018303 0.00015319 2.8941e-07
0.00031892 0.00018182 0.00015443 2.86e-07
0.00032055 0.00018059 0.00015563 2.8064e-07
0.00032216 0.00017934 0.00015682 2.7332e-07
0.00032374 0.00017808 0.00015794 3.3995e-07
0.00032531 0.00017679 0.00015904 4.0383e-07
0.00032693 0.00017555 0.0001602 4.7011e-07
0.0003286 0.00017435 0.00016141 5.3897e-07
0.00033025 0.00017314 0.00016261 6.0499e-07
0.00033188 0.0001719 0.00016378 6.6832e-07
0.00033356 0.00017071 0.00016501 7.3424e-07
0.00033522 0.0001695 0.00016622 7.9729e-07
0.00033694 0.00016833 0.00016749 8.6308e-07
0.00033871 0.0001672 0.00016883 9.318e-07
0.00034044 0.00016878 0.00017014 9.9752e-07
0.00034223 0.00017042 0.00017151 1.0664e-06
0.00034408 0.0001721 0.00017296 1.1385e-06
0.0003459 0.00017376 0.00017433 1.6737e-06
0.0003477 0.00017541 0.00017568 2.1988e-06
0.00034948 0.00017704 0.000177 2.715e-06
0.00035124 0.00017864 0.0001783 3.2218e-06
0.00035297 0.00018023 0.00017958 3.7194e-06
0.00035469 0.00018181 0.00018083 4.2089e-06
0.00035639 0.00018336 0.00018206 4.6906e-06
0.00035814 0.00018497 0.00018336 5.1947e-06
0.00035987 0.00018655 0.00018463 5.6909e-06
0.00036159 0.00018812 0.00018588 6.1795e-06
0.00036328 0.00018968 0.00018711 6.6607e-06
0.00036503 0.00019127 0.00018841 7.164e-06
0.00036683 0.00019291 0.00018976 7.6904e-06
0.00036861 0.00019454 0.00019109 8.2091e-06
0.00037044 0.00019621 0.00019248 8.751e-06
0.00037225 0.00019786 0.00019385 9.2845e-06
0.00037412 0.00019956 0.00019528 9.8418e-06
0.00037603 0.0002013 0.00019677 1.0424e-05
0.00037793 0.00020302 0.00019824 1.0997e-05
0.0003798 0.00020473 0.00019969 1.1562e-05
0.00038173 0.00020648 0.0002012 1.2151e-05
0.00038364 0.00020821 0.00020269 1.2732e-05
0.0003856 0.00020999 0.00020424 1.3338e-05
0.00038755 0.00021175 0.00020576 1.3936e-05
0.00038954 0.00021356 0.00020736 1.456e-05
0.00039152 0.00021535 0.00020893 1.5175e-05
0.00039355 0.00021719 0.00021057 1.5818e-05
0.00039556 0.00021901 0.00021218 1.6452e-05
0.00039762 0.00022088 0.00021386 1.7114e-05
0.00039974 0.00022279 0.00021561 1.7806e-05
0.00040184 0.00022469 0.00021734 1.8487e-05
0.000404 0.00022663 0.00021914 1.92e-05
0.00040621 0.00022863 0.00022101 1.9945e-05
