

TREE # 1

  0  0.0000  66083.908249  x:  0.07313   0.08766   0.10944   0.04420   0.09965   0.05330   0.03183   0.02925   0.09686   0.01718   0.04901   0.02376   0.06735   0.03806   0.04907   0.10555   0.04691   0.04958   0.02372   0.06188   0.05799   0.05064   0.06232   0.03549   0.09226   0.98669   1.13222  
  1 99.0000  56175.074185  x:  0.12357   0.09769   0.13174   0.37435   0.12591   0.11267   0.24207   0.06124   0.10395   0.22991   0.09231   0.00000   0.04023   0.12444   0.40338   0.17334   0.14021   0.15548   0.13297   0.04922   0.05069   0.16582   0.24136   0.21224   0.27234   1.01782   1.10135  
  2 48854.9039  55885.303862  x:  0.14461   0.09320   0.14059   0.42047   0.14477   0.13466   0.26139   0.06661   0.09785   0.22603   0.09709   0.34323   0.00000   0.13894   0.46050   0.21491   0.16478   0.18242   0.13633   0.03126   0.04058   0.20197   0.30153   0.23808   0.35326   1.06998   1.04335  
  3 16430.2737  54481.537194  x:  0.18035   0.04541   0.15666   0.39961   0.19055   0.16403   0.19043   0.05483   0.05786   0.03785   0.08257   0.31230   0.00000   0.12396   0.47342   0.33464   0.18636   0.21062   0.05884   0.02767   0.04855   0.25689   0.42774   0.21091   0.56601   1.33800   0.70131  
  4 4131.0534  53659.307983  x:  0.19661   0.02323   0.17238   0.34150   0.21116   0.16726   0.12003   0.06396   0.06069   0.12038   0.10538   0.29860   0.00000   0.09809   0.43490   0.41189   0.18553   0.22014   0.03588   0.03435   0.04518   0.27403   0.49273   0.16298   0.69923   1.56788   0.35487  
  5 10097.5241  53570.670754  x:  0.19891   0.04207   0.18036   0.33476   0.20743   0.16109   0.13718   0.07068   0.07261   0.10950   0.10503   0.29785   0.00000   0.09687   0.42326   0.41773   0.18279   0.22148   0.08037   0.03162   0.04381   0.26827   0.48831   0.15855   0.70799   1.60899   0.29753  
  6 3603.3005  53511.898747  x:  0.20213   0.06278   0.19842   0.34398   0.19092   0.14353   0.19098   0.07278   0.09127   0.11023   0.10832   0.29896   0.00000   0.10649   0.40989   0.42411   0.16893   0.20839   0.05429   0.03340   0.04596   0.24592   0.45290   0.16483   0.71517   1.71237   0.29887  
  7 1079.5651  53504.885671  x:  0.20193   0.06134   0.19896   0.34574   0.18895   0.14244   0.19080   0.07013   0.09007   0.11151   0.10833   0.29895   0.01118   0.10770   0.40931   0.42507   0.16874   0.20824   0.05838   0.03266   0.04520   0.24337   0.44590   0.16563   0.71613   1.73410   0.30502  
  8 1696.1236  53447.298032  x:  0.20016   0.05281   0.20295   0.35981   0.17415   0.13456   0.19129   0.05224   0.08235   0.12081   0.10500   0.29914   0.00204   0.11677   0.40582   0.43081   0.16724   0.20659   0.08559   0.02838   0.04062   0.22418   0.39298   0.17230   0.72109   1.89641   0.34807  
  9 3842.1091  53430.717506  x:  0.19433   0.06404   0.19420   0.37037   0.17513   0.14409   0.17819   0.06801   0.08370   0.11942   0.10118   0.30126   0.00198   0.11849   0.41885   0.41658   0.17398   0.20630   0.08658   0.04319   0.05253   0.22478   0.37649   0.17718   0.69735   1.95471   0.35346  
 10 904.8260  53415.666895  x:  0.18717   0.07257   0.18375   0.38035   0.17716   0.15251   0.16979   0.07829   0.08316   0.11710   0.09975   0.30212   0.00219   0.11761   0.43370   0.39644   0.18041   0.20582   0.08126   0.02828   0.04330   0.22791   0.36615   0.18212   0.66451   2.00451   0.35187  
 11 1378.8319  53407.557142  x:  0.18231   0.06477   0.17761   0.38335   0.17808   0.15057   0.17769   0.06615   0.07569   0.11475   0.10436   0.30425   0.00222   0.11240   0.44243   0.37644   0.18205   0.20819   0.07975   0.03477   0.04057   0.23308   0.37235   0.18528   0.63164   2.03619   0.34691  
 12 598.0768  53405.427711  x:  0.18251   0.06131   0.17809   0.38087   0.17890   0.14805   0.17967   0.06562   0.07804   0.11498   0.10460   0.30452   0.00211   0.11136   0.44337   0.37094   0.18119   0.20985   0.08047   0.03021   0.04822   0.23585   0.38205   0.18575   0.62118   2.04710   0.34910  
 13 371.9896  53404.117447  x:  0.18405   0.06031   0.18022   0.37752   0.17990   0.14611   0.17988   0.06884   0.08196   0.11508   0.10324   0.30432   0.00199   0.11187   0.44281   0.36834   0.17947   0.21107   0.08151   0.03205   0.04436   0.23805   0.39335   0.18599   0.61454   2.05506   0.35325  
 14 278.6248  53403.939204  x:  0.18479   0.06223   0.18149   0.37794   0.17995   0.14741   0.17958   0.06855   0.07902   0.11555   0.10270   0.30428   0.00200   0.11343   0.44180   0.36877   0.17816   0.20952   0.08178   0.03191   0.04451   0.23727   0.39598   0.18638   0.61299   2.05589   0.35355  
 15 46.4332  53403.616530  x:  0.18435   0.05939   0.18323   0.38138   0.17867   0.14940   0.17826   0.06846   0.08076   0.11490   0.10427   0.30435   0.00195   0.11721   0.44039   0.37107   0.17750   0.20715   0.08220   0.03201   0.04449   0.23576   0.39718   0.18633   0.61005   2.05583   0.35260  
 16 20.1468  53400.439155  x:  0.18305   0.05950   0.18730   0.39275   0.17162   0.14475   0.17598   0.06747   0.08064   0.11604   0.09517   0.30412   0.00236   0.11289   0.43354   0.38840   0.18639   0.21389   0.08019   0.03206   0.04455   0.23706   0.39910   0.18898   0.59864   2.05436   0.35047  
 17 24.3641  53387.593818  x:  0.18273   0.07006   0.18849   0.39568   0.18023   0.14609   0.17778   0.06884   0.07877   0.11428   0.12522   0.30166   0.00103   0.09848   0.43562   0.43345   0.19515   0.22817   0.07958   0.03144   0.04416   0.23782   0.40132   0.19361   0.58114   2.05425   0.35490  
 18 123.4719  53309.467079  x:  0.17683   0.05357   0.15751   0.36797   0.22754   0.15842   0.21246   0.06516   0.08421   0.12607   0.08744   0.29319   0.00196   0.09488   0.53008   0.55919   0.16629   0.22147   0.08569   0.03120   0.04404   0.22570   0.39882   0.20509   0.55068   2.03979   0.34834  
 19 260.2217  53045.528743  x:  0.19245   0.05918   0.14691   0.42138   0.16732   0.10632   0.21204   0.07510   0.07437   0.13206   0.10556   0.27482   0.00000   0.08164   0.63792   0.57458   0.16169   0.16632   0.09907   0.03030   0.04297   0.27256   0.43885   0.22218   0.62149   2.01022   0.34186  
 20 359.3255  53045.528743  x:  0.19245   0.05918   0.14691   0.42138   0.16732   0.10632   0.21204   0.07510   0.07437   0.13206   0.10556   0.27482   0.00000   0.08164   0.63792   0.57458   0.16169   0.16632   0.09907   0.03030   0.04297   0.27256   0.43885   0.22218   0.62149   2.01022   0.34186  
 21 1514.5468  52363.591123  x:  0.20297   0.07375   0.19064   0.60222   0.20508   0.21902   0.32569   0.08632   0.09430   0.22100   0.12347   0.00000   0.11389   0.11899   0.74480   0.53349   0.22068   0.29879   0.17088   0.04041   0.04998   0.30448   0.50489   0.29231   0.70642   2.01648   0.32337  
 22 3193.0582  52363.591123  x:  0.20297   0.07375   0.19064   0.60222   0.20508   0.21902   0.32569   0.08632   0.09430   0.22100   0.12347   0.00000   0.11389   0.11899   0.74480   0.53349   0.22068   0.29879   0.17088   0.04041   0.04998   0.30448   0.50489   0.29231   0.70642   2.01648   0.32337  
 23 1885.9945  52243.513071  x:  0.19670   0.06052   0.17859   0.62977   0.18788   0.19498   0.32453   0.07155   0.07761   0.20098   0.10610   0.07510   0.00000   0.11318   0.77111   0.51797   0.21650   0.28371   0.14275   0.01371   0.03384   0.30297   0.51479   0.29534   0.72806   2.01978   0.30993  
 24 2563.1231  52239.192476  x:  0.19590   0.05899   0.17705   0.63351   0.18573   0.19191   0.32441   0.06995   0.07578   0.19850   0.10417   0.08021   0.00193   0.11247   0.77470   0.51589   0.21600   0.28180   0.13922   0.01437   0.03353   0.30280   0.51614   0.29575   0.73101   2.02023   0.30873  
 25 1733.3506  52210.667569  x:  0.19142   0.05126   0.16839   0.65584   0.17396   0.17462   0.32389   0.06251   0.06709   0.18481   0.09427   0.08775   0.00102   0.10856   0.79626   0.50356   0.21339   0.27110   0.11963   0.03525   0.03992   0.30196   0.52428   0.29823   0.74866   2.02284   0.30445  
 26 4781.5446  52147.623372  x:  0.18161   0.04067   0.14936   0.71323   0.15109   0.13807   0.32376   0.05718   0.05965   0.15785   0.08213   0.05837   0.00096   0.10053   0.85238   0.47243   0.20899   0.24817   0.08059   0.01797   0.03880   0.30091   0.54541   0.30472   0.79430   2.02958   0.30595  
 27 2393.7333  52106.285216  x:  0.17364   0.04956   0.13541   0.78265   0.15396   0.13038   0.32651   0.07506   0.07747   0.15481   0.10139   0.05882   0.00076   0.09485   0.92215   0.43629   0.21018   0.23973   0.09558   0.02488   0.02193   0.30211   0.57043   0.31216   0.85005   2.03963   0.30553  
 28 1239.4620  52084.270566  x:  0.16853   0.05392   0.12805   0.82939   0.16099   0.13259   0.32885   0.08227   0.08359   0.15744   0.11101   0.06268   0.00081   0.09178   0.96978   0.41283   0.21179   0.23733   0.10987   0.01931   0.04237   0.30332   0.58611   0.31665   0.88782   2.04718   0.30306  
 29 3456.5402  52066.437071  x:  0.16525   0.04785   0.13004   0.86769   0.17782   0.15343   0.33260   0.06745   0.06424   0.17111   0.09961   0.05640   0.00080   0.09313   1.01152   0.39891   0.21461   0.24524   0.12186   0.01804   0.03763   0.30551   0.59353   0.31811   0.91968   2.05660   0.29466  
 30 1003.8792  52062.553938  x:  0.16886   0.04960   0.14176   0.87820   0.17640   0.15853   0.33607   0.06860   0.07048   0.17926   0.09070   0.05808   0.00086   0.10151   1.02779   0.40586   0.21621   0.25418   0.11314   0.01858   0.03785   0.30743   0.58831   0.31645   0.93021   2.06432   0.29921  
 31 294.3334  52060.879538  x:  0.17176   0.04969   0.14746   0.88190   0.17195   0.15835   0.33620   0.06782   0.07051   0.18127   0.09601   0.05718   0.00083   0.10420   1.03746   0.41381   0.21697   0.26024   0.10985   0.01834   0.03804   0.30811   0.58130   0.31382   0.93546   2.07226   0.29086  
 32 241.8548  52059.702521  x:  0.17476   0.05001   0.14849   0.88328   0.16856   0.15753   0.33374   0.06667   0.06623   0.17786   0.09974   0.05744   0.00081   0.10172   1.04702   0.42363   0.21769   0.26425   0.11254   0.01836   0.03809   0.30833   0.57194   0.31071   0.93991   2.08285   0.29569  
 33 183.0406  52058.656897  x:  0.17665   0.05120   0.14580   0.88218   0.16980   0.15897   0.32961   0.06941   0.06814   0.17357   0.09479   0.05683   0.00084   0.09435   1.05661   0.43359   0.21711   0.26354   0.11497   0.01814   0.03807   0.30746   0.56217   0.30722   0.94326   2.09764   0.29338  
 34 181.8811  52058.090802  x:  0.17606   0.05072   0.14384   0.87945   0.17301   0.15977   0.32839   0.06798   0.06950   0.17786   0.09693   0.05700   0.00082   0.08930   1.06226   0.43823   0.21584   0.25856   0.11188   0.01831   0.03807   0.30649   0.55897   0.30648   0.94402   2.11040   0.29478  
 35 112.9823  52057.343196  x:  0.17342   0.05351   0.14614   0.87198   0.17280   0.15463   0.33239   0.06861   0.06693   0.18155   0.09490   0.05655   0.00084   0.08934   1.06917   0.44077   0.21563   0.25413   0.11506   0.01820   0.03803   0.30606   0.56367   0.30960   0.94205   2.13611   0.29495  
 36 79.1888  52056.659059  x:  0.17101   0.04849   0.14666   0.86526   0.17420   0.15576   0.33510   0.06730   0.06950   0.17701   0.09587   0.05628   0.00084   0.09208   1.07384   0.43974   0.21606   0.25574   0.11541   0.01818   0.03804   0.30645   0.56975   0.31273   0.93940   2.16136   0.29605  
 37 137.7622  52056.277063  x:  0.17243   0.05179   0.14466   0.86299   0.17368   0.15900   0.33400   0.06856   0.06778   0.17542   0.09674   0.05629   0.00084   0.09211   1.07401   0.43585   0.21626   0.25956   0.11193   0.01829   0.03806   0.30692   0.57309   0.31361   0.93778   2.17554   0.29659  
 38 92.0585  52055.884461  x:  0.17425   0.04967   0.14253   0.86428   0.16915   0.15889   0.33073   0.06864   0.06882   0.17917   0.09557   0.05596   0.00084   0.09143   1.07051   0.42967   0.21685   0.26297   0.11266   0.01826   0.03802   0.30751   0.57299   0.31121   0.93666   2.18756   0.29735  
 39 57.8920  52054.777480  x:  0.17826   0.05045   0.14961   0.87719   0.17049   0.15937   0.32752   0.06842   0.06818   0.17658   0.09620   0.05493   0.00084   0.09758   1.05447   0.41811   0.21716   0.25538   0.11363   0.01827   0.03800   0.30776   0.56609   0.30163   0.93622   2.21145   0.29839  
 40 52.2010  52052.343316  x:  0.17668   0.05349   0.13919   0.90268   0.18054   0.14971   0.33005   0.06459   0.06988   0.17773   0.09540   0.05216   0.00087   0.10433   1.02541   0.42737   0.21445   0.26168   0.11369   0.01815   0.03804   0.30624   0.56190   0.31283   0.94179   2.23437   0.29829  
 41 44.0772  52049.760707  x:  0.16847   0.04633   0.14045   0.91958   0.17861   0.15346   0.33811   0.07688   0.06436   0.17888   0.09638   0.04959   0.00091   0.09613   1.00526   0.43697   0.21537   0.26348   0.11117   0.01826   0.03815   0.30641   0.56345   0.31997   0.94714   2.24659   0.29884  
 42 112.1162  52043.747181  x:  0.15894   0.05484   0.14551   0.93613   0.15924   0.16921   0.34782   0.06277   0.07262   0.17526   0.09614   0.04244   0.00098   0.07902   0.98385   0.45182   0.22049   0.25898   0.11406   0.01806   0.03809   0.30846   0.57497   0.32486   0.95568   2.25672   0.29897  
 43 121.6347  52011.392236  x:  0.16834   0.04960   0.12358   0.93667   0.13737   0.19310   0.32885   0.07020   0.06843   0.17959   0.09506   0.01116   0.00129   0.11007   0.97457   0.48583   0.21899   0.23408   0.11920   0.01800   0.03817   0.30641   0.61055   0.30781   0.97625   2.25642   0.29904  
 44 83.1343  52003.233341  x:  0.17121   0.04941   0.12993   0.93314   0.14421   0.18617   0.32942   0.06926   0.06930   0.17877   0.09504   0.00410   0.00137   0.10292   0.97636   0.48176   0.21743   0.23987   0.11812   0.01805   0.03819   0.30557   0.61105   0.30567   0.97767   2.25418   0.29935  
 45 217.8810  52003.025810  x:  0.16644   0.05059   0.12783   0.93271   0.14402   0.18634   0.33056   0.06939   0.06920   0.17890   0.09501   0.00393   0.00138   0.10446   0.97758   0.47980   0.22273   0.23960   0.11748   0.01809   0.03819   0.30815   0.60653   0.30672   0.97603   2.25388   0.29924  
 46 38.6192  52002.965991  x:  0.16633   0.05068   0.12725   0.93287   0.14254   0.18766   0.33189   0.06947   0.06920   0.17890   0.09500   0.00385   0.00138   0.10525   0.97858   0.47821   0.22143   0.23888   0.11782   0.01809   0.03818   0.30681   0.60341   0.30977   0.97448   2.25369   0.29923  
 47 15.4471  52002.473058  x:  0.16123   0.05187   0.12660   0.94105   0.14245   0.18764   0.33226   0.06949   0.06923   0.17893   0.09509   0.00386   0.00139   0.10505   0.98486   0.47983   0.21575   0.24110   0.11792   0.01819   0.03825   0.30601   0.60402   0.30548   0.95687   2.25215   0.29968  
 48  3.4579  52001.437749  x:  0.17135   0.04980   0.12710   0.95288   0.14425   0.18635   0.33212   0.06986   0.06940   0.17910   0.09513   0.00392   0.00142   0.10146   0.99429   0.48264   0.22178   0.23919   0.11794   0.01847   0.03834   0.31050   0.60619   0.30907   0.93076   2.24907   0.29935  
 49 55.5882  51986.923396  x:  0.16545   0.05322   0.14242   0.92054   0.16008   0.17180   0.32510   0.07108   0.07230   0.17943   0.09703   0.00558   0.00178   0.09528   1.01944   0.45754   0.25113   0.25412   0.11478   0.02242   0.03963   0.25702   0.58709   0.31418   0.92355   2.21420   0.30181  
 50 11.6846  51971.231547  x:  0.16463   0.05681   0.15086   0.87167   0.17488   0.15817   0.33577   0.07285   0.07507   0.17904   0.09923   0.00713   0.00219   0.08849   1.04196   0.42442   0.21910   0.26426   0.11606   0.02664   0.04112   0.31108   0.55454   0.32186   0.93474   2.17571   0.30326  
 51 185.6695  51971.179004  x:  0.16634   0.05674   0.14866   0.87131   0.17495   0.15813   0.34049   0.07283   0.07512   0.17904   0.09923   0.00714   0.00219   0.08840   1.04198   0.42418   0.21946   0.26445   0.11600   0.02666   0.04113   0.31048   0.55430   0.31927   0.93491   2.17559   0.30327  
 52 16.5696  51966.540591  x:  0.17848   0.05500   0.14993   0.85088   0.17856   0.15995   0.32896   0.07727   0.07615   0.18187   0.10111   0.00450   0.00316   0.09430   1.05182   0.43401   0.21676   0.26338   0.11891   0.03025   0.04324   0.30843   0.57244   0.30476   0.93252   2.14644   0.30558  
 53  0.0535  51965.339750  x:  0.17517   0.05611   0.14701   0.86251   0.17639   0.16539   0.33249   0.07808   0.07629   0.18298   0.10209   0.00546   0.00416   0.09859   1.04884   0.43091   0.21937   0.26205   0.11920   0.03166   0.04460   0.30933   0.56383   0.30958   0.92446   2.15637   0.30615  
 54  0.0126  51964.711431  x:  0.17521   0.05574   0.14983   0.86130   0.17834   0.16100   0.33186   0.07691   0.07624   0.18223   0.10189   0.00455   0.00513   0.09291   1.04869   0.42961   0.21960   0.26414   0.11829   0.03173   0.04499   0.30769   0.56649   0.30915   0.92857   2.15954   0.30587  
 55  0.0066  51964.537417  x:  0.17528   0.05547   0.14856   0.85780   0.17712   0.16146   0.33145   0.07650   0.07577   0.18170   0.10160   0.00485   0.00574   0.09463   1.05058   0.43216   0.21818   0.26288   0.11812   0.03119   0.04461   0.30816   0.56803   0.30834   0.93173   2.15374   0.30535  
 56  0.0056  51964.517050  x:  0.17557   0.05552   0.14862   0.86006   0.17720   0.16155   0.33151   0.07675   0.07587   0.18185   0.10171   0.00473   0.00591   0.09478   1.04968   0.43135   0.21862   0.26296   0.11819   0.03100   0.04441   0.30815   0.56720   0.30846   0.92911   2.15536   0.30559  
 57  0.0033  51964.515963  x:  0.17550   0.05556   0.14869   0.85948   0.17728   0.16159   0.33157   0.07680   0.07593   0.18191   0.10176   0.00474   0.00594   0.09468   1.04968   0.43130   0.21864   0.26303   0.11828   0.03100   0.04429   0.30823   0.56720   0.30856   0.92960   2.15562   0.30559  
 58  0.0007  51964.515880  x:  0.17551   0.05556   0.14869   0.85957   0.17728   0.16161   0.33156   0.07680   0.07593   0.18191   0.10176   0.00474   0.00593   0.09468   1.04968   0.43139   0.21861   0.26303   0.11830   0.03102   0.04425   0.30823   0.56724   0.30851   0.92954   2.15547   0.30558  
 59  0.0002  51964.515873  x:  0.17551   0.05556   0.14869   0.85956   0.17728   0.16159   0.33155   0.07680   0.07593   0.18191   0.10176   0.00474   0.00593   0.09468   1.04969   0.43136   0.21862   0.26303   0.11829   0.03103   0.04424   0.30822   0.56723   0.30852   0.92954   2.15549   0.30559  
 60  0.0000  51964.515872  x:  0.17551   0.05556   0.14868   0.85957   0.17728   0.16159   0.33155   0.07680   0.07593   0.18191   0.10176   0.00474   0.00593   0.09468   1.04969   0.43136   0.21862   0.26303   0.11829   0.03103   0.04424   0.30822   0.56723   0.30852   0.92954   2.15550   0.30559  
 61  0.0000  51964.515872  x:  0.17551   0.05556   0.14868   0.85957   0.17728   0.16159   0.33155   0.07680   0.07593   0.18191   0.10176   0.00474   0.00593   0.09468   1.04969   0.43136   0.21862   0.26303   0.11829   0.03103   0.04424   0.30822   0.56723   0.30852   0.92954   2.15550   0.30559  
 62  0.0000  51964.515872  x:  0.17551   0.05556   0.14868   0.85957   0.17728   0.16159   0.33155   0.07680   0.07593   0.18191   0.10176   0.00474   0.00593   0.09468   1.04969   0.43136   0.21862   0.26303   0.11829   0.03103   0.04424   0.30822   0.56723   0.30852   0.92954   2.15550   0.30559  