

TREE # 1

  0  0.0000   9178.871093  x:  0.02097   0.04909   0.10206   0.01148   0.01249   0.04117   0.10265   0.02160   0.07557   0.07500   0.06289   0.07488   0.02632   1.09488   1.19240  
  1 99.0000   7477.607979  x:  1.02803   0.13317   0.12802   0.09439   0.18205   0.03033   0.08017   0.03417   0.07907   0.08512   0.06946   0.06263   0.03135   1.10344   1.18257  
  2 24055.6874   7431.423307  x:  1.03464   0.14302   0.13880   0.06868   0.15400   0.00751   0.02544   0.01577   0.08422   0.09779   0.06403   0.03779   0.03306   1.12409   1.15667  
  3 804.6855   7421.965223  x:  1.03667   0.14587   0.14203   0.06117   0.14495   0.01464   0.00980   0.01421   0.08562   0.10121   0.06281   0.03195   0.03356   1.13126   1.14757  
  4 2213.8029   7401.774175  x:  1.04591   0.15796   0.15661   0.03090   0.09915   0.01540   0.01397   0.03746   0.09083   0.11415   0.06080   0.02451   0.03573   1.17152   1.09543  
  5 729.9438   7380.007178  x:  1.05297   0.16867   0.17168   0.03508   0.05194   0.01671   0.01459   0.02991   0.09283   0.12255   0.06701   0.04925   0.03494   1.23152   1.01487  
  6 1057.0962   7224.210155  x:  1.04563   0.20713   0.24706   0.08198   0.04260   0.02560   0.03500   0.01767   0.09050   0.14880   0.09496   0.00851   0.01195   1.66541   0.40914  
  7 1281.2462   7185.664933  x:  1.04277   0.21604   0.26676   0.08595   0.04948   0.02533   0.03400   0.02059   0.09036   0.15575   0.09930   0.01184   0.01878   1.78464   0.24099  
  8 19866.7291   7184.616802  x:  1.04299   0.21398   0.26668   0.08405   0.05032   0.02501   0.03324   0.02115   0.09049   0.15463   0.09824   0.01374   0.01406   1.79111   0.23722  
  9 367.9261   7175.017505  x:  1.05013   0.16298   0.25630   0.07023   0.04428   0.02628   0.03669   0.01102   0.09074   0.12265   0.08212   0.01221   0.01408   1.88831   0.22886  
 10 313.7361   7168.666973  x:  1.05338   0.12520   0.25178   0.07720   0.03883   0.02191   0.02800   0.02371   0.09252   0.10542   0.07959   0.01099   0.01430   1.97455   0.23238  
 11 1021.6376   7150.587679  x:  1.05661   0.06178   0.26535   0.06801   0.05098   0.02238   0.02882   0.01943   0.10022   0.11837   0.09300   0.01648   0.01672   2.23953   0.27772  
 12 803.4645   7141.964923  x:  1.05362   0.08987   0.26171   0.06833   0.05680   0.02156   0.02724   0.02105   0.08275   0.09023   0.07223   0.02007   0.01834   2.38504   0.31165  
 13 419.9263   7139.855904  x:  1.05332   0.10281   0.22170   0.06973   0.05676   0.02168   0.02744   0.02087   0.09644   0.09632   0.06578   0.02047   0.01862   2.42316   0.31801  
 14 119.6351   7139.298929  x:  1.05372   0.10607   0.20592   0.06654   0.05626   0.02130   0.02672   0.02095   0.09044   0.09681   0.07378   0.02045   0.01860   2.43328   0.31920  
 15 105.1066   7139.289451  x:  1.05375   0.10577   0.20558   0.06678   0.05618   0.02131   0.02672   0.02102   0.08932   0.09774   0.07291   0.02044   0.01860   2.43338   0.31916  
 16  6.1432   7124.221109  x:  1.05263   0.11338   0.21731   0.05275   0.08979   0.01799   0.01442   0.02647   0.08924   0.11128   0.07672   0.02254   0.02602   2.49928   0.26579  
 17  0.1528   7117.570660  x:  1.06158   0.10854   0.20595   0.05415   0.09882   0.02776   0.02463   0.02516   0.08997   0.10624   0.07224   0.03493   0.03446   2.31795   0.27083  
 18  0.0984   7115.156849  x:  1.06929   0.10569   0.21043   0.05525   0.10128   0.02471   0.01472   0.02585   0.08982   0.10684   0.07416   0.04076   0.03671   2.22738   0.27951  
 19  0.0780   7114.156905  x:  1.08369   0.10068   0.20886   0.05050   0.11016   0.02418   0.01514   0.02473   0.08888   0.10567   0.07334   0.04382   0.03645   2.15898   0.26018  
 20  0.0287   7112.109992  x:  1.12279   0.10983   0.21594   0.05787   0.12089   0.02120   0.01830   0.02177   0.09124   0.11618   0.07766   0.04981   0.03229   2.17808   0.26343  
 21  0.0140   7110.374747  x:  1.16266   0.10401   0.20393   0.05617   0.12372   0.01817   0.01692   0.02142   0.08917   0.10511   0.07171   0.05212   0.02725   2.27161   0.27170  
 22  0.0612   7106.754469  x:  1.25343   0.09208   0.23036   0.05136   0.10689   0.02367   0.01833   0.02619   0.08711   0.10001   0.07802   0.05290   0.02353   2.31048   0.25104  
 23  0.0250   7104.665286  x:  1.31581   0.10338   0.21362   0.05580   0.10067   0.02523   0.01407   0.02785   0.09237   0.11142   0.07641   0.05463   0.02760   2.29221   0.25177  
 24  0.0355   7103.347198  x:  1.38586   0.10249   0.20921   0.05394   0.10789   0.02556   0.01855   0.02474   0.08830   0.10883   0.07115   0.05088   0.03012   2.31766   0.24832  
 25  0.0273   7102.633002  x:  1.41205   0.09909   0.21974   0.05493   0.10833   0.02351   0.01586   0.02398   0.08873   0.10618   0.07452   0.04440   0.03284   2.32399   0.24129  
 26  0.0183   7102.563287  x:  1.40669   0.10025   0.21755   0.05476   0.10800   0.02331   0.01601   0.02404   0.09027   0.10739   0.07503   0.04248   0.03308   2.32117   0.24554  
 27  0.0071   7102.555839  x:  1.40325   0.10005   0.21677   0.05529   0.10834   0.02327   0.01610   0.02436   0.09021   0.10772   0.07473   0.04231   0.03291   2.31173   0.24492  
 28  0.0082   7102.554738  x:  1.40337   0.09998   0.21708   0.05494   0.10845   0.02326   0.01607   0.02447   0.09002   0.10769   0.07478   0.04230   0.03278   2.30894   0.24496  
 29  0.0023   7102.554645  x:  1.40398   0.10001   0.21709   0.05499   0.10844   0.02327   0.01608   0.02451   0.09005   0.10761   0.07478   0.04227   0.03274   2.30922   0.24493  
 30  0.0005   7102.554642  x:  1.40400   0.10003   0.21708   0.05499   0.10846   0.02327   0.01607   0.02452   0.09006   0.10763   0.07478   0.04228   0.03274   2.30929   0.24493  
 31  0.0001   7102.554642  x:  1.40399   0.10003   0.21708   0.05499   0.10846   0.02328   0.01607   0.02452   0.09006   0.10763   0.07478   0.04228   0.03274   2.30934   0.24493  
 32  0.0000   7102.554641  x:  1.40399   0.10002   0.21708   0.05499   0.10846   0.02328   0.01607   0.02451   0.09006   0.10763   0.07478   0.04228   0.03274   2.30932   0.24493  
 33  0.0000   7102.554641  x:  1.40399   0.10003   0.21708   0.05499   0.10846   0.02328   0.01607   0.02451   0.09006   0.10763   0.07478   0.04228   0.03274   2.30932   0.24493  
 34  0.0000   7102.554641  x:  1.40399   0.10003   0.21708   0.05499   0.10846   0.02328   0.01607   0.02451   0.09006   0.10763   0.07478   0.04228   0.03274   2.30932   0.24493  