

TREE # 1

  0  0.0000  14421.894232  x:  0.07599   0.02327   0.09823   0.02968   0.07490   0.07560   0.07165   0.08123   0.04867   0.04996   0.03736   0.06031   0.08147   0.01616   0.06711   0.02227   0.01924   0.07731   0.08250   0.08005   0.09999   0.01804   0.07305   0.09753   0.09837   0.07058   0.05285   1.02190   1.16729  
  1 99.0000  11735.129151  x:  0.09710   0.68625   0.14995   0.37150   0.09552   0.05487   0.12023   0.07718   0.05367   0.12255   0.09272   0.09130   0.05349   0.00000   0.13116   0.29896   1.05960   0.23003   0.05951   0.06280   0.13217   0.25292   0.07009   0.10367   0.07079   0.05261   0.26553   1.05168   1.14409  
  2 20733.9557  11724.832813  x:  0.09699   0.68918   0.15061   0.37326   0.09544   0.05357   0.12141   0.07653   0.05322   0.12351   0.09321   0.09198   0.05234   0.01985   0.13221   0.30020   1.06409   0.23158   0.05811   0.06179   0.13288   0.25355   0.06980   0.10366   0.06943   0.05186   0.26751   1.05312   1.14285  
  3 6717.8716  11567.452817  x:  0.08842   0.68433   0.16804   0.38107   0.08794   0.00216   0.16097   0.05002   0.03337   0.14944   0.10290   0.10906   0.00000   0.02005   0.16392   0.29859   1.05207   0.26731   0.00346   0.02254   0.15646   0.23462   0.05849   0.10230   0.01697   0.02375   0.30940   1.10833   1.09470  
  4 1305.0859  11560.993832  x:  0.08806   0.68412   0.16878   0.38141   0.08763   0.00000   0.16263   0.04890   0.03254   0.15053   0.10331   0.10978   0.00023   0.02003   0.16525   0.29852   1.05157   0.26883   0.00116   0.02089   0.15746   0.23382   0.05802   0.10224   0.01476   0.02260   0.31118   1.11069   1.09264  
  5 9955.3877  11520.968131  x:  0.08242   0.68111   0.18089   0.38895   0.08492   0.00223   0.18396   0.03632   0.02883   0.16391   0.10686   0.11699   0.00106   0.01986   0.18253   0.29691   1.04281   0.29531   0.02745   0.00538   0.17114   0.21994   0.05852   0.10203   0.00000   0.03458   0.34068   1.15755   1.04805  
  6 1324.6884  11504.762445  x:  0.08040   0.68004   0.18521   0.39161   0.08391   0.00201   0.19165   0.03178   0.02732   0.16875   0.10818   0.11963   0.00131   0.01980   0.18877   0.29634   1.03970   0.30473   0.03494   0.00000   0.17607   0.21502   0.05855   0.10197   0.00153   0.03820   0.35119   1.17416   1.03227  
  7 16593.8086  11468.365460  x:  0.07612   0.67776   0.19461   0.39783   0.08184   0.00000   0.20712   0.02430   0.02571   0.17851   0.11040   0.12455   0.00169   0.01969   0.20148   0.29485   1.03273   0.32575   0.04575   0.01400   0.18699   0.20473   0.05924   0.10197   0.00272   0.04471   0.37414   1.21272   0.99445  
  8 5093.0944  11271.240634  x:  0.06249   0.67215   0.24815   0.46437   0.08223   0.00000   0.21615   0.18792   0.14530   0.18269   0.08153   0.09849   0.00170   0.01965   0.22026   0.27163   0.98521   0.47793   0.00000   0.01630   0.20502   0.13907   0.08902   0.10726   0.00300   0.04327   0.51337   1.59001   0.54676  
  9 1461.6944  11271.240634  x:  0.06249   0.67215   0.24815   0.46437   0.08223   0.00000   0.21615   0.18792   0.14530   0.18269   0.08153   0.09849   0.00170   0.01965   0.22026   0.27163   0.98521   0.47793   0.00000   0.01630   0.20502   0.13907   0.08902   0.10726   0.00300   0.04327   0.51337   1.59001   0.54676  
 10 951.8550  11262.859669  x:  0.06272   0.67214   0.24787   0.46442   0.08207   0.00000   0.21608   0.18489   0.14244   0.18262   0.08288   0.09940   0.01999   0.01740   0.21994   0.27122   0.98507   0.47790   0.00005   0.01617   0.20477   0.14048   0.08809   0.10699   0.00907   0.04256   0.51316   1.59124   0.54423  
 11 2196.0406  11242.153587  x:  0.06417   0.67205   0.24609   0.46477   0.08110   0.00000   0.21562   0.16515   0.12381   0.18217   0.09109   0.10483   0.01820   0.00203   0.21794   0.26861   0.98414   0.47773   0.00038   0.01541   0.20318   0.14939   0.08170   0.10501   0.01578   0.03646   0.51182   1.59926   0.52783  
 12 741.3026  11180.589776  x:  0.07101   0.67162   0.23762   0.46646   0.07656   0.00000   0.21347   0.07001   0.03417   0.18010   0.12811   0.12974   0.01170   0.01104   0.20850   0.25619   0.97974   0.47701   0.00192   0.01209   0.19572   0.19074   0.05170   0.09593   0.03866   0.00912   0.50547   1.63793   0.44922  
 13 3287.1260  11170.116327  x:  0.07260   0.67145   0.23566   0.46702   0.07572   0.00000   0.21299   0.04626   0.01363   0.17989   0.13443   0.13428   0.01154   0.01174   0.20657   0.25331   0.97870   0.47707   0.00265   0.01210   0.19418   0.19936   0.04693   0.09502   0.03816   0.02361   0.50395   1.64843   0.42953  
 14 2048.0080  11161.765916  x:  0.07446   0.67091   0.23357   0.46847   0.07576   0.00000   0.21262   0.02365   0.01863   0.18181   0.13299   0.13500   0.01781   0.00945   0.20671   0.25026   0.97749   0.47819   0.00212   0.01408   0.19333   0.20555   0.05245   0.09836   0.01494   0.02106   0.50206   1.66742   0.40197  
 15 432.4725  11159.685450  x:  0.07586   0.67036   0.23213   0.46998   0.07588   0.00000   0.21254   0.02454   0.02579   0.18354   0.13135   0.13539   0.01746   0.00978   0.20738   0.24808   0.97664   0.47964   0.01108   0.01177   0.19282   0.20977   0.05444   0.09970   0.01604   0.02241   0.50057   1.68481   0.38220  
 16 315.3838  11156.294647  x:  0.07753   0.66950   0.23052   0.47235   0.07587   0.00000   0.21269   0.03017   0.03242   0.18581   0.12772   0.13495   0.01617   0.01044   0.20857   0.24550   0.97569   0.48217   0.00257   0.01005   0.19266   0.21411   0.05630   0.10120   0.02054   0.02464   0.49865   1.71031   0.35918  
 17 536.5050  11153.228972  x:  0.07908   0.66753   0.22982   0.47830   0.07707   0.00000   0.21379   0.04198   0.02092   0.18861   0.11595   0.12956   0.01718   0.00975   0.21125   0.24322   0.97563   0.48948   0.00366   0.02328   0.19510   0.21439   0.05780   0.10196   0.01714   0.02247   0.49646   1.76386   0.35110  
 18 210.4619  11147.063991  x:  0.08038   0.66373   0.22980   0.48975   0.07850   0.00000   0.21550   0.04464   0.01051   0.19347   0.09961   0.12176   0.01821   0.00893   0.21624   0.24006   0.97680   0.50392   0.00437   0.00725   0.19782   0.21027   0.05854   0.10143   0.01381   0.02011   0.49343   1.86883   0.35918  
 19 461.6148  11136.612408  x:  0.08102   0.65593   0.23048   0.51321   0.07877   0.00000   0.21818   0.02435   0.02474   0.20247   0.08765   0.11618   0.01446   0.01019   0.22516   0.23371   0.98051   0.53443   0.00407   0.01432   0.20318   0.20438   0.05329   0.09709   0.02776   0.02196   0.48812   2.10066   0.39419  
 20 1010.7309  11131.278539  x:  0.07777   0.65361   0.23157   0.51999   0.07410   0.00000   0.21710   0.03511   0.02882   0.20018   0.12074   0.13077   0.01713   0.01017   0.22295   0.23119   0.98330   0.54646   0.00277   0.01382   0.20122   0.20332   0.05135   0.09723   0.01684   0.02450   0.48781   2.22418   0.41278  
 21 508.2439  11130.567828  x:  0.07597   0.65547   0.23337   0.51485   0.07393   0.00000   0.21507   0.03437   0.02751   0.19328   0.12412   0.13122   0.01637   0.01044   0.21730   0.23243   0.98488   0.54346   0.00272   0.01423   0.19832   0.19970   0.06242   0.10219   0.01945   0.02419   0.49081   2.24232   0.41484  
 22 105.5519  11129.773574  x:  0.07387   0.66149   0.23745   0.49884   0.07555   0.00000   0.21107   0.03459   0.02913   0.17879   0.12223   0.12867   0.01660   0.01027   0.20560   0.23646   0.98872   0.53146   0.00275   0.01458   0.19238   0.19346   0.05690   0.10046   0.01874   0.02419   0.49865   2.26412   0.41476  
 23 78.8275  11129.345191  x:  0.07576   0.67039   0.23815   0.47894   0.07657   0.00000   0.21306   0.03495   0.02873   0.18595   0.12109   0.13077   0.01664   0.01030   0.20908   0.24300   0.99435   0.51208   0.00266   0.01438   0.19586   0.19725   0.05768   0.10002   0.01855   0.02430   0.50731   2.27814   0.41703  
 24 35.7112  11129.316279  x:  0.07335   0.67146   0.23626   0.47911   0.07565   0.00000   0.21315   0.03485   0.02863   0.18602   0.12166   0.12933   0.01662   0.01030   0.21071   0.24442   0.99553   0.50900   0.00270   0.01441   0.19566   0.19670   0.05727   0.10066   0.01864   0.02426   0.50695   2.27917   0.41686  
 25 11.9353  11129.296399  x:  0.07436   0.67265   0.23481   0.48132   0.07740   0.00000   0.21305   0.03485   0.02860   0.18543   0.12220   0.12898   0.01662   0.01030   0.21162   0.24629   0.99724   0.50532   0.00266   0.01444   0.19515   0.19612   0.05735   0.10058   0.01865   0.02427   0.50556   2.27993   0.41686  
 26  9.2341  11129.284987  x:  0.07484   0.67336   0.23477   0.48334   0.07595   0.00000   0.21297   0.03492   0.02864   0.18530   0.12146   0.12996   0.01663   0.01030   0.21077   0.24757   0.99875   0.50278   0.00266   0.01444   0.19523   0.19633   0.05759   0.10017   0.01858   0.02429   0.50432   2.28034   0.41698  
 27  7.1359  11129.277930  x:  0.07415   0.67330   0.23644   0.48440   0.07636   0.00000   0.21309   0.03493   0.02868   0.18590   0.12157   0.12955   0.01663   0.01030   0.20983   0.24795   1.00012   0.50180   0.00266   0.01440   0.19575   0.19681   0.05730   0.10094   0.01856   0.02429   0.50379   2.28053   0.41692  
 28  2.8387  11129.258639  x:  0.07361   0.67224   0.23900   0.48493   0.07616   0.00000   0.21321   0.03485   0.02861   0.18598   0.12205   0.12877   0.01663   0.01029   0.21092   0.24767   1.00392   0.50159   0.00265   0.01442   0.19560   0.19622   0.05816   0.09881   0.01852   0.02432   0.50386   2.28092   0.41629  
 29  2.3001  11129.174700  x:  0.07503   0.66795   0.24079   0.48475   0.07505   0.00000   0.21306   0.03477   0.02865   0.18482   0.12081   0.13033   0.01664   0.01024   0.21458   0.24564   1.01860   0.50349   0.00264   0.01447   0.19426   0.19459   0.05712   0.10198   0.01823   0.02440   0.50537   2.28251   0.41538  
 30  7.7346  11129.027510  x:  0.07393   0.66356   0.23384   0.48369   0.07713   0.00000   0.21295   0.03517   0.02924   0.18582   0.11940   0.12949   0.01674   0.01017   0.21050   0.24290   1.03782   0.50809   0.00239   0.01422   0.19592   0.19624   0.05852   0.10047   0.01736   0.02474   0.50735   2.28547   0.41525  
 31 15.8296  11128.826546  x:  0.07925   0.66978   0.23288   0.48255   0.07358   0.00000   0.21421   0.03500   0.02976   0.18865   0.12117   0.12293   0.01677   0.01007   0.20808   0.24298   1.04056   0.51258   0.00230   0.01407   0.19762   0.19185   0.05858   0.10170   0.01665   0.02500   0.50500   2.29022   0.41443  
 32  5.7700  11128.093147  x:  0.07246   0.69346   0.23635   0.48221   0.07790   0.00000   0.21546   0.03516   0.03146   0.19001   0.11337   0.12735   0.01703   0.00967   0.21190   0.24457   1.03187   0.52349   0.00155   0.01368   0.19706   0.18498   0.06137   0.10209   0.01327   0.02624   0.49615   2.30801   0.41357  
 33 19.2746  11127.870640  x:  0.07375   0.69038   0.23748   0.48484   0.07664   0.00000   0.21298   0.03587   0.03252   0.18596   0.11161   0.12302   0.01724   0.00959   0.21495   0.24414   1.02328   0.52031   0.00120   0.01325   0.19665   0.19217   0.06278   0.10275   0.01175   0.02683   0.49932   2.31395   0.41563  
 34 17.7909  11127.645543  x:  0.07412   0.67526   0.23678   0.48899   0.07668   0.00000   0.21371   0.03566   0.03285   0.18847   0.11036   0.12364   0.01725   0.00945   0.21393   0.24524   1.00988   0.51148   0.00107   0.01318   0.19940   0.18539   0.06309   0.10304   0.01096   0.02711   0.50726   2.32032   0.41479  
 35 21.1113  11127.629123  x:  0.07420   0.67249   0.23681   0.48800   0.07667   0.00000   0.21509   0.03568   0.03287   0.18928   0.11016   0.12343   0.01726   0.00944   0.21354   0.24823   1.00881   0.51162   0.00105   0.01325   0.19702   0.18571   0.06319   0.10305   0.01087   0.02715   0.50610   2.32085   0.41486  
 36  6.3247  11127.623068  x:  0.07425   0.67098   0.23688   0.48693   0.07670   0.00000   0.21439   0.03562   0.03289   0.18875   0.11019   0.12349   0.01725   0.00944   0.21381   0.25006   1.00846   0.51192   0.00107   0.01319   0.19825   0.18568   0.06320   0.10306   0.01087   0.02716   0.50451   2.32110   0.41475  
 37  3.6142  11127.609297  x:  0.07430   0.66952   0.23673   0.48523   0.07679   0.00000   0.21391   0.03570   0.03292   0.18914   0.11000   0.12334   0.01724   0.00943   0.21369   0.24710   1.00795   0.51035   0.00110   0.01322   0.19772   0.18550   0.06331   0.10307   0.01083   0.02720   0.50069   2.32195   0.41526  
 38  0.7463  11127.500252  x:  0.07433   0.66893   0.23663   0.48539   0.07690   0.00000   0.22163   0.03536   0.03328   0.18543   0.10934   0.12312   0.01700   0.00935   0.21423   0.24563   1.00648   0.50978   0.00154   0.01288   0.20034   0.18639   0.06367   0.10320   0.01079   0.02756   0.49978   2.32849   0.41516  
 39  1.0487  11127.023526  x:  0.07449   0.66984   0.23697   0.49087   0.07725   0.00000   0.21063   0.03403   0.03354   0.19121   0.10590   0.12166   0.01587   0.00898   0.21533   0.24957   1.00084   0.51232   0.00342   0.01244   0.19637   0.18756   0.06455   0.10331   0.01095   0.02898   0.50664   2.35768   0.41403  
 40 10.9528  11126.538933  x:  0.07505   0.66873   0.23637   0.49170   0.07752   0.00000   0.21508   0.03242   0.03228   0.19028   0.10398   0.12136   0.01302   0.00847   0.21621   0.24695   0.99870   0.51337   0.00259   0.01281   0.19803   0.18978   0.06445   0.10319   0.01411   0.03078   0.50303   2.39820   0.41114  
 41  0.0613  11126.288559  x:  0.07526   0.67294   0.23588   0.49016   0.07764   0.00000   0.21524   0.03282   0.03088   0.19004   0.10759   0.12279   0.01114   0.00785   0.21501   0.24599   1.00859   0.51611   0.00241   0.01413   0.19862   0.18980   0.06348   0.10250   0.01174   0.03234   0.50186   2.40622   0.41073  
 42  0.0105  11126.215662  x:  0.07486   0.67084   0.23644   0.48995   0.07732   0.00000   0.21435   0.03435   0.03075   0.18969   0.10703   0.12242   0.01031   0.00799   0.21504   0.24718   1.00421   0.51341   0.00224   0.01329   0.19786   0.18904   0.06351   0.10274   0.01155   0.03269   0.50342   2.38506   0.41313  
 43  0.0173  11126.210518  x:  0.07486   0.67067   0.23638   0.49006   0.07735   0.00000   0.21412   0.03375   0.03088   0.18992   0.10705   0.12248   0.01036   0.00815   0.21508   0.24729   1.00335   0.51323   0.00228   0.01319   0.19774   0.18926   0.06357   0.10278   0.01148   0.03244   0.50350   2.37864   0.41245  
 44  0.0054  11126.209801  x:  0.07488   0.67082   0.23636   0.49001   0.07739   0.00000   0.21421   0.03370   0.03084   0.18990   0.10686   0.12238   0.01026   0.00819   0.21511   0.24724   1.00360   0.51333   0.00227   0.01331   0.19780   0.18921   0.06360   0.10277   0.01152   0.03235   0.50340   2.37889   0.41239  
 45  0.0004  11126.209587  x:  0.07489   0.67082   0.23637   0.48998   0.07739   0.00000   0.21426   0.03373   0.03089   0.18986   0.10692   0.12240   0.01025   0.00822   0.21509   0.24721   1.00370   0.51334   0.00228   0.01327   0.19782   0.18920   0.06358   0.10275   0.01150   0.03224   0.50338   2.37980   0.41250  
 46  0.0005  11126.209572  x:  0.07488   0.67077   0.23637   0.49002   0.07738   0.00000   0.21422   0.03375   0.03089   0.18988   0.10692   0.12241   0.01025   0.00821   0.21510   0.24723   1.00359   0.51333   0.00228   0.01327   0.19780   0.18921   0.06358   0.10276   0.01151   0.03222   0.50341   2.37978   0.41248  
 47  0.0001  11126.209571  x:  0.07488   0.67079   0.23637   0.49002   0.07738   0.00000   0.21423   0.03375   0.03089   0.18988   0.10692   0.12240   0.01025   0.00821   0.21510   0.24723   1.00362   0.51333   0.00228   0.01327   0.19781   0.18921   0.06358   0.10276   0.01151   0.03221   0.50341   2.37975   0.41248  
 48  0.0000  11126.209571  x:  0.07488   0.67079   0.23637   0.49002   0.07738   0.00000   0.21423   0.03375   0.03089   0.18988   0.10692   0.12240   0.01025   0.00821   0.21510   0.24723   1.00362   0.51333   0.00228   0.01327   0.19781   0.18921   0.06358   0.10276   0.01151   0.03221   0.50341   2.37974   0.41248  
 49  0.0000  11126.209571  x:  0.07488   0.67079   0.23637   0.49002   0.07738   0.00000   0.21423   0.03375   0.03089   0.18988   0.10692   0.12240   0.01025   0.00821   0.21510   0.24723   1.00362   0.51333   0.00228   0.01327   0.19781   0.18921   0.06358   0.10276   0.01151   0.03221   0.50341   2.37974   0.41248  