

TREE # 1

  0  0.0000  22244.177030  x:  0.04917   0.02938   0.08539   0.09031   0.08800   0.01768   0.03804   0.02521   0.08637   0.08522   0.06518   0.10916   0.03926   0.01038   0.04454   0.88226   0.93847  
  1 99.0000  21685.112900  x:  0.07720   0.03006   0.10940   0.07732   0.08259   0.00000   0.01966   0.05138   0.12914   0.07405   0.05046   0.09364   0.02459   0.03775   0.04807   0.88976   0.93412  
  2 10000.3781  21410.276079  x:  0.10299   0.02993   0.13323   0.06304   0.07660   0.02004   0.00000   0.07389   0.17019   0.06204   0.03467   0.07677   0.00874   0.05820   0.05110   0.89795   0.92936  
  3 38353.9144  21345.788641  x:  0.11171   0.02816   0.14444   0.05289   0.07247   0.02525   0.01659   0.07900   0.18756   0.05453   0.02497   0.06533   0.00000   0.05836   0.05160   0.90364   0.92599  
  4 10907.7971  21229.897757  x:  0.12205   0.02232   0.16466   0.02837   0.06273   0.02879   0.02935   0.07981   0.21630   0.03916   0.00527   0.03841   0.02314   0.04453   0.05136   0.91748   0.91769  
  5 10094.1208  21131.368371  x:  0.12549   0.01715   0.17934   0.00544   0.05457   0.02727   0.02874   0.07455   0.23529   0.02691   0.01760   0.01501   0.02440   0.02481   0.05033   0.93140   0.90921  
  6 7745.9562  21101.649863  x:  0.12286   0.01665   0.18617   0.00482   0.05124   0.02426   0.02319   0.06662   0.24187   0.02461   0.01040   0.01155   0.01768   0.01233   0.04956   0.94273   0.90213  
  7 2968.8762  21052.558550  x:  0.10966   0.01412   0.20678   0.00593   0.04186   0.02290   0.02089   0.03738   0.25907   0.02194   0.00967   0.01739   0.01525   0.01662   0.04744   0.98364   0.87637  
  8 2661.8525  20980.293290  x:  0.07461   0.02842   0.24197   0.01977   0.05102   0.02355   0.02371   0.03842   0.28136   0.04515   0.01651   0.01142   0.01883   0.01295   0.04640   1.09678   0.80290  
  9 3079.4709  20905.178707  x:  0.05259   0.02724   0.25634   0.00307   0.06064   0.02296   0.02238   0.04870   0.28074   0.04754   0.01347   0.02506   0.01693   0.01148   0.04731   1.20172   0.73191  
 10 6608.2358  20606.687448  x:  0.05503   0.00784   0.27351   0.01353   0.08130   0.02201   0.01908   0.06237   0.23054   0.01158   0.00942   0.01165   0.01300   0.02147   0.05225   1.63346   0.43022  
 11 10302.7099  20462.211466  x:  0.08746   0.02270   0.27514   0.00504   0.07950   0.02212   0.01955   0.05928   0.20502   0.02023   0.00923   0.01617   0.01313   0.02020   0.05347   1.87441   0.25883  
 12 26179.0740  20448.027622  x:  0.08938   0.01196   0.26312   0.00763   0.07031   0.02236   0.02005   0.06300   0.21177   0.02710   0.01028   0.01833   0.01355   0.01811   0.05218   1.90266   0.24777  
 13 1679.4593  20421.071910  x:  0.08059   0.01894   0.21999   0.00911   0.04699   0.02276   0.02012   0.06885   0.23035   0.02398   0.00966   0.01614   0.01315   0.01973   0.04916   1.96765   0.23913  
 14 2177.6814  20399.097238  x:  0.08631   0.01870   0.18078   0.00806   0.06486   0.02309   0.02073   0.06020   0.25404   0.02406   0.00991   0.01637   0.01362   0.01877   0.05464   2.04083   0.25751  
 15 1356.3003  20378.826680  x:  0.09686   0.01863   0.17813   0.00821   0.05536   0.02323   0.02097   0.06517   0.24570   0.02586   0.01049   0.01951   0.01400   0.01761   0.03976   2.13560   0.31761  
 16 799.6255  20373.878433  x:  0.09748   0.01761   0.17779   0.00610   0.05040   0.02312   0.02047   0.06510   0.24078   0.02984   0.00916   0.01644   0.01305   0.01941   0.04647   2.15904   0.33329  
 17 1780.4925  20372.975505  x:  0.09826   0.01801   0.17840   0.00702   0.04885   0.02319   0.02076   0.06598   0.24057   0.02893   0.00984   0.01798   0.01349   0.01837   0.05011   2.16349   0.33635  
 18 640.3777  20275.498402  x:  0.10749   0.02143   0.20571   0.00683   0.05598   0.01846   0.00764   0.06038   0.25614   0.03266   0.00899   0.01822   0.00000   0.01891   0.05149   2.41709   0.34704  
 19  0.3104  20200.041256  x:  0.12613   0.02672   0.24278   0.00362   0.06290   0.01490   0.00000   0.05811   0.29794   0.03603   0.01974   0.01673   0.00369   0.02509   0.05319   2.90138   0.35756  
 20  0.6424  20198.020443  x:  0.12712   0.02698   0.24422   0.00361   0.06314   0.01506   0.00090   0.05854   0.30067   0.03610   0.02029   0.01675   0.00446   0.02553   0.05331   2.92686   0.35778  
 21  0.5305  20164.211217  x:  0.13400   0.02725   0.22249   0.01236   0.04813   0.00926   0.00079   0.08026   0.34683   0.03563   0.01799   0.02206   0.00269   0.02888   0.05134   3.50135   0.34721  
 22  0.3177  20145.718976  x:  0.13363   0.02426   0.22890   0.00841   0.05505   0.00144   0.00066   0.07786   0.35374   0.03511   0.01599   0.02011   0.00071   0.02863   0.05250   3.76716   0.34395  
 23  0.1361  20143.402415  x:  0.12982   0.02302   0.23481   0.00537   0.05531   0.00170   0.00079   0.07378   0.34260   0.03539   0.01530   0.01826   0.00149   0.02822   0.05265   3.72192   0.35264  
 24  0.0381  20143.131402  x:  0.12821   0.02284   0.23461   0.00560   0.05487   0.00124   0.00082   0.07369   0.34122   0.03534   0.01473   0.01825   0.00150   0.02820   0.05260   3.74389   0.35474  
 25  0.0347  20142.748108  x:  0.12511   0.02290   0.23322   0.00662   0.05400   0.00156   0.00088   0.07393   0.33847   0.03511   0.01384   0.01859   0.00158   0.02828   0.05243   3.76288   0.35810  
 26  0.0299  20142.275695  x:  0.12330   0.02320   0.23330   0.00585   0.05434   0.00155   0.00100   0.07369   0.33858   0.03374   0.01450   0.01921   0.00188   0.02876   0.05230   3.89318   0.35999  
 27  0.0448  20142.155015  x:  0.12369   0.02325   0.23382   0.00629   0.05517   0.00160   0.00098   0.07339   0.33868   0.03446   0.01470   0.01856   0.00160   0.02857   0.05245   3.93771   0.36010  
 28  0.0234  20142.125355  x:  0.12402   0.02307   0.23358   0.00608   0.05468   0.00162   0.00096   0.07329   0.33787   0.03460   0.01455   0.01865   0.00146   0.02819   0.05242   3.95263   0.36005  
 29  0.0113  20142.119315  x:  0.12420   0.02312   0.23388   0.00610   0.05469   0.00162   0.00094   0.07329   0.33785   0.03468   0.01452   0.01877   0.00156   0.02805   0.05244   3.95721   0.36012  
 30  0.0034  20142.117746  x:  0.12410   0.02318   0.23375   0.00610   0.05472   0.00162   0.00092   0.07330   0.33782   0.03466   0.01452   0.01869   0.00157   0.02800   0.05237   3.95635   0.36002  
 31  0.0003  20142.117434  x:  0.12405   0.02319   0.23375   0.00609   0.05471   0.00162   0.00091   0.07333   0.33787   0.03463   0.01453   0.01873   0.00156   0.02802   0.05241   3.95672   0.36010  
 32  0.0002  20142.117392  x:  0.12405   0.02317   0.23379   0.00609   0.05471   0.00162   0.00091   0.07332   0.33786   0.03465   0.01452   0.01872   0.00156   0.02802   0.05241   3.95687   0.36013  
 33  0.0001  20142.117387  x:  0.12406   0.02317   0.23378   0.00609   0.05471   0.00162   0.00091   0.07332   0.33786   0.03464   0.01453   0.01873   0.00156   0.02803   0.05241   3.95682   0.36011  
 34  0.0000  20142.117385  x:  0.12406   0.02317   0.23378   0.00609   0.05471   0.00162   0.00091   0.07331   0.33785   0.03464   0.01452   0.01873   0.00156   0.02803   0.05241   3.95688   0.36011  
 35  0.0000  20142.117385  x:  0.12406   0.02317   0.23378   0.00609   0.05471   0.00162   0.00091   0.07331   0.33786   0.03464   0.01452   0.01873   0.00156   0.02803   0.05241   3.95687   0.36011  
 36  0.0000  20142.117385  x:  0.12406   0.02317   0.23378   0.00609   0.05471   0.00162   0.00091   0.07331   0.33786   0.03464   0.01452   0.01873   0.00156   0.02803   0.05241   3.95687   0.36011  
 37  0.0000  20142.117385  x:  0.12406   0.02317   0.23378   0.00609   0.05471   0.00162   0.00091   0.07331   0.33786   0.03464   0.01452   0.01873   0.00156   0.02803   0.05241   3.95687   0.36011  
check convergence!
