

TREE # 1

  0  0.0000  11670.924094  x:  0.02267   0.01922   0.06487   0.08463   0.05242   0.05601   0.01566   0.04081   0.05366   0.09181   0.09308   0.08146   0.03899   0.10074   0.03596   0.01309   0.01463   0.02046   0.09980   0.03332   0.01760   0.02431   0.03216   0.07819   0.08361   0.07458   0.05919   0.04659   0.02534   0.09281   0.05071   0.07553   0.07601   0.05826   0.10577   0.01441   0.02759   0.02017   0.07607   0.02186   0.06866   0.08507   0.01938   0.08367   0.10141   0.01483   0.05004   0.02505   0.09253   0.04657   0.02892   0.06578   0.08769   0.02020   0.10984   0.04175   0.09429   0.07468   0.03478   0.09112   0.01209   0.95529   0.93985  
  1 99.0000  10980.049503  x:  0.22026   0.00973   0.07818   0.07861   0.03173   0.04459   0.03525   0.02557   0.03589   0.07780   0.08445   0.06136   0.04984   0.09264   0.01708   0.00497   0.13150   0.00000   0.07637   0.01557   0.00230   0.00142   0.00771   0.05665   0.06074   0.08194   0.05456   0.03384   0.09045   0.10589   0.02734   0.05238   0.06736   0.04008   0.09306   0.02470   0.03422   0.09880   0.06144   0.07207   0.05634   0.06442   0.00659   0.06450   0.09148   0.00522   0.05290   0.02743   0.08099   0.03142   0.03652   0.04763   0.06472   0.02581   0.09010   0.02171   0.07159   0.05485   0.03428   0.07213   0.01696   0.97159   0.93036  
  2 7415.5988  10957.379238  x:  0.23303   0.00884   0.07920   0.07812   0.02995   0.04363   0.03641   0.02430   0.03426   0.07658   0.08372   0.05958   0.05063   0.09194   0.01564   0.00416   0.13888   0.00962   0.07430   0.01427   0.00254   0.00000   0.00552   0.05477   0.05870   0.08240   0.05419   0.03279   0.09478   0.10688   0.02526   0.05032   0.06658   0.03850   0.09195   0.02531   0.03462   0.10381   0.06017   0.07527   0.05530   0.06259   0.00598   0.06282   0.09064   0.00429   0.05324   0.02758   0.08001   0.02998   0.03706   0.04605   0.06267   0.02617   0.08835   0.02002   0.06957   0.05312   0.03403   0.07043   0.01736   0.97303   0.92951  
  3 22814.9770  10908.482822  x:  0.26527   0.00659   0.08177   0.07689   0.02544   0.04122   0.03934   0.02111   0.03013   0.07351   0.08187   0.05509   0.05265   0.09017   0.01202   0.00212   0.15749   0.03358   0.06907   0.01100   0.00314   0.00173   0.00000   0.05004   0.05353   0.08358   0.05324   0.03016   0.10571   0.10940   0.02001   0.04511   0.06461   0.03450   0.08915   0.02684   0.03563   0.11642   0.05695   0.08334   0.05267   0.05798   0.00443   0.05860   0.08851   0.00195   0.05411   0.02796   0.07752   0.02632   0.03843   0.04205   0.05751   0.02706   0.08395   0.01575   0.06448   0.04873   0.03342   0.06613   0.01835   0.97667   0.92738  
  4 658070.5422  10845.697265  x:  0.26676   0.00456   0.08327   0.07594   0.02093   0.03913   0.03799   0.01864   0.02503   0.07026   0.08009   0.04998   0.05345   0.08834   0.01099   0.00049   0.15643   0.03319   0.06286   0.00969   0.00755   0.00171   0.00000   0.04492   0.04738   0.08341   0.05251   0.02816   0.10678   0.11093   0.01396   0.03901   0.06236   0.03031   0.08612   0.02604   0.03521   0.11576   0.05353   0.08273   0.05022   0.05277   0.01020   0.05405   0.08645   0.00000   0.05573   0.02783   0.07507   0.02138   0.03882   0.03777   0.05146   0.02679   0.07894   0.01218   0.05857   0.04394   0.03128   0.06103   0.01886   0.98086   0.92484  
  5 3126.9206  10720.275084  x:  0.26818   0.00255   0.08649   0.07391   0.01113   0.03468   0.03489   0.01391   0.01335   0.06286   0.07614   0.03808   0.05509   0.08417   0.01003   0.00255   0.15263   0.03297   0.04820   0.00811   0.00654   0.00169   0.00000   0.03299   0.03279   0.08299   0.05095   0.02415   0.10848   0.11443   0.00000   0.02466   0.05737   0.02095   0.07919   0.02440   0.03426   0.11334   0.04583   0.08079   0.04488   0.04053   0.01010   0.04345   0.08176   0.00747   0.05933   0.02753   0.06955   0.01014   0.03966   0.02809   0.03723   0.02626   0.06724   0.00561   0.04469   0.03297   0.02696   0.04912   0.01984   0.99075   0.91887  
  6 17832.7017  10631.926802  x:  0.26953   0.00252   0.08942   0.07210   0.00293   0.03079   0.03219   0.01034   0.00262   0.05597   0.07253   0.02681   0.05655   0.08029   0.00976   0.00354   0.14901   0.03280   0.03414   0.00743   0.00494   0.00168   0.00000   0.02155   0.01875   0.08272   0.04958   0.02075   0.10997   0.11777   0.00554   0.01125   0.05283   0.01255   0.07272   0.02313   0.03349   0.11107   0.03874   0.07900   0.04008   0.02895   0.00885   0.03355   0.07743   0.01102   0.06253   0.02727   0.06445   0.00000   0.04041   0.01931   0.02366   0.02587   0.05615   0.00204   0.03146   0.02280   0.02295   0.03789   0.02051   1.00023   0.91316  
  7 18144.5308  10601.389856  x:  0.27016   0.00319   0.09044   0.07148   0.00257   0.02956   0.03137   0.00987   0.00000   0.05347   0.07127   0.02261   0.05705   0.07888   0.01004   0.00346   0.14770   0.03276   0.02873   0.00759   0.00457   0.00168   0.00000   0.01714   0.01330   0.08270   0.04914   0.01978   0.11049   0.11902   0.00612   0.00631   0.05124   0.00995   0.07035   0.02285   0.03329   0.11028   0.03623   0.07837   0.03845   0.02466   0.00831   0.02996   0.07586   0.01117   0.06369   0.02719   0.06262   0.00194   0.04072   0.01642   0.01853   0.02575   0.05200   0.00486   0.02648   0.01926   0.02155   0.03374   0.02065   1.00388   0.91096  
  8 12261.8238  10570.670391  x:  0.27097   0.00424   0.09177   0.07070   0.00267   0.02801   0.03033   0.00931   0.00171   0.05025   0.06964   0.01718   0.05769   0.07706   0.01048   0.00336   0.14599   0.03272   0.02169   0.00782   0.00413   0.00168   0.00000   0.01140   0.00619   0.08270   0.04857   0.01856   0.11115   0.12064   0.00679   0.00000   0.04920   0.00674   0.06728   0.02252   0.03305   0.10925   0.03302   0.07756   0.03637   0.01911   0.00760   0.02534   0.07384   0.01127   0.06517   0.02709   0.06025   0.00327   0.04111   0.01277   0.01189   0.02562   0.04660   0.00771   0.02001   0.01473   0.01977   0.02837   0.02081   1.00864   0.90810  
  9 41445.7558  10545.021303  x:  0.27169   0.00510   0.09292   0.07002   0.00292   0.02669   0.02945   0.00890   0.00290   0.04746   0.06824   0.01250   0.05824   0.07548   0.01087   0.00327   0.14452   0.03267   0.01558   0.00803   0.00377   0.00167   0.00000   0.00640   0.00000   0.08270   0.04808   0.01754   0.11171   0.12205   0.00726   0.00065   0.04744   0.00409   0.06463   0.02224   0.03284   0.10837   0.03025   0.07686   0.03459   0.01433   0.00699   0.02137   0.07209   0.01133   0.06644   0.02701   0.05821   0.00421   0.04144   0.00967   0.00615   0.02551   0.04193   0.00997   0.01440   0.01086   0.01825   0.02372   0.02095   1.01278   0.90562  
 10 21617.7445  10524.621957  x:  0.27276   0.00555   0.09397   0.06943   0.00836   0.02619   0.02914   0.01114   0.00203   0.04469   0.06695   0.00833   0.05870   0.07384   0.01228   0.00334   0.14287   0.03263   0.00814   0.00896   0.00367   0.00167   0.00000   0.00000   0.00000   0.08302   0.04776   0.01773   0.11217   0.12373   0.00699   0.00053   0.04584   0.00877   0.06185   0.02274   0.03293   0.10746   0.02794   0.07618   0.03341   0.01001   0.00570   0.01798   0.07030   0.00990   0.06752   0.02699   0.05620   0.00254   0.04177   0.00963   0.00124   0.02567   0.03650   0.00962   0.00833   0.00949   0.01745   0.01905   0.02080   1.01811   0.90243  
 11 4556.1099  10516.403401  x:  0.27372   0.00570   0.09484   0.06896   0.00944   0.02608   0.02908   0.01229   0.00191   0.04242   0.06594   0.00597   0.05905   0.07245   0.01377   0.00365   0.14137   0.03262   0.00187   0.00964   0.00327   0.00167   0.00000   0.00000   0.00000   0.08342   0.04754   0.01829   0.11246   0.12526   0.00688   0.00054   0.04449   0.01055   0.05944   0.02330   0.03308   0.10664   0.02631   0.07558   0.03268   0.00740   0.00499   0.01575   0.06882   0.00875   0.06839   0.02700   0.05455   0.00253   0.04199   0.01051   0.00586   0.02592   0.03175   0.00920   0.00408   0.00990   0.01722   0.01547   0.02062   1.02318   0.89939  
 12 2877.4612  10502.029092  x:  0.27766   0.00527   0.09752   0.06763   0.00565   0.02736   0.02999   0.01435   0.00258   0.03553   0.06307   0.00766   0.06002   0.06788   0.01960   0.00568   0.13589   0.03273   0.00431   0.01132   0.00171   0.00168   0.00000   0.00000   0.00000   0.08524   0.04715   0.02180   0.11319   0.13083   0.00689   0.00065   0.04012   0.01255   0.05124   0.02595   0.03399   0.10381   0.02286   0.07364   0.03186   0.00775   0.00494   0.01278   0.06407   0.00641   0.07079   0.02718   0.04946   0.00479   0.04274   0.01612   0.00523   0.02692   0.01541   0.00782   0.00682   0.01529   0.01842   0.00726   0.01974   1.04349   0.88717  
 13 1188.4177  10497.138988  x:  0.28007   0.00559   0.09873   0.06709   0.00495   0.02824   0.03065   0.01498   0.00268   0.03283   0.06188   0.00875   0.06039   0.06572   0.02202   0.00677   0.13311   0.03241   0.00316   0.01151   0.00586   0.00166   0.00000   0.00000   0.00000   0.08613   0.04706   0.02323   0.11360   0.13364   0.00707   0.00067   0.03801   0.01209   0.04737   0.02719   0.03449   0.10243   0.02226   0.07275   0.03203   0.00929   0.00303   0.01360   0.06189   0.00746   0.07167   0.02729   0.04731   0.00458   0.04294   0.01738   0.00472   0.02735   0.01019   0.00856   0.00721   0.01659   0.01957   0.00998   0.01946   1.05546   0.87991  
 14 1827.1220  10488.439754  x:  0.28498   0.00635   0.10089   0.06621   0.00622   0.02997   0.03198   0.01597   0.00257   0.02867   0.05986   0.01017   0.06095   0.06176   0.02598   0.00822   0.12754   0.03281   0.00099   0.01130   0.00389   0.00168   0.00000   0.00000   0.00000   0.08777   0.04696   0.02546   0.11443   0.13903   0.00754   0.00066   0.03411   0.01085   0.04042   0.02934   0.03543   0.09973   0.02221   0.07107   0.03282   0.01186   0.00827   0.01653   0.05798   0.01031   0.07310   0.02752   0.04371   0.00338   0.04313   0.01843   0.00411   0.02804   0.00735   0.01043   0.00667   0.01769   0.02180   0.01642   0.01911   1.08073   0.86449  
 15 2698.5033  10478.065688  x:  0.29160   0.00658   0.10403   0.06491   0.00897   0.03171   0.03331   0.01698   0.00221   0.02360   0.05698   0.00926   0.06176   0.05624   0.03059   0.00804   0.11910   0.03291   0.00706   0.01071   0.00332   0.00169   0.00000   0.00000   0.00000   0.08983   0.04672   0.02757   0.11561   0.14667   0.00765   0.00062   0.02865   0.01016   0.03117   0.03183   0.03651   0.09560   0.02201   0.06850   0.03363   0.01225   0.00960   0.01883   0.05253   0.01128   0.07523   0.02777   0.03892   0.00171   0.04326   0.01843   0.00606   0.02873   0.01059   0.01193   0.00251   0.01738   0.02378   0.02207   0.01885   1.11856   0.84130  
 16 4858.4245  10461.080829  x:  0.30221   0.00484   0.10895   0.06308   0.01104   0.03359   0.03463   0.01664   0.00207   0.02054   0.05315   0.00675   0.06282   0.04843   0.03597   0.00450   0.10417   0.03281   0.00462   0.00912   0.00204   0.00168   0.00000   0.00000   0.00000   0.09262   0.04639   0.02913   0.11744   0.15912   0.00767   0.00060   0.02135   0.01145   0.02062   0.03486   0.03776   0.08830   0.02319   0.06420   0.03543   0.01027   0.00651   0.02088   0.04506   0.00949   0.07833   0.02809   0.03350   0.00265   0.04313   0.01659   0.00760   0.02919   0.02258   0.00997   0.01419   0.01482   0.02516   0.02598   0.01891   1.18879   0.79784  
 17 4428.3718  10416.084393  x:  0.32250   0.00426   0.11569   0.06210   0.00530   0.03582   0.03593   0.01225   0.00310   0.03672   0.05201   0.01742   0.06334   0.04358   0.04183   0.00437   0.07869   0.03269   0.00000   0.01186   0.00407   0.00168   0.00000   0.00000   0.00000   0.09559   0.04667   0.02918   0.12041   0.18024   0.00848   0.00076   0.02299   0.01607   0.03621   0.03825   0.03856   0.07638   0.03027   0.05865   0.04148   0.01282   0.00582   0.02324   0.04216   0.01096   0.08080   0.02855   0.03728   0.00697   0.04215   0.01565   0.00423   0.02845   0.03314   0.00746   0.00809   0.01516   0.02531   0.02062   0.01945   1.34437   0.70000  
 18 3182.4759  10398.484362  x:  0.33842   0.00517   0.12080   0.06147   0.00499   0.03640   0.03621   0.00922   0.00347   0.05129   0.05146   0.02086   0.06368   0.04070   0.04506   0.00497   0.05946   0.03268   0.00098   0.01415   0.00626   0.00168   0.00000   0.00000   0.00000   0.09735   0.04678   0.02756   0.12297   0.19630   0.00978   0.00083   0.02540   0.02134   0.05079   0.04004   0.03877   0.06744   0.03558   0.05464   0.04564   0.01087   0.00802   0.02394   0.04087   0.01540   0.08259   0.02881   0.04135   0.00963   0.04127   0.01184   0.00538   0.02753   0.03391   0.00577   0.00824   0.01158   0.02432   0.01976   0.02022   1.46743   0.62243  
 19 37779.6393  10364.785256  x:  0.34183   0.00363   0.12153   0.06307   0.01066   0.03495   0.03397   0.01454   0.00214   0.05579   0.05459   0.01860   0.06301   0.04852   0.03870   0.00230   0.05506   0.03274   0.00099   0.00905   0.00215   0.00168   0.00000   0.00000   0.00000   0.09752   0.04762   0.02440   0.12051   0.20495   0.00734   0.00063   0.03430   0.01157   0.05638   0.03586   0.03713   0.06427   0.03651   0.05450   0.04643   0.01470   0.00382   0.02329   0.04915   0.00860   0.08119   0.02832   0.04720   0.00000   0.04070   0.01550   0.00624   0.02657   0.03055   0.01427   0.01062   0.01694   0.02148   0.01962   0.02002   1.57829   0.55180  
 20 3870.8351  10343.792372  x:  0.33897   0.00205   0.11997   0.06551   0.01418   0.03310   0.03123   0.01999   0.00210   0.05376   0.05881   0.01179   0.06185   0.05889   0.02765   0.00638   0.05924   0.03268   0.00100   0.00402   0.00123   0.00167   0.00000   0.00000   0.00000   0.09726   0.04879   0.02167   0.11551   0.20984   0.00891   0.00052   0.04348   0.00535   0.05497   0.02959   0.03511   0.06470   0.03548   0.05638   0.04548   0.01808   0.00306   0.02327   0.05926   0.00796   0.07844   0.02762   0.05200   0.00638   0.04049   0.02086   0.00478   0.02606   0.02999   0.00525   0.00910   0.02263   0.02003   0.02255   0.01958   1.68186   0.48605  
 21 6485.3959  10326.656057  x:  0.33410   0.00733   0.11703   0.06817   0.01221   0.03184   0.02964   0.02239   0.00244   0.04826   0.06307   0.00592   0.06053   0.06819   0.01571   0.01129   0.06861   0.03257   0.00094   0.01401   0.00538   0.00167   0.00000   0.00000   0.00000   0.09729   0.05008   0.02075   0.10973   0.21167   0.00956   0.00060   0.05072   0.00664   0.04992   0.02415   0.03380   0.06844   0.03356   0.05977   0.04375   0.01955   0.00637   0.02252   0.06784   0.01228   0.07500   0.02715   0.05509   0.00640   0.04044   0.02510   0.00454   0.02629   0.03463   0.00653   0.01084   0.02706   0.02026   0.01974   0.01901   1.77154   0.43027  
 22 6932.9524  10314.286784  x:  0.32485   0.00643   0.11270   0.06983   0.00619   0.03162   0.03021   0.01733   0.00379   0.04252   0.06591   0.01255   0.05954   0.07218   0.00471   0.00935   0.07795   0.03254   0.00096   0.01215   0.00281   0.00167   0.00000   0.00000   0.00000   0.09773   0.05094   0.02185   0.10375   0.20848   0.00938   0.00086   0.05294   0.01771   0.04608   0.02312   0.03420   0.07439   0.03184   0.06317   0.04150   0.01672   0.00525   0.02299   0.07073   0.01086   0.07198   0.02736   0.05536   0.00665   0.04033   0.02200   0.00500   0.02692   0.03279   0.01059   0.00951   0.02301   0.02197   0.02298   0.01945   1.82793   0.39958  
 23 2346.0972  10305.984331  x:  0.31197   0.01001   0.10480   0.07131   0.01138   0.03433   0.03488   0.01056   0.00250   0.03970   0.06857   0.01833   0.05831   0.07204   0.01457   0.00774   0.09114   0.03251   0.00096   0.00965   0.00363   0.00167   0.00000   0.00000   0.00000   0.09971   0.05172   0.02606   0.09708   0.19771   0.00884   0.00069   0.05277   0.01448   0.04715   0.02907   0.03701   0.08587   0.03249   0.06869   0.04054   0.01375   0.00497   0.02450   0.06959   0.01036   0.06784   0.02847   0.05454   0.00580   0.04063   0.01760   0.00603   0.02815   0.03180   0.00834   0.01024   0.01730   0.02582   0.01843   0.01959   1.87569   0.38589  
 24 911.5024  10299.797013  x:  0.30212   0.00411   0.09787   0.07152   0.00854   0.03627   0.03756   0.01677   0.00281   0.04246   0.06840   0.01378   0.05797   0.06646   0.01647   0.00361   0.09966   0.03251   0.00099   0.01556   0.00179   0.00167   0.00000   0.00000   0.00000   0.10144   0.05122   0.02692   0.09572   0.18313   0.00841   0.00067   0.04734   0.01237   0.05220   0.03332   0.03844   0.09494   0.03452   0.07209   0.04159   0.01439   0.00390   0.02547   0.06374   0.00930   0.06597   0.02889   0.05272   0.00605   0.04142   0.01730   0.00522   0.02812   0.03008   0.00756   0.00935   0.01570   0.02655   0.02047   0.01969   1.91624   0.38910  
 25 675.9322  10293.865925  x:  0.29405   0.00497   0.09209   0.07119   0.00613   0.03671   0.03810   0.02060   0.00332   0.04579   0.06703   0.00955   0.05833   0.06001   0.01526   0.00663   0.10662   0.03245   0.00106   0.00795   0.00346   0.00166   0.00000   0.00000   0.00000   0.10237   0.05015   0.02593   0.09797   0.16573   0.00887   0.00077   0.04076   0.01381   0.05626   0.03463   0.03839   0.10231   0.03545   0.07419   0.04285   0.01483   0.00532   0.02411   0.05735   0.01139   0.06555   0.02872   0.05084   0.00515   0.04204   0.01994   0.00489   0.02765   0.03133   0.01066   0.00980   0.01880   0.02524   0.01885   0.01957   1.96054   0.40045  
 26 1114.0684  10286.903464  x:  0.28724   0.01282   0.08896   0.07006   0.00981   0.03400   0.03465   0.01548   0.00249   0.04775   0.06440   0.01360   0.05986   0.05554   0.01168   0.00652   0.11218   0.03245   0.00107   0.01094   0.00187   0.00166   0.00000   0.00000   0.00000   0.10153   0.04877   0.02200   0.10543   0.14218   0.00828   0.00074   0.03592   0.01250   0.05671   0.02941   0.03579   0.10689   0.03358   0.07413   0.04351   0.01677   0.00404   0.02204   0.05352   0.00844   0.06755   0.02778   0.04983   0.00550   0.04172   0.02149   0.00530   0.02690   0.03046   0.00802   0.00970   0.02242   0.02185   0.02128   0.01949   2.02158   0.42577  
 27 1018.2038  10278.830733  x:  0.28427   0.00340   0.09057   0.06908   0.01076   0.03142   0.03139   0.01328   0.00310   0.04578   0.06308   0.01648   0.06088   0.06062   0.01826   0.00584   0.11677   0.03243   0.00108   0.01209   0.00299   0.00166   0.00000   0.00000   0.00000   0.09859   0.04933   0.02286   0.11422   0.12013   0.00967   0.00081   0.04242   0.01456   0.05191   0.02330   0.03406   0.10723   0.03082   0.07276   0.04309   0.01565   0.00486   0.02260   0.05956   0.01217   0.06950   0.02772   0.05207   0.00565   0.04049   0.02103   0.00583   0.02759   0.03108   0.01007   0.00976   0.02161   0.02352   0.02008   0.01928   2.09141   0.46314  
 28 989.9256  10275.445960  x:  0.28318   0.00913   0.09314   0.06973   0.00608   0.03237   0.03260   0.01580   0.00316   0.04390   0.06440   0.01357   0.06017   0.06631   0.02107   0.00298   0.11873   0.03251   0.00107   0.01083   0.00212   0.00167   0.00000   0.00000   0.00000   0.09555   0.05033   0.02522   0.11663   0.11490   0.00859   0.00086   0.04542   0.01669   0.05060   0.02553   0.03506   0.10507   0.03153   0.07219   0.04205   0.01546   0.00453   0.02460   0.06524   0.01054   0.06889   0.02817   0.05440   0.00589   0.04013   0.02008   0.00526   0.02784   0.03062   0.00939   0.00924   0.01922   0.02518   0.02089   0.01939   2.12653   0.48511  
 29 902.4321  10272.579314  x:  0.28174   0.00804   0.09547   0.07131   0.00712   0.03508   0.03645   0.01647   0.00298   0.04129   0.06787   0.01445   0.05794   0.07186   0.01612   0.00944   0.12187   0.03246   0.00107   0.01205   0.00231   0.00166   0.00000   0.00000   0.00000   0.09063   0.05091   0.02638   0.11524   0.12001   0.00837   0.00081   0.04222   0.01542   0.05147   0.03167   0.03722   0.10155   0.03368   0.07275   0.03968   0.01519   0.00439   0.02494   0.06952   0.00751   0.06600   0.02841   0.05589   0.00555   0.04069   0.01763   0.00570   0.02748   0.03054   0.00921   0.00975   0.01638   0.02525   0.01955   0.01978   2.15944   0.50903  
 30 578.4747  10270.605587  x:  0.28047   0.00714   0.09514   0.07283   0.00834   0.03541   0.03726   0.01315   0.00301   0.04070   0.07113   0.01385   0.05608   0.07381   0.01453   0.00395   0.12597   0.03239   0.00109   0.01163   0.00269   0.00166   0.00000   0.00000   0.00000   0.08845   0.05084   0.02473   0.10924   0.13155   0.00888   0.00080   0.04003   0.01525   0.05295   0.03181   0.03753   0.10041   0.03407   0.07458   0.03934   0.01427   0.00461   0.02357   0.07003   0.01113   0.06299   0.02810   0.05572   0.00581   0.04164   0.01914   0.00548   0.02757   0.03027   0.00927   0.00959   0.01928   0.02511   0.01928   0.01934   2.18026   0.52610  
 31 361.9845  10269.746877  x:  0.27962   0.00763   0.09375   0.07329   0.00740   0.03379   0.03540   0.01426   0.00305   0.04157   0.07210   0.01425   0.05616   0.07295   0.01672   0.00579   0.12921   0.03248   0.00110   0.01167   0.00236   0.00167   0.00000   0.00000   0.00000   0.08901   0.05042   0.02403   0.10408   0.14033   0.00857   0.00081   0.04206   0.01594   0.05352   0.02840   0.03622   0.10141   0.03297   0.07601   0.04006   0.01459   0.00455   0.02318   0.06854   0.00958   0.06256   0.02806   0.05499   0.00567   0.04115   0.01892   0.00553   0.02756   0.03071   0.00946   0.00974   0.01805   0.02418   0.02031   0.01959   2.19019   0.53480  
 32 236.1719  10269.524383  x:  0.27938   0.00809   0.09310   0.07287   0.00801   0.03363   0.03481   0.01534   0.00296   0.04205   0.07125   0.01476   0.05702   0.07190   0.01463   0.00522   0.12962   0.03245   0.00110   0.01142   0.00260   0.00166   0.00000   0.00000   0.00000   0.09052   0.05051   0.02536   0.10262   0.14287   0.00863   0.00078   0.04417   0.01538   0.05334   0.02813   0.03606   0.10221   0.03281   0.07594   0.04029   0.01509   0.00456   0.02420   0.06784   0.01009   0.06386   0.02830   0.05500   0.00568   0.04064   0.01824   0.00576   0.02756   0.03059   0.00913   0.00984   0.01725   0.02493   0.01912   0.01950   2.19271   0.53720  
 33 91.4470  10269.368277  x:  0.27915   0.00802   0.09253   0.07223   0.00809   0.03400   0.03508   0.01384   0.00294   0.04243   0.07008   0.01366   0.05771   0.07107   0.01341   0.00584   0.12931   0.03244   0.00110   0.01157   0.00247   0.00166   0.00000   0.00000   0.00000   0.09282   0.05066   0.02578   0.10149   0.14443   0.00856   0.00078   0.04692   0.01514   0.05317   0.02910   0.03641   0.10332   0.03310   0.07567   0.04021   0.01455   0.00445   0.02458   0.06766   0.00956   0.06496   0.02832   0.05533   0.00561   0.04055   0.01858   0.00554   0.02759   0.03050   0.00921   0.00983   0.01778   0.02526   0.01935   0.01950   2.19435   0.53876  
 34 72.9007  10269.227270  x:  0.27933   0.00825   0.09245   0.07174   0.00809   0.03433   0.03600   0.01465   0.00293   0.04208   0.06922   0.01449   0.05766   0.07088   0.01284   0.00578   0.12813   0.03242   0.00110   0.01159   0.00261   0.00166   0.00000   0.00000   0.00000   0.09584   0.05076   0.02413   0.10045   0.14504   0.00858   0.00077   0.04866   0.01493   0.05277   0.02996   0.03688   0.10486   0.03317   0.07544   0.03960   0.01423   0.00461   0.02317   0.06812   0.00980   0.06479   0.02802   0.05559   0.00565   0.04104   0.01849   0.00559   0.02761   0.03072   0.00903   0.00991   0.01777   0.02465   0.01961   0.01964   2.19558   0.53975  
 35 42.5901  10268.900747  x:  0.28063   0.00817   0.09297   0.07170   0.00826   0.03383   0.03615   0.01369   0.00289   0.04146   0.06941   0.01329   0.05626   0.07165   0.01194   0.00605   0.12467   0.03241   0.00109   0.01145   0.00260   0.00166   0.00000   0.00000   0.00000   0.10102   0.05109   0.02397   0.09858   0.14492   0.00852   0.00077   0.04800   0.01516   0.05285   0.02888   0.03650   0.10806   0.03268   0.07566   0.03905   0.01617   0.00450   0.02374   0.06917   0.00941   0.06240   0.02842   0.05541   0.00567   0.04150   0.01786   0.00571   0.02752   0.03028   0.00895   0.00981   0.01665   0.02439   0.01873   0.01888   2.19781   0.54084  
 36 34.3668  10268.380677  x:  0.28232   0.00841   0.09350   0.07235   0.00798   0.03314   0.03488   0.01415   0.00283   0.04116   0.07091   0.01367   0.05565   0.07300   0.01089   0.00648   0.12131   0.03241   0.00108   0.01158   0.00273   0.00166   0.00000   0.00000   0.00000   0.10430   0.05122   0.02554   0.09672   0.14436   0.00835   0.00075   0.04667   0.01407   0.05313   0.02791   0.03599   0.11106   0.03209   0.07649   0.03912   0.01254   0.00453   0.02461   0.06965   0.00872   0.06117   0.02854   0.05487   0.00559   0.04103   0.01790   0.00530   0.02758   0.03006   0.00875   0.00978   0.01749   0.02516   0.01889   0.02101   2.20088   0.54157  
 37 65.3132  10265.497137  x:  0.28695   0.00807   0.09376   0.07553   0.00712   0.03229   0.03002   0.01328   0.00269   0.04006   0.07778   0.01285   0.05980   0.07698   0.00939   0.00647   0.11528   0.03247   0.00105   0.01140   0.00290   0.00167   0.00000   0.00000   0.00000   0.10163   0.04934   0.02471   0.09214   0.14232   0.00784   0.00070   0.04614   0.01263   0.05202   0.03109   0.03657   0.11666   0.03036   0.08034   0.04032   0.01122   0.00488   0.01926   0.06770   0.00639   0.06801   0.02670   0.05220   0.00531   0.03781   0.01626   0.00485   0.02763   0.02916   0.00828   0.00942   0.01556   0.02619   0.01926   0.01520   2.21650   0.54183  
 38 62.9744  10261.905829  x:  0.29054   0.00729   0.09372   0.07713   0.00671   0.03132   0.03055   0.01079   0.00258   0.03842   0.08176   0.00999   0.06335   0.07834   0.00850   0.00526   0.11217   0.03247   0.00102   0.01083   0.00304   0.00168   0.00000   0.00000   0.00000   0.09478   0.04777   0.02063   0.08974   0.14119   0.00749   0.00065   0.04733   0.01219   0.04950   0.03177   0.03686   0.11982   0.02842   0.08266   0.03912   0.01463   0.00492   0.01764   0.06456   0.00394   0.07497   0.02706   0.05015   0.00511   0.03854   0.01334   0.00481   0.02714   0.02695   0.00802   0.00868   0.01250   0.02363   0.01689   0.02510   2.23758   0.54127  
 39 314.7115  10257.182863  x:  0.29185   0.00708   0.09432   0.07483   0.00522   0.02933   0.03565   0.01050   0.00240   0.03749   0.07831   0.00964   0.06257   0.07494   0.00812   0.00434   0.11519   0.03252   0.00100   0.01038   0.00327   0.00170   0.00000   0.00000   0.00000   0.08761   0.04850   0.01836   0.09275   0.14244   0.00668   0.00058   0.04840   0.01013   0.04797   0.02717   0.03583   0.11862   0.02716   0.08120   0.03362   0.00942   0.00488   0.02180   0.06239   0.00043   0.07590   0.02929   0.05067   0.00463   0.04382   0.01066   0.00421   0.02634   0.02468   0.00754   0.00805   0.01069   0.01837   0.01503   0.02104   2.26134   0.53987  
 40 325.6485  10256.345491  x:  0.29159   0.00705   0.09476   0.07408   0.00514   0.02892   0.03506   0.01031   0.00237   0.03740   0.07687   0.00952   0.06202   0.07426   0.00811   0.00419   0.11644   0.03253   0.00100   0.01029   0.00325   0.00170   0.00000   0.00000   0.00000   0.08750   0.04869   0.01920   0.09381   0.14292   0.00658   0.00057   0.04813   0.00984   0.04837   0.02707   0.03566   0.11790   0.02691   0.08059   0.03296   0.00943   0.00493   0.02023   0.06271   0.00000   0.07510   0.02908   0.05083   0.00456   0.04374   0.01073   0.00416   0.02630   0.02465   0.00751   0.00806   0.01009   0.01917   0.01530   0.02126   2.26399   0.53962  
 41 261.6910  10256.345491  x:  0.29159   0.00705   0.09476   0.07408   0.00514   0.02892   0.03506   0.01031   0.00237   0.03740   0.07687   0.00952   0.06202   0.07426   0.00811   0.00419   0.11644   0.03253   0.00100   0.01029   0.00325   0.00170   0.00000   0.00000   0.00000   0.08750   0.04869   0.01920   0.09381   0.14292   0.00658   0.00057   0.04813   0.00984   0.04837   0.02707   0.03566   0.11790   0.02691   0.08059   0.03296   0.00943   0.00493   0.02023   0.06271   0.00000   0.07510   0.02908   0.05083   0.00456   0.04374   0.01073   0.00416   0.02630   0.02465   0.00751   0.00806   0.01009   0.01917   0.01530   0.02126   2.26399   0.53962  
 42 157.4721  10251.412189  x:  0.29142   0.00659   0.09490   0.07392   0.00620   0.02891   0.03480   0.01079   0.00217   0.03734   0.07653   0.00931   0.06197   0.07402   0.00844   0.00371   0.11619   0.03082   0.00500   0.01013   0.00444   0.00154   0.00000   0.00000   0.00000   0.08764   0.04868   0.01930   0.09401   0.14302   0.00527   0.00719   0.04800   0.01006   0.04831   0.02698   0.03560   0.11749   0.02681   0.08031   0.03303   0.00952   0.00683   0.01992   0.06268   0.00031   0.07505   0.02898   0.05075   0.00416   0.04369   0.01124   0.00411   0.02633   0.02420   0.00759   0.00762   0.01070   0.01937   0.01515   0.02118   2.26414   0.53955  
 43 2765.9528  10244.298969  x:  0.29083   0.00518   0.09536   0.07338   0.00863   0.02884   0.03393   0.01200   0.00171   0.03714   0.07536   0.00867   0.06179   0.07321   0.00952   0.00235   0.11535   0.02489   0.00449   0.00957   0.00637   0.00156   0.00000   0.00000   0.00000   0.08811   0.04867   0.01964   0.09470   0.14335   0.00049   0.00662   0.04755   0.01072   0.04810   0.02669   0.03540   0.11607   0.02650   0.07934   0.03325   0.00976   0.01022   0.01893   0.06254   0.00037   0.07487   0.02868   0.05047   0.00304   0.04350   0.01269   0.00397   0.02640   0.02272   0.00779   0.00636   0.01237   0.01991   0.01469   0.02093   2.26465   0.53931  
 44 1105.2870  10237.392541  x:  0.28930   0.00235   0.09654   0.07202   0.01273   0.02868   0.03181   0.01406   0.00158   0.03663   0.07240   0.00732   0.06136   0.07115   0.01206   0.00049   0.11321   0.00949   0.00361   0.00850   0.00907   0.00152   0.00000   0.00000   0.00000   0.08923   0.04863   0.02044   0.09650   0.14419   0.00431   0.00563   0.04639   0.01204   0.04757   0.02600   0.03491   0.11245   0.02575   0.07688   0.03379   0.01019   0.01573   0.01659   0.06219   0.00034   0.07444   0.02796   0.04979   0.00149   0.04303   0.01558   0.00380   0.02658   0.01922   0.00813   0.00425   0.01554   0.02117   0.01369   0.02035   2.26598   0.53869  
 45 1841.6909  10234.934906  x:  0.28866   0.00225   0.09704   0.07149   0.01350   0.02862   0.03104   0.01440   0.00199   0.03645   0.07122   0.00701   0.06120   0.07033   0.01295   0.00274   0.11236   0.00331   0.00367   0.00836   0.00931   0.00154   0.00000   0.00000   0.00000   0.08963   0.04860   0.02072   0.09726   0.14453   0.00463   0.00539   0.04590   0.01233   0.04737   0.02577   0.03472   0.11096   0.02550   0.07589   0.03399   0.01026   0.01682   0.01586   0.06205   0.00031   0.07429   0.02771   0.04953   0.00219   0.04284   0.01629   0.00383   0.02663   0.01810   0.00816   0.00454   0.01625   0.02159   0.01344   0.02017   2.26655   0.53843  
 46 2447.3058  10234.364443  x:  0.28834   0.00279   0.09727   0.07127   0.01323   0.02859   0.03077   0.01421   0.00202   0.03638   0.07070   0.00708   0.06114   0.06997   0.01313   0.00199   0.11196   0.00180   0.00387   0.00852   0.00889   0.00154   0.00000   0.00000   0.00000   0.08980   0.04858   0.02077   0.09761   0.14467   0.00446   0.00537   0.04567   0.01229   0.04728   0.02571   0.03465   0.11025   0.02543   0.07545   0.03406   0.01022   0.01653   0.01574   0.06198   0.00024   0.07422   0.02764   0.04943   0.00251   0.04275   0.01626   0.00384   0.02665   0.01787   0.00810   0.00512   0.01616   0.02171   0.01345   0.02014   2.26684   0.53830  
 47 654.0362  10232.045168  x:  0.28425   0.00306   0.10019   0.06829   0.01213   0.02831   0.02726   0.01334   0.00162   0.03551   0.06390   0.00741   0.06035   0.06530   0.01601   0.00160   0.10690   0.00287   0.00465   0.00916   0.00644   0.00156   0.00000   0.00000   0.00000   0.09196   0.04839   0.02166   0.10220   0.14656   0.00412   0.00523   0.04269   0.01242   0.04619   0.02481   0.03379   0.10114   0.02447   0.06978   0.03501   0.01000   0.01571   0.01373   0.06110   0.00012   0.07330   0.02663   0.04809   0.00312   0.04163   0.01708   0.00376   0.02685   0.01437   0.00779   0.00597   0.01653   0.02336   0.01320   0.01964   2.27059   0.53665  
 48 373.9029  10231.193461  x:  0.28249   0.00297   0.10123   0.06733   0.01140   0.02829   0.02688   0.01297   0.00242   0.03537   0.06166   0.00762   0.06014   0.06378   0.01621   0.00170   0.10511   0.00259   0.00410   0.00900   0.00696   0.00142   0.00000   0.00000   0.00000   0.09259   0.04832   0.02168   0.10393   0.14722   0.00391   0.00571   0.04168   0.01221   0.04592   0.02477   0.03365   0.09769   0.02446   0.06790   0.03522   0.00998   0.01462   0.01441   0.06082   0.00000   0.07296   0.02656   0.04776   0.00215   0.04132   0.01667   0.00376   0.02687   0.01539   0.00790   0.00498   0.01602   0.02347   0.01342   0.01970   2.27228   0.53594  
 49 519.7265  10230.845409  x:  0.28124   0.00252   0.10183   0.06684   0.01132   0.02833   0.02715   0.01312   0.00152   0.03539   0.06051   0.00759   0.06006   0.06301   0.01596   0.00169   0.10405   0.00251   0.00388   0.00874   0.00773   0.00201   0.00000   0.00000   0.00000   0.09289   0.04827   0.02156   0.10500   0.14762   0.00394   0.00583   0.04118   0.01212   0.04584   0.02488   0.03366   0.09555   0.02461   0.06692   0.03526   0.01005   0.01421   0.01507   0.06070   0.00046   0.07280   0.02666   0.04765   0.00271   0.04124   0.01637   0.00386   0.02685   0.01642   0.00802   0.00501   0.01573   0.02338   0.01353   0.01982   2.27357   0.53544  
 50 511.1720  10230.641545  x:  0.28024   0.00261   0.10220   0.06663   0.01173   0.02839   0.02767   0.01348   0.00143   0.03549   0.06000   0.00740   0.06006   0.06266   0.01560   0.00165   0.10340   0.00265   0.00403   0.00857   0.00821   0.00129   0.00000   0.00000   0.00000   0.09302   0.04825   0.02140   0.10569   0.14787   0.00403   0.00565   0.04101   0.01216   0.04587   0.02503   0.03375   0.09416   0.02481   0.06646   0.03522   0.01013   0.01436   0.01543   0.06067   0.00024   0.07272   0.02682   0.04767   0.00314   0.04127   0.01625   0.00385   0.02682   0.01701   0.00806   0.00546   0.01570   0.02311   0.01353   0.01993   2.27466   0.53504  
 51 361.5970  10230.497106  x:  0.27917   0.00298   0.10252   0.06652   0.01229   0.02846   0.02834   0.01387   0.00190   0.03566   0.05973   0.00723   0.06011   0.06247   0.01514   0.00162   0.10284   0.00282   0.00432   0.00854   0.00836   0.00175   0.00000   0.00000   0.00000   0.09309   0.04825   0.02121   0.10630   0.14811   0.00413   0.00542   0.04099   0.01223   0.04596   0.02522   0.03389   0.09289   0.02505   0.06619   0.03514   0.01020   0.01468   0.01562   0.06067   0.00000   0.07266   0.02703   0.04775   0.00323   0.04137   0.01617   0.00379   0.02678   0.01733   0.00805   0.00584   0.01575   0.02277   0.01348   0.02003   2.27589   0.53460  
 52 401.2291  10230.280173  x:  0.27709   0.00338   0.10295   0.06653   0.01283   0.02858   0.02963   0.01425   0.00167   0.03603   0.05979   0.00738   0.06027   0.06249   0.01413   0.00180   0.10203   0.00276   0.00464   0.00890   0.00752   0.00167   0.00000   0.00000   0.00000   0.09310   0.04826   0.02086   0.10721   0.14850   0.00418   0.00518   0.04128   0.01229   0.04620   0.02558   0.03420   0.09097   0.02548   0.06612   0.03491   0.01017   0.01505   0.01556   0.06076   0.00078   0.07260   0.02743   0.04801   0.00259   0.04163   0.01598   0.00370   0.02671   0.01730   0.00788   0.00572   0.01577   0.02217   0.01340   0.02017   2.27843   0.53374  
 53 285.0696  10230.100411  x:  0.27510   0.00294   0.10324   0.06666   0.01287   0.02864   0.03051   0.01424   0.00149   0.03636   0.06013   0.00769   0.06045   0.06272   0.01330   0.00181   0.10143   0.00264   0.00443   0.00909   0.00682   0.00170   0.00000   0.00000   0.00000   0.09306   0.04829   0.02064   0.10784   0.14884   0.00411   0.00538   0.04177   0.01228   0.04644   0.02581   0.03444   0.08953   0.02576   0.06631   0.03471   0.01009   0.01519   0.01529   0.06087   0.00013   0.07260   0.02770   0.04828   0.00278   0.04190   0.01588   0.00389   0.02665   0.01692   0.00782   0.00530   0.01577   0.02165   0.01338   0.02022   2.28100   0.53291  
 54 330.5731  10229.952191  x:  0.27297   0.00264   0.10346   0.06686   0.01262   0.02865   0.03090   0.01395   0.00206   0.03660   0.06068   0.00780   0.06064   0.06308   0.01282   0.00164   0.10092   0.00266   0.00396   0.00896   0.00696   0.00161   0.00000   0.00000   0.00000   0.09304   0.04835   0.02058   0.10828   0.14920   0.00406   0.00565   0.04244   0.01225   0.04664   0.02589   0.03461   0.08841   0.02586   0.06669   0.03454   0.01001   0.01525   0.01493   0.06101   0.00060   0.07264   0.02780   0.04853   0.00330   0.04215   0.01594   0.00395   0.02663   0.01636   0.00791   0.00526   0.01580   0.02149   0.01339   0.02017   2.28393   0.53201  
 55 322.4927  10229.642851  x:  0.26824   0.00324   0.10380   0.06740   0.01177   0.02859   0.03090   0.01317   0.00161   0.03693   0.06204   0.00758   0.06101   0.06398   0.01248   0.00177   0.09998   0.00269   0.00357   0.00845   0.00814   0.00169   0.00000   0.00000   0.00000   0.09303   0.04849   0.02070   0.10890   0.14998   0.00411   0.00585   0.04401   0.01214   0.04698   0.02581   0.03481   0.08658   0.02580   0.06769   0.03430   0.00996   0.01519   0.01441   0.06129   0.00041   0.07273   0.02776   0.04898   0.00284   0.04258   0.01621   0.00362   0.02664   0.01545   0.00818   0.00567   0.01587   0.02151   0.01347   0.01995   2.29075   0.52996  
 56 449.3565  10229.291934  x:  0.26230   0.00278   0.10400   0.06804   0.01125   0.02845   0.02988   0.01285   0.00174   0.03696   0.06358   0.00725   0.06135   0.06504   0.01279   0.00173   0.09909   0.00264   0.00513   0.00860   0.00849   0.00166   0.00000   0.00000   0.00000   0.09314   0.04865   0.02106   0.10911   0.15095   0.00408   0.00492   0.04571   0.01209   0.04718   0.02541   0.03475   0.08535   0.02542   0.06894   0.03421   0.01013   0.01492   0.01476   0.06156   0.00042   0.07288   0.02740   0.04930   0.00284   0.04281   0.01650   0.00421   0.02672   0.01592   0.00803   0.00528   0.01594   0.02214   0.01352   0.01975   2.30013   0.52731  
 57 422.7447  10228.855869  x:  0.25537   0.00287   0.10402   0.06863   0.01210   0.02833   0.02821   0.01371   0.00175   0.03657   0.06485   0.00729   0.06150   0.06595   0.01356   0.00169   0.09844   0.00270   0.00432   0.00913   0.00740   0.00166   0.00000   0.00000   0.00000   0.09339   0.04876   0.02141   0.10878   0.15203   0.00409   0.00544   0.04687   0.01220   0.04713   0.02483   0.03441   0.08516   0.02496   0.07012   0.03434   0.01033   0.01499   0.01565   0.06172   0.00035   0.07303   0.02686   0.04929   0.00308   0.04268   0.01665   0.00319   0.02683   0.01732   0.00774   0.00544   0.01600   0.02301   0.01342   0.01977   2.31249   0.52407  
 58 479.3388  10228.644660  x:  0.25201   0.00325   0.10390   0.06875   0.01262   0.02835   0.02778   0.01417   0.00170   0.03621   0.06497   0.00747   0.06140   0.06608   0.01365   0.00173   0.09842   0.00277   0.00377   0.00889   0.00712   0.00168   0.00000   0.00000   0.00000   0.09357   0.04874   0.02137   0.10829   0.15248   0.00411   0.00577   0.04667   0.01224   0.04696   0.02470   0.03417   0.08587   0.02495   0.07037   0.03447   0.01022   0.01498   0.01571   0.06168   0.00040   0.07307   0.02677   0.04907   0.00288   0.04235   0.01645   0.00458   0.02686   0.01751   0.00794   0.00572   0.01599   0.02319   0.01339   0.01994   2.31985   0.52235  
 59 437.4277  10227.770835  x:  0.24054   0.00290   0.10300   0.06853   0.01328   0.02868   0.02805   0.01478   0.00179   0.03470   0.06378   0.00826   0.06054   0.06553   0.01263   0.00176   0.09933   0.00266   0.00452   0.00769   0.00751   0.00168   0.00000   0.00000   0.00000   0.09426   0.04843   0.02053   0.10562   0.15376   0.00406   0.00536   0.04375   0.01216   0.04605   0.02491   0.03335   0.09067   0.02560   0.07021   0.03504   0.00947   0.01420   0.01477   0.06118   0.00047   0.07307   0.02707   0.04778   0.00285   0.04076   0.01501   0.00378   0.02677   0.01641   0.00874   0.00557   0.01523   0.02265   0.01350   0.02077   2.35046   0.51592  
 60 592.3246  10227.336161  x:  0.23599   0.00341   0.10251   0.06819   0.01265   0.02877   0.02893   0.01409   0.00171   0.03458   0.06273   0.00727   0.06010   0.06491   0.01234   0.00175   0.10007   0.00270   0.00422   0.00955   0.00823   0.00165   0.00000   0.00000   0.00000   0.09457   0.04832   0.02039   0.10428   0.15411   0.00411   0.00546   0.04232   0.01226   0.04576   0.02529   0.03337   0.09315   0.02581   0.06965   0.03518   0.01012   0.01456   0.01479   0.06094   0.00050   0.07301   0.02738   0.04735   0.00327   0.04043   0.01550   0.00390   0.02672   0.01610   0.00772   0.00502   0.01553   0.02218   0.01348   0.02056   2.36729   0.51293  
 61 674.3803  10226.999230  x:  0.23419   0.00249   0.10218   0.06779   0.01174   0.02870   0.02983   0.01321   0.00186   0.03524   0.06182   0.00725   0.05992   0.06432   0.01259   0.00180   0.10076   0.00268   0.00412   0.00945   0.00776   0.00169   0.00000   0.00000   0.00000   0.09468   0.04832   0.02065   0.10350   0.15404   0.00409   0.00553   0.04185   0.01235   0.04582   0.02567   0.03383   0.09460   0.02570   0.06891   0.03510   0.01057   0.01518   0.01529   0.06083   0.00052   0.07290   0.02760   0.04744   0.00261   0.04080   0.01655   0.00389   0.02670   0.01654   0.00752   0.00620   0.01610   0.02191   0.01343   0.01995   2.38103   0.51110  
 62 537.6513  10226.512453  x:  0.23328   0.00343   0.10180   0.06722   0.01095   0.02850   0.03085   0.01249   0.00174   0.03663   0.06063   0.00775   0.05987   0.06349   0.01344   0.00173   0.10180   0.00276   0.00426   0.00802   0.00695   0.00166   0.00000   0.00000   0.00000   0.09469   0.04841   0.02121   0.10276   0.15361   0.00412   0.00543   0.04194   0.01241   0.04614   0.02609   0.03471   0.09603   0.02530   0.06770   0.03483   0.01058   0.01605   0.01582   0.06077   0.00058   0.07273   0.02777   0.04791   0.00322   0.04178   0.01790   0.00377   0.02670   0.01723   0.00820   0.00532   0.01682   0.02183   0.01338   0.01912   2.40188   0.50897  
 63 831.1229  10224.803212  x:  0.23726   0.00322   0.10104   0.06574   0.01204   0.02785   0.03117   0.01463   0.00177   0.04095   0.05819   0.00888   0.06068   0.06151   0.01521   0.00170   0.10515   0.00275   0.00434   0.01009   0.00828   0.00166   0.00000   0.00000   0.00000   0.09387   0.04886   0.02235   0.10234   0.15080   0.00413   0.00538   0.04487   0.01152   0.04780   0.02624   0.03718   0.09756   0.02370   0.06406   0.03372   0.00773   0.01460   0.01465   0.06101   0.00035   0.07213   0.02741   0.05045   0.00300   0.04535   0.01712   0.00390   0.02681   0.01705   0.00868   0.00558   0.01572   0.02293   0.01385   0.01937   2.47898   0.50389  
 64 740.0817  10222.956435  x:  0.24438   0.00293   0.10066   0.06488   0.01300   0.02778   0.02970   0.01563   0.00175   0.04260   0.05720   0.00653   0.06166   0.06047   0.01470   0.00165   0.10796   0.00261   0.00420   0.00808   0.00768   0.00166   0.00000   0.00000   0.00000   0.09271   0.04909   0.02195   0.10308   0.14755   0.00391   0.00569   0.04708   0.01174   0.04894   0.02570   0.03790   0.09739   0.02347   0.06179   0.03330   0.01225   0.01301   0.01420   0.06143   0.00025   0.07170   0.02689   0.05216   0.00279   0.04710   0.01469   0.00402   0.02687   0.01568   0.00711   0.00528   0.01444   0.02357   0.01359   0.02072   2.56575   0.49984  
 65 1921.8046  10219.286288  x:  0.26251   0.00326   0.10117   0.06520   0.01243   0.02909   0.02542   0.01245   0.00166   0.03797   0.05925   0.00846   0.06304   0.06139   0.01109   0.00180   0.11028   0.00272   0.00438   0.01018   0.00784   0.00167   0.00000   0.00000   0.00000   0.09073   0.04884   0.01885   0.10658   0.14208   0.00419   0.00526   0.04690   0.01324   0.04862   0.02387   0.03441   0.09345   0.02634   0.06243   0.03442   0.01245   0.01583   0.01680   0.06183   0.00016   0.07167   0.02649   0.05153   0.00290   0.04445   0.01465   0.00383   0.02679   0.01569   0.01059   0.00563   0.01644   0.02257   0.01244   0.02158   2.73919   0.49589  
 66 1956.3418  10217.234317  x:  0.27217   0.00321   0.10182   0.06619   0.01205   0.02942   0.02653   0.01238   0.00164   0.03445   0.06129   0.00721   0.06298   0.06279   0.01186   0.00176   0.10965   0.00273   0.00423   0.00831   0.00745   0.00167   0.00000   0.00000   0.00000   0.09046   0.04866   0.01922   0.10830   0.14058   0.00415   0.00538   0.04523   0.01238   0.04751   0.02403   0.03246   0.09089   0.02702   0.06484   0.03512   0.00885   0.01603   0.01561   0.06174   0.00018   0.07208   0.02695   0.04979   0.00292   0.04167   0.01636   0.00389   0.02670   0.01702   0.00656   0.00554   0.01657   0.02196   0.01378   0.02050   2.82832   0.49614  
 67 2500.3614  10216.074256  x:  0.27794   0.00288   0.10253   0.06748   0.01193   0.02898   0.02990   0.01388   0.00167   0.03304   0.06311   0.00682   0.06201   0.06437   0.01497   0.00166   0.10734   0.00271   0.00425   0.00913   0.00737   0.00166   0.00000   0.00000   0.00000   0.09108   0.04853   0.02122   0.10900   0.14137   0.00402   0.00552   0.04267   0.01158   0.04618   0.02537   0.03234   0.08934   0.02618   0.06799   0.03543   0.01068   0.01465   0.01424   0.06143   0.00013   0.07273   0.02766   0.04776   0.00277   0.03964   0.01723   0.00386   0.02665   0.01727   0.00892   0.00551   0.01561   0.02202   0.01394   0.01922   2.88465   0.49923  
 68 1379.6560  10215.512022  x:  0.27989   0.00298   0.10297   0.06833   0.01210   0.02843   0.03065   0.01375   0.00165   0.03432   0.06386   0.00865   0.06091   0.06527   0.01619   0.00166   0.10502   0.00272   0.00429   0.00901   0.00805   0.00166   0.00000   0.00000   0.00000   0.09166   0.04836   0.02155   0.10904   0.14325   0.00405   0.00545   0.04049   0.01255   0.04557   0.02595   0.03352   0.08922   0.02525   0.06992   0.03525   0.01097   0.01453   0.01590   0.06108   0.00004   0.07323   0.02774   0.04685   0.00280   0.03974   0.01634   0.00391   0.02668   0.01607   0.00759   0.00553   0.01567   0.02252   0.01272   0.01989   2.91153   0.50388  
 69 619.2178  10214.918083  x:  0.28083   0.00274   0.10338   0.06908   0.01218   0.02805   0.02990   0.01290   0.00162   0.03647   0.06404   0.00641   0.05949   0.06588   0.01576   0.00168   0.10206   0.00270   0.00419   0.00894   0.00737   0.00166   0.00000   0.00000   0.00000   0.09224   0.04815   0.02083   0.10884   0.14631   0.00401   0.00553   0.03833   0.01297   0.04529   0.02589   0.03502   0.08986   0.02472   0.07153   0.03486   0.00968   0.01490   0.01633   0.06068   0.00002   0.07376   0.02751   0.04657   0.00274   0.04095   0.01527   0.00387   0.02673   0.01602   0.00849   0.00547   0.01607   0.02292   0.01314   0.02086   2.93912   0.51192  
 70 590.6306  10214.248411  x:  0.28060   0.00298   0.10369   0.06944   0.01230   0.02839   0.02820   0.01292   0.00161   0.03769   0.06346   0.00784   0.05846   0.06591   0.01390   0.00177   0.09889   0.00274   0.00427   0.00904   0.00770   0.00167   0.00000   0.00000   0.00000   0.09277   0.04805   0.01981   0.10829   0.15055   0.00409   0.00539   0.03800   0.01190   0.04550   0.02515   0.03544   0.09130   0.02538   0.07206   0.03471   0.01089   0.01528   0.01393   0.06047   0.00007   0.07413   0.02719   0.04721   0.00275   0.04247   0.01610   0.00388   0.02672   0.01752   0.00800   0.00556   0.01611   0.02256   0.01435   0.02038   2.97124   0.52484  
 71 564.3302  10213.365219  x:  0.27872   0.00297   0.10373   0.06894   0.01197   0.02922   0.02824   0.01436   0.00166   0.03604   0.06194   0.00725   0.05863   0.06492   0.01178   0.00179   0.09618   0.00269   0.00426   0.00887   0.00766   0.00166   0.00000   0.00000   0.00000   0.09354   0.04834   0.02057   0.10688   0.15590   0.00400   0.00549   0.04203   0.01163   0.04630   0.02472   0.03378   0.09333   0.02653   0.07071   0.03517   0.01034   0.01450   0.01549   0.06052   0.00020   0.07406   0.02732   0.04852   0.00266   0.04267   0.01740   0.00393   0.02659   0.01639   0.00813   0.00545   0.01512   0.02156   0.01235   0.01870   3.01362   0.54536  
 72 597.5421  10212.999391  x:  0.27717   0.00298   0.10351   0.06827   0.01201   0.02895   0.02945   0.01356   0.00165   0.03464   0.06164   0.00753   0.05963   0.06434   0.01205   0.00179   0.09635   0.00271   0.00424   0.00900   0.00760   0.00166   0.00000   0.00000   0.00000   0.09404   0.04853   0.02100   0.10589   0.15727   0.00404   0.00545   0.04458   0.01284   0.04650   0.02525   0.03300   0.09344   0.02601   0.06941   0.03521   0.01048   0.01496   0.01551   0.06077   0.00018   0.07367   0.02748   0.04857   0.00272   0.04152   0.01637   0.00388   0.02661   0.01643   0.00814   0.00549   0.01594   0.02198   0.01421   0.02010   3.03172   0.55529  
 73 431.4819  10212.846605  x:  0.27592   0.00297   0.10322   0.06782   0.01214   0.02845   0.02969   0.01288   0.00164   0.03454   0.06210   0.00744   0.06052   0.06421   0.01210   0.00180   0.09776   0.00272   0.00422   0.00899   0.00757   0.00166   0.00000   0.00000   0.00000   0.09430   0.04851   0.02057   0.10529   0.15653   0.00405   0.00544   0.04480   0.01204   0.04618   0.02559   0.03330   0.09259   0.02532   0.06868   0.03490   0.01041   0.01524   0.01483   0.06098   0.00015   0.07327   0.02746   0.04799   0.00275   0.04055   0.01588   0.00385   0.02667   0.01702   0.00809   0.00550   0.01618   0.02248   0.01284   0.02039   3.03900   0.56005  
 74 174.5204  10212.707534  x:  0.27414   0.00299   0.10282   0.06745   0.01220   0.02821   0.02924   0.01337   0.00165   0.03508   0.06298   0.00744   0.06138   0.06430   0.01204   0.00181   0.10022   0.00271   0.00424   0.00896   0.00757   0.00166   0.00000   0.00000   0.00000   0.09448   0.04842   0.02017   0.10474   0.15428   0.00405   0.00544   0.04378   0.01188   0.04566   0.02567   0.03398   0.09102   0.02515   0.06813   0.03459   0.01047   0.01508   0.01544   0.06113   0.00016   0.07279   0.02738   0.04716   0.00275   0.03996   0.01648   0.00385   0.02667   0.01651   0.00812   0.00549   0.01581   0.02257   0.01365   0.01973   3.04575   0.56513  
 75 138.0704  10212.650949  x:  0.27310   0.00296   0.10267   0.06749   0.01196   0.02864   0.02908   0.01353   0.00166   0.03520   0.06314   0.00739   0.06126   0.06441   0.01262   0.00178   0.10135   0.00270   0.00424   0.00897   0.00760   0.00166   0.00000   0.00000   0.00000   0.09437   0.04841   0.02071   0.10479   0.15244   0.00402   0.00547   0.04302   0.01276   0.04566   0.02542   0.03384   0.09029   0.02571   0.06824   0.03480   0.01038   0.01485   0.01507   0.06107   0.00021   0.07270   0.02743   0.04723   0.00274   0.04049   0.01647   0.00386   0.02663   0.01674   0.00813   0.00548   0.01586   0.02216   0.01333   0.01994   3.04852   0.56749  
 76 78.3485  10212.622833  x:  0.27243   0.00294   0.10266   0.06766   0.01206   0.02880   0.02921   0.01337   0.00166   0.03502   0.06292   0.00741   0.06081   0.06446   0.01313   0.00177   0.10174   0.00271   0.00424   0.00898   0.00759   0.00166   0.00000   0.00000   0.00000   0.09404   0.04839   0.02088   0.10517   0.15095   0.00404   0.00546   0.04262   0.01208   0.04583   0.02528   0.03346   0.09010   0.02583   0.06856   0.03504   0.01044   0.01499   0.01529   0.06097   0.00021   0.07280   0.02746   0.04759   0.00275   0.04100   0.01624   0.00387   0.02663   0.01658   0.00812   0.00549   0.01596   0.02212   0.01343   0.02008   3.04988   0.56876  
 77 50.3597  10212.609945  x:  0.27203   0.00293   0.10272   0.06782   0.01210   0.02855   0.02931   0.01333   0.00166   0.03485   0.06261   0.00742   0.06045   0.06445   0.01318   0.00177   0.10169   0.00271   0.00424   0.00898   0.00759   0.00166   0.00000   0.00000   0.00000   0.09359   0.04836   0.02057   0.10574   0.14988   0.00404   0.00546   0.04256   0.01233   0.04602   0.02540   0.03339   0.09029   0.02552   0.06881   0.03505   0.01043   0.01497   0.01524   0.06090   0.00020   0.07295   0.02741   0.04781   0.00275   0.04097   0.01630   0.00387   0.02665   0.01661   0.00813   0.00549   0.01581   0.02236   0.01341   0.01988   3.05050   0.56940  
 78 26.8374  10212.605822  x:  0.27188   0.00293   0.10279   0.06787   0.01202   0.02852   0.02923   0.01343   0.00166   0.03492   0.06252   0.00742   0.06044   0.06443   0.01317   0.00176   0.10150   0.00270   0.00424   0.00897   0.00759   0.00166   0.00000   0.00000   0.00000   0.09329   0.04837   0.02070   0.10613   0.14941   0.00403   0.00546   0.04264   0.01226   0.04598   0.02543   0.03358   0.09054   0.02556   0.06884   0.03493   0.01043   0.01493   0.01525   0.06091   0.00020   0.07301   0.02740   0.04771   0.00275   0.04070   0.01636   0.00386   0.02664   0.01661   0.00813   0.00549   0.01595   0.02228   0.01340   0.02003   3.05070   0.56961  
 79 12.7722  10212.604756  x:  0.27184   0.00293   0.10282   0.06784   0.01208   0.02860   0.02924   0.01335   0.00166   0.03498   0.06257   0.00741   0.06054   0.06443   0.01325   0.00176   0.10139   0.00271   0.00424   0.00898   0.00759   0.00166   0.00000   0.00000   0.00000   0.09319   0.04838   0.02072   0.10628   0.14929   0.00404   0.00546   0.04265   0.01228   0.04593   0.02539   0.03359   0.09066   0.02561   0.06878   0.03491   0.01043   0.01497   0.01525   0.06093   0.00021   0.07301   0.02742   0.04763   0.00275   0.04067   0.01629   0.00386   0.02664   0.01661   0.00812   0.00549   0.01586   0.02226   0.01341   0.01994   3.05075   0.56966  
 80  6.0854  10212.603844  x:  0.27182   0.00293   0.10284   0.06779   0.01205   0.02861   0.02928   0.01339   0.00166   0.03498   0.06270   0.00741   0.06070   0.06443   0.01327   0.00176   0.10128   0.00271   0.00424   0.00898   0.00760   0.00166   0.00000   0.00000   0.00000   0.09312   0.04837   0.02066   0.10640   0.14923   0.00403   0.00546   0.04259   0.01228   0.04588   0.02539   0.03351   0.09076   0.02557   0.06869   0.03495   0.01043   0.01493   0.01525   0.06096   0.00020   0.07297   0.02743   0.04758   0.00275   0.04080   0.01634   0.00386   0.02664   0.01661   0.00813   0.00549   0.01590   0.02230   0.01340   0.01999   3.05079   0.56969  
 81  3.0725  10212.601448  x:  0.27180   0.00293   0.10285   0.06772   0.01203   0.02843   0.02921   0.01339   0.00166   0.03486   0.06286   0.00741   0.06082   0.06445   0.01321   0.00176   0.10123   0.00271   0.00424   0.00898   0.00759   0.00166   0.00000   0.00000   0.00000   0.09306   0.04837   0.02085   0.10652   0.14924   0.00403   0.00546   0.04242   0.01227   0.04596   0.02553   0.03354   0.09084   0.02554   0.06858   0.03500   0.01042   0.01499   0.01525   0.06098   0.00021   0.07288   0.02739   0.04770   0.00275   0.04087   0.01625   0.00387   0.02664   0.01662   0.00812   0.00549   0.01588   0.02225   0.01341   0.01992   3.05089   0.56970  
 82  1.7640  10212.575811  x:  0.27171   0.00291   0.10285   0.06746   0.01221   0.02854   0.02918   0.01318   0.00165   0.03457   0.06340   0.00739   0.06073   0.06458   0.01377   0.00174   0.10139   0.00271   0.00424   0.00898   0.00759   0.00166   0.00000   0.00000   0.00000   0.09287   0.04829   0.02050   0.10699   0.14960   0.00400   0.00547   0.04205   0.01224   0.04646   0.02557   0.03403   0.09103   0.02572   0.06827   0.03500   0.01041   0.01472   0.01532   0.06094   0.00023   0.07240   0.02740   0.04857   0.00276   0.04048   0.01656   0.00387   0.02661   0.01660   0.00814   0.00549   0.01570   0.02203   0.01339   0.02018   3.05200   0.56972  
 83  3.5372  10212.429680  x:  0.27133   0.00299   0.10272   0.06717   0.01114   0.02942   0.02971   0.01386   0.00171   0.03501   0.06412   0.00744   0.05982   0.06493   0.01383   0.00167   0.10283   0.00274   0.00422   0.00902   0.00751   0.00165   0.00000   0.00000   0.00000   0.09194   0.04819   0.02045   0.10874   0.15103   0.00389   0.00550   0.04147   0.01221   0.04699   0.02448   0.03392   0.09138   0.02544   0.06791   0.03476   0.01038   0.01454   0.01537   0.06076   0.00015   0.07128   0.02756   0.04945   0.00280   0.03955   0.01551   0.00382   0.02667   0.01675   0.00807   0.00553   0.01633   0.02279   0.01347   0.01937   3.05824   0.56972  
 84 22.7361  10211.839869  x:  0.26994   0.00327   0.10212   0.06742   0.01119   0.02886   0.03004   0.01241   0.00171   0.03650   0.06396   0.00768   0.05795   0.06548   0.01284   0.00145   0.10745   0.00286   0.00421   0.00916   0.00713   0.00162   0.00000   0.00000   0.00000   0.08916   0.04832   0.02205   0.11313   0.15485   0.00347   0.00554   0.04166   0.01194   0.04642   0.02481   0.03225   0.09195   0.02511   0.06830   0.03447   0.01027   0.01298   0.01574   0.06051   0.00011   0.07004   0.02756   0.04779   0.00280   0.04021   0.01635   0.00388   0.02672   0.01730   0.00807   0.00569   0.01398   0.02299   0.01362   0.02090   3.08332   0.56960  
 85 116.2100  10211.212109  x:  0.26858   0.00343   0.10174   0.06827   0.00999   0.02766   0.02942   0.01254   0.00178   0.03578   0.06269   0.00781   0.05882   0.06532   0.01418   0.00126   0.10934   0.00298   0.00421   0.00931   0.00685   0.00158   0.00000   0.00000   0.00000   0.08809   0.04826   0.01998   0.11422   0.15656   0.00298   0.00567   0.04285   0.01160   0.04558   0.02686   0.03340   0.09213   0.02622   0.06933   0.03477   0.01009   0.01073   0.01608   0.06078   0.00026   0.07129   0.02758   0.04633   0.00278   0.04226   0.01455   0.00387   0.02652   0.01778   0.00791   0.00584   0.01475   0.02096   0.01384   0.01979   3.10977   0.56936  
 86 268.1495  10210.658576  x:  0.26754   0.00369   0.10177   0.06894   0.00777   0.02882   0.02984   0.01290   0.00190   0.03480   0.06189   0.00804   0.06140   0.06477   0.01326   0.00123   0.10738   0.00312   0.00415   0.00945   0.00644   0.00155   0.00000   0.00000   0.00000   0.08925   0.04832   0.01996   0.11146   0.15502   0.00266   0.00563   0.04269   0.01129   0.04570   0.02602   0.03533   0.09196   0.02578   0.06992   0.03473   0.00993   0.01105   0.01633   0.06129   0.00016   0.07383   0.02781   0.04758   0.00272   0.04259   0.01408   0.00391   0.02652   0.01826   0.00782   0.00600   0.01227   0.02167   0.01397   0.02083   3.13281   0.56901  
 87 239.3552  10210.362906  x:  0.26704   0.00383   0.10186   0.06901   0.00858   0.02928   0.03028   0.01193   0.00187   0.03509   0.06194   0.00817   0.06242   0.06454   0.01182   0.00123   0.10537   0.00317   0.00417   0.00949   0.00631   0.00154   0.00000   0.00000   0.00000   0.09038   0.04840   0.02070   0.10905   0.15332   0.00242   0.00574   0.04244   0.01126   0.04614   0.02525   0.03548   0.09184   0.02536   0.06992   0.03456   0.00987   0.00899   0.01653   0.06145   0.00012   0.07484   0.02785   0.04865   0.00269   0.04220   0.01414   0.00386   0.02658   0.01850   0.00782   0.00605   0.01298   0.02209   0.01408   0.02048   3.14508   0.56878  
 88 336.4480  10210.206169  x:  0.26682   0.00391   0.10208   0.06843   0.00804   0.02836   0.03022   0.01209   0.00189   0.03676   0.06291   0.00818   0.06130   0.06473   0.01170   0.00124   0.10307   0.00321   0.00416   0.00953   0.00622   0.00153   0.00000   0.00000   0.00000   0.09165   0.04839   0.02024   0.10672   0.15147   0.00232   0.00575   0.04303   0.01115   0.04677   0.02562   0.03371   0.09177   0.02568   0.06924   0.03432   0.00984   0.00885   0.01657   0.06117   0.00018   0.07389   0.02761   0.04891   0.00271   0.04131   0.01386   0.00387   0.02657   0.01865   0.00779   0.00609   0.01259   0.02136   0.01412   0.02058   3.15176   0.56859  
 89 105.2571  10210.180590  x:  0.26681   0.00393   0.10214   0.06812   0.00801   0.02868   0.03017   0.01207   0.00189   0.03633   0.06325   0.00821   0.06033   0.06496   0.01139   0.00125   0.10246   0.00322   0.00415   0.00954   0.00620   0.00153   0.00000   0.00000   0.00000   0.09199   0.04843   0.02025   0.10620   0.15089   0.00230   0.00575   0.04349   0.01112   0.04661   0.02589   0.03424   0.09178   0.02575   0.06897   0.03436   0.00984   0.00880   0.01657   0.06099   0.00015   0.07282   0.02781   0.04843   0.00272   0.04173   0.01385   0.00387   0.02653   0.01868   0.00778   0.00610   0.01257   0.02171   0.01413   0.02057   3.15286   0.56855  
 90 29.0576  10210.179545  x:  0.26681   0.00394   0.10214   0.06812   0.00801   0.02862   0.03021   0.01207   0.00189   0.03627   0.06322   0.00821   0.06031   0.06500   0.01137   0.00125   0.10243   0.00322   0.00415   0.00954   0.00620   0.00153   0.00000   0.00000   0.00000   0.09203   0.04844   0.02024   0.10619   0.15085   0.00230   0.00575   0.04352   0.01113   0.04654   0.02573   0.03429   0.09179   0.02563   0.06898   0.03435   0.00984   0.00880   0.01658   0.06099   0.00016   0.07268   0.02776   0.04842   0.00273   0.04177   0.01384   0.00387   0.02656   0.01869   0.00778   0.00610   0.01256   0.02156   0.01413   0.02058   3.15291   0.56854  
 91  6.4219  10210.179255  x:  0.26681   0.00393   0.10213   0.06817   0.00801   0.02859   0.03022   0.01207   0.00189   0.03628   0.06313   0.00821   0.06038   0.06505   0.01137   0.00126   0.10242   0.00322   0.00415   0.00954   0.00620   0.00153   0.00000   0.00000   0.00000   0.09208   0.04845   0.02024   0.10621   0.15084   0.00230   0.00575   0.04351   0.01113   0.04649   0.02572   0.03428   0.09181   0.02569   0.06903   0.03433   0.00984   0.00880   0.01658   0.06102   0.00016   0.07253   0.02776   0.04846   0.00273   0.04177   0.01385   0.00387   0.02655   0.01869   0.00778   0.00610   0.01256   0.02160   0.01413   0.02058   3.15293   0.56854  
 92  1.5303  10210.178845  x:  0.26681   0.00394   0.10211   0.06821   0.00801   0.02868   0.03018   0.01207   0.00189   0.03631   0.06309   0.00821   0.06043   0.06506   0.01137   0.00126   0.10242   0.00322   0.00415   0.00954   0.00620   0.00153   0.00000   0.00000   0.00000   0.09215   0.04845   0.02024   0.10624   0.15083   0.00230   0.00575   0.04351   0.01113   0.04653   0.02580   0.03426   0.09182   0.02560   0.06908   0.03436   0.00984   0.00880   0.01658   0.06104   0.00016   0.07245   0.02779   0.04847   0.00273   0.04175   0.01384   0.00387   0.02657   0.01869   0.00778   0.00610   0.01256   0.02155   0.01414   0.02058   3.15297   0.56854  
 93  0.9520  10210.167854  x:  0.26676   0.00394   0.10181   0.06835   0.00802   0.02855   0.03026   0.01206   0.00190   0.03635   0.06318   0.00821   0.06055   0.06474   0.01130   0.00128   0.10244   0.00322   0.00415   0.00954   0.00620   0.00153   0.00000   0.00000   0.00000   0.09303   0.04835   0.02023   0.10668   0.15073   0.00229   0.00573   0.04359   0.01109   0.04727   0.02557   0.03439   0.09201   0.02570   0.06924   0.03464   0.00984   0.00883   0.01658   0.06095   0.00016   0.07241   0.02772   0.04802   0.00274   0.04177   0.01385   0.00387   0.02644   0.01871   0.00778   0.00610   0.01256   0.02160   0.01414   0.02058   3.15408   0.56851  
 94  0.9952  10210.082242  x:  0.26637   0.00399   0.10084   0.06821   0.00815   0.02853   0.03018   0.01204   0.00192   0.03608   0.06375   0.00825   0.06021   0.06415   0.01116   0.00143   0.10239   0.00324   0.00410   0.00951   0.00619   0.00152   0.00000   0.00000   0.00000   0.09558   0.04855   0.02014   0.10780   0.15036   0.00222   0.00559   0.04384   0.01113   0.04641   0.02575   0.03416   0.09248   0.02584   0.06907   0.03306   0.00985   0.00900   0.01665   0.06076   0.00015   0.07328   0.02807   0.04859   0.00276   0.04212   0.01380   0.00387   0.02737   0.01878   0.00777   0.00610   0.01263   0.02158   0.01414   0.02055   3.16277   0.56820  
 95 12.9832  10209.850614  x:  0.26533   0.00413   0.10029   0.06769   0.00850   0.02892   0.03025   0.01198   0.00197   0.03668   0.06365   0.00829   0.05988   0.06473   0.01065   0.00184   0.10192   0.00328   0.00398   0.00945   0.00615   0.00150   0.00000   0.00000   0.00000   0.09681   0.04889   0.02005   0.10769   0.14990   0.00205   0.00519   0.04433   0.01112   0.04458   0.02630   0.03440   0.09263   0.02522   0.06848   0.03453   0.00978   0.00955   0.01673   0.06102   0.00015   0.07430   0.02728   0.04978   0.00285   0.04191   0.01370   0.00387   0.02476   0.01903   0.00775   0.00611   0.01287   0.02134   0.01418   0.02049   3.18605   0.56737  
 96 87.9254  10209.466058  x:  0.26356   0.00431   0.10128   0.06743   0.00915   0.02836   0.03046   0.01184   0.00205   0.03728   0.06220   0.00837   0.06057   0.06602   0.01041   0.00249   0.10072   0.00334   0.00375   0.00934   0.00608   0.00147   0.00000   0.00000   0.00000   0.09448   0.04876   0.02006   0.10474   0.14966   0.00173   0.00453   0.04438   0.01097   0.04571   0.02606   0.03511   0.09211   0.02596   0.06799   0.03643   0.00968   0.01042   0.01691   0.06165   0.00007   0.07410   0.02764   0.04938   0.00304   0.04173   0.01361   0.00386   0.02783   0.01932   0.00773   0.00612   0.01316   0.02166   0.01422   0.02039   3.22595   0.56594  
 97 240.2846  10209.346815  x:  0.26302   0.00433   0.10212   0.06780   0.00935   0.02846   0.03026   0.01179   0.00207   0.03678   0.06185   0.00841   0.06115   0.06536   0.01063   0.00267   0.10029   0.00335   0.00369   0.00931   0.00606   0.00147   0.00000   0.00000   0.00000   0.09298   0.04851   0.02010   0.10328   0.14972   0.00163   0.00433   0.04402   0.01095   0.04713   0.02583   0.03477   0.09182   0.02573   0.06828   0.03422   0.00970   0.01066   0.01703   0.06150   0.00007   0.07336   0.02803   0.04868   0.00311   0.04218   0.01356   0.00388   0.02660   0.01939   0.00773   0.00612   0.01326   0.02153   0.01421   0.02035   3.23791   0.56550  
 98 156.2546  10209.340823  x:  0.26299   0.00433   0.10238   0.06801   0.00936   0.02857   0.03034   0.01178   0.00207   0.03681   0.06207   0.00842   0.06119   0.06464   0.01061   0.00268   0.10031   0.00335   0.00369   0.00931   0.00606   0.00147   0.00000   0.00000   0.00000   0.09282   0.04851   0.02010   0.10315   0.14973   0.00163   0.00432   0.04405   0.01095   0.04698   0.02592   0.03479   0.09181   0.02576   0.06851   0.03426   0.00970   0.01068   0.01703   0.06128   0.00007   0.07312   0.02766   0.04877   0.00312   0.04217   0.01356   0.00388   0.02670   0.01940   0.00773   0.00612   0.01327   0.02154   0.01421   0.02035   3.23852   0.56548  
 99 13.4901  10209.340224  x:  0.26299   0.00433   0.10247   0.06805   0.00936   0.02851   0.03031   0.01178   0.00207   0.03683   0.06212   0.00842   0.06120   0.06451   0.01060   0.00268   0.10032   0.00335   0.00369   0.00931   0.00606   0.00147   0.00000   0.00000   0.00000   0.09281   0.04852   0.02010   0.10314   0.14973   0.00163   0.00432   0.04406   0.01095   0.04693   0.02589   0.03479   0.09182   0.02575   0.06855   0.03433   0.00970   0.01068   0.01703   0.06125   0.00007   0.07309   0.02783   0.04881   0.00312   0.04216   0.01356   0.00388   0.02668   0.01940   0.00773   0.00612   0.01327   0.02154   0.01421   0.02035   3.23858   0.56547  
100  4.9564  10209.340125  x:  0.26299   0.00433   0.10263   0.06804   0.00937   0.02851   0.03031   0.01177   0.00207   0.03683   0.06212   0.00842   0.06119   0.06452   0.01060   0.00268   0.10036   0.00335   0.00369   0.00931   0.00606   0.00147   0.00000   0.00000   0.00000   0.09286   0.04853   0.02010   0.10315   0.14972   0.00163   0.00432   0.04407   0.01095   0.04694   0.02589   0.03479   0.09185   0.02575   0.06855   0.03432   0.00970   0.01068   0.01703   0.06128   0.00007   0.07310   0.02783   0.04881   0.00312   0.04217   0.01356   0.00388   0.02668   0.01940   0.00773   0.00612   0.01327   0.02154   0.01421   0.02035   3.23859   0.56548  
101  0.6264  10209.339188  x:  0.26299   0.00432   0.10273   0.06808   0.00936   0.02851   0.03031   0.01177   0.00207   0.03684   0.06210   0.00842   0.06127   0.06465   0.01060   0.00268   0.10040   0.00335   0.00369   0.00931   0.00606   0.00147   0.00000   0.00000   0.00000   0.09290   0.04836   0.02011   0.10317   0.14972   0.00162   0.00431   0.04410   0.01095   0.04691   0.02590   0.03480   0.09187   0.02575   0.06850   0.03432   0.00970   0.01068   0.01702   0.06095   0.00007   0.07312   0.02783   0.04882   0.00312   0.04217   0.01356   0.00388   0.02668   0.01940   0.00773   0.00613   0.01327   0.02154   0.01421   0.02035   3.23869   0.56547  
102  0.1359  10209.282254  x:  0.26314   0.00435   0.10257   0.06858   0.00920   0.02853   0.03025   0.01193   0.00205   0.03667   0.06217   0.00838   0.06127   0.06488   0.01090   0.00273   0.10089   0.00331   0.00361   0.00930   0.00621   0.00150   0.00000   0.00000   0.00000   0.09301   0.05051   0.01997   0.10387   0.14981   0.00147   0.00400   0.04383   0.01104   0.04694   0.02586   0.03472   0.09196   0.02570   0.06801   0.03439   0.00975   0.01046   0.01698   0.05995   0.00009   0.07310   0.02779   0.04863   0.00315   0.04206   0.01383   0.00388   0.02664   0.01930   0.00774   0.00616   0.01332   0.02158   0.01417   0.02034   3.24474   0.56509  
103  1.0705  10209.196426  x:  0.26336   0.00441   0.10206   0.06820   0.00896   0.02853   0.03015   0.01218   0.00201   0.03647   0.06234   0.00834   0.06078   0.06444   0.01127   0.00277   0.10154   0.00325   0.00349   0.00930   0.00642   0.00155   0.00000   0.00000   0.00000   0.09311   0.04861   0.02019   0.10490   0.14991   0.00124   0.00354   0.04374   0.01121   0.04650   0.02583   0.03460   0.09206   0.02565   0.06813   0.03443   0.00979   0.01012   0.01693   0.06106   0.00012   0.07298   0.02773   0.04860   0.00321   0.04196   0.01421   0.00390   0.02657   0.01917   0.00777   0.00620   0.01338   0.02164   0.01412   0.02035   3.25370   0.56452  
104 44.0677  10209.195840  x:  0.26336   0.00442   0.10206   0.06790   0.00896   0.02853   0.03015   0.01219   0.00201   0.03648   0.06232   0.00834   0.06082   0.06443   0.01127   0.00277   0.10155   0.00325   0.00348   0.00930   0.00642   0.00155   0.00000   0.00000   0.00000   0.09311   0.04865   0.02019   0.10492   0.14991   0.00124   0.00354   0.04375   0.01121   0.04651   0.02582   0.03460   0.09206   0.02565   0.06832   0.03443   0.00979   0.01012   0.01693   0.06099   0.00012   0.07298   0.02773   0.04861   0.00321   0.04197   0.01421   0.00390   0.02657   0.01917   0.00777   0.00620   0.01338   0.02164   0.01412   0.02035   3.25376   0.56452  
105  3.2194  10209.145196  x:  0.26433   0.00445   0.10209   0.06787   0.00903   0.02855   0.03011   0.01224   0.00193   0.03628   0.06262   0.00827   0.06071   0.06447   0.01118   0.00270   0.10176   0.00316   0.00318   0.00934   0.00642   0.00159   0.00000   0.00000   0.00000   0.09321   0.04845   0.02023   0.10505   0.14975   0.00158   0.00321   0.04376   0.01128   0.04646   0.02574   0.03442   0.09208   0.02569   0.06849   0.03434   0.00987   0.01009   0.01677   0.06114   0.00013   0.07292   0.02771   0.04853   0.00322   0.04184   0.01422   0.00389   0.02652   0.01891   0.00782   0.00628   0.01339   0.02169   0.01407   0.02037   3.24321   0.56477  
106  0.0099  10209.135091  x:  0.26435   0.00444   0.10205   0.06795   0.00899   0.02854   0.03014   0.01207   0.00193   0.03636   0.06259   0.00828   0.06080   0.06453   0.01104   0.00260   0.10154   0.00314   0.00311   0.00934   0.00617   0.00157   0.00000   0.00000   0.00000   0.09311   0.04854   0.02020   0.10481   0.14977   0.00153   0.00315   0.04384   0.01119   0.04652   0.02575   0.03448   0.09200   0.02571   0.06852   0.03434   0.00984   0.00996   0.01676   0.06110   0.00010   0.07300   0.02773   0.04859   0.00318   0.04189   0.01400   0.00390   0.02654   0.01888   0.00781   0.00627   0.01332   0.02166   0.01409   0.02036   3.23683   0.56511  
107  0.0066  10209.133950  x:  0.26429   0.00442   0.10217   0.06795   0.00895   0.02855   0.03016   0.01206   0.00195   0.03641   0.06253   0.00829   0.06083   0.06453   0.01108   0.00256   0.10146   0.00315   0.00315   0.00933   0.00624   0.00156   0.00000   0.00000   0.00000   0.09302   0.04852   0.02020   0.10470   0.14976   0.00153   0.00315   0.04382   0.01118   0.04657   0.02578   0.03451   0.09198   0.02570   0.06853   0.03435   0.00983   0.00992   0.01678   0.06113   0.00010   0.07297   0.02774   0.04860   0.00318   0.04191   0.01402   0.00391   0.02656   0.01892   0.00780   0.00625   0.01330   0.02164   0.01410   0.02036   3.23370   0.56522  
108  0.0031  10209.133837  x:  0.26427   0.00441   0.10218   0.06795   0.00895   0.02855   0.03016   0.01208   0.00195   0.03640   0.06252   0.00829   0.06082   0.06452   0.01110   0.00254   0.10148   0.00316   0.00313   0.00933   0.00623   0.00156   0.00000   0.00000   0.00000   0.09301   0.04851   0.02020   0.10472   0.14977   0.00153   0.00315   0.04380   0.01119   0.04657   0.02578   0.03451   0.09198   0.02570   0.06853   0.03435   0.00982   0.00993   0.01679   0.06113   0.00010   0.07296   0.02774   0.04859   0.00318   0.04191   0.01403   0.00390   0.02656   0.01893   0.00780   0.00624   0.01331   0.02164   0.01410   0.02036   3.23325   0.56521  
109  0.0005  10209.133817  x:  0.26427   0.00441   0.10218   0.06795   0.00896   0.02854   0.03016   0.01209   0.00195   0.03640   0.06253   0.00829   0.06082   0.06452   0.01110   0.00253   0.10149   0.00316   0.00313   0.00933   0.00623   0.00156   0.00000   0.00000   0.00000   0.09301   0.04851   0.02020   0.10473   0.14977   0.00153   0.00315   0.04380   0.01119   0.04657   0.02578   0.03450   0.09198   0.02570   0.06853   0.03435   0.00983   0.00994   0.01679   0.06113   0.00010   0.07296   0.02774   0.04859   0.00318   0.04191   0.01403   0.00390   0.02656   0.01893   0.00780   0.00624   0.01331   0.02164   0.01410   0.02036   3.23331   0.56519  
110  0.0001  10209.133813  x:  0.26427   0.00441   0.10217   0.06795   0.00896   0.02854   0.03016   0.01208   0.00195   0.03639   0.06253   0.00829   0.06082   0.06452   0.01110   0.00253   0.10149   0.00316   0.00313   0.00933   0.00623   0.00156   0.00000   0.00000   0.00000   0.09300   0.04851   0.02020   0.10473   0.14978   0.00153   0.00315   0.04380   0.01119   0.04657   0.02578   0.03450   0.09198   0.02570   0.06853   0.03435   0.00983   0.00994   0.01679   0.06113   0.00010   0.07296   0.02774   0.04859   0.00318   0.04191   0.01403   0.00390   0.02656   0.01893   0.00780   0.00624   0.01331   0.02164   0.01410   0.02036   3.23349   0.56519  
111  0.0001  10209.133813  x:  0.26427   0.00441   0.10217   0.06795   0.00896   0.02854   0.03016   0.01208   0.00195   0.03640   0.06253   0.00829   0.06082   0.06452   0.01110   0.00253   0.10149   0.00316   0.00313   0.00933   0.00623   0.00156   0.00000   0.00000   0.00000   0.09300   0.04851   0.02020   0.10473   0.14977   0.00153   0.00315   0.04380   0.01119   0.04657   0.02578   0.03450   0.09198   0.02570   0.06853   0.03435   0.00983   0.00994   0.01679   0.06113   0.00010   0.07296   0.02774   0.04859   0.00318   0.04191   0.01403   0.00390   0.02656   0.01893   0.00780   0.00624   0.01331   0.02164   0.01410   0.02036   3.23356   0.56519  
112  0.0001  10209.133813  x:  0.26427   0.00441   0.10218   0.06795   0.00896   0.02854   0.03016   0.01208   0.00195   0.03640   0.06253   0.00829   0.06082   0.06452   0.01110   0.00253   0.10149   0.00316   0.00313   0.00933   0.00623   0.00156   0.00000   0.00000   0.00000   0.09300   0.04851   0.02020   0.10473   0.14977   0.00153   0.00315   0.04380   0.01119   0.04657   0.02578   0.03450   0.09198   0.02570   0.06853   0.03435   0.00983   0.00994   0.01679   0.06113   0.00010   0.07296   0.02774   0.04859   0.00318   0.04191   0.01403   0.00390   0.02656   0.01893   0.00780   0.00624   0.01331   0.02164   0.01410   0.02036   3.23358   0.56519  
113  0.0000  10209.133813  x:  0.26427   0.00441   0.10218   0.06795   0.00896   0.02854   0.03016   0.01208   0.00195   0.03640   0.06253   0.00829   0.06082   0.06452   0.01110   0.00253   0.10149   0.00316   0.00313   0.00933   0.00623   0.00156   0.00000   0.00000   0.00000   0.09300   0.04851   0.02020   0.10473   0.14977   0.00153   0.00315   0.04380   0.01119   0.04657   0.02578   0.03450   0.09198   0.02570   0.06853   0.03435   0.00983   0.00994   0.01679   0.06113   0.00010   0.07296   0.02774   0.04859   0.00318   0.04191   0.01403   0.00390   0.02656   0.01893   0.00780   0.00624   0.01331   0.02164   0.01410   0.02036   3.23358   0.56519  
114  0.0000  10209.133813  x:  0.26427   0.00441   0.10218   0.06795   0.00896   0.02854   0.03016   0.01208   0.00195   0.03640   0.06253   0.00829   0.06082   0.06452   0.01110   0.00253   0.10149   0.00316   0.00313   0.00933   0.00623   0.00156   0.00000   0.00000   0.00000   0.09300   0.04851   0.02020   0.10473   0.14977   0.00153   0.00315   0.04380   0.01119   0.04657   0.02578   0.03450   0.09198   0.02570   0.06853   0.03435   0.00983   0.00994   0.01679   0.06113   0.00010   0.07296   0.02774   0.04859   0.00318   0.04191   0.01403   0.00390   0.02656   0.01893   0.00780   0.00624   0.01331   0.02164   0.01410   0.02036   3.23358   0.56519  
115  0.0000  10209.133813  x:  0.26427   0.00441   0.10218   0.06795   0.00896   0.02854   0.03016   0.01208   0.00195   0.03640   0.06253   0.00829   0.06082   0.06452   0.01110   0.00253   0.10149   0.00316   0.00313   0.00933   0.00623   0.00156   0.00000   0.00000   0.00000   0.09300   0.04851   0.02020   0.10473   0.14977   0.00153   0.00315   0.04380   0.01119   0.04657   0.02578   0.03450   0.09198   0.02570   0.06853   0.03435   0.00983   0.00994   0.01679   0.06113   0.00010   0.07296   0.02774   0.04859   0.00318   0.04191   0.01403   0.00390   0.02656   0.01893   0.00780   0.00624   0.01331   0.02164   0.01410   0.02036   3.23358   0.56519  