

TREE # 1

  0  0.0000   7223.167857  x:  0.09451   0.09687   0.05231   0.09506   0.05927   0.09478   0.04395   0.03530   0.04434   0.09532   0.01102   0.93778   1.12446  
  1 99.0000   6541.963261  x:  0.39018   0.14113   0.28048   0.20121   0.31267   0.18658   0.43839   0.01388   0.09752   0.07263   0.24174   0.98140   1.10265  
  2 4789.3231   6521.892966  x:  0.40446   0.13569   0.28291   0.20703   0.31703   0.19070   0.43782   0.00000   0.09444   0.06517   0.22111   1.00074   1.09118  
  3 577.6309   6452.284105  x:  0.55481   0.07526   0.30639   0.26455   0.36078   0.22921   0.43461   0.05438   0.07473   0.01593   0.00000   1.21999   0.95635  
  4 2045.4020   6384.081862  x:  0.67068   0.00000   0.29025   0.30924   0.36203   0.25439   0.35655   0.07497   0.04362   0.02347   0.00781   1.46584   0.80238  
  5 860.5445   6384.081862  x:  0.67068   0.00000   0.29025   0.30924   0.36203   0.25439   0.35655   0.07497   0.04362   0.02347   0.00781   1.46584   0.80238  
  6 1994.0109   6345.456968  x:  0.67018   0.02087   0.29293   0.30647   0.36056   0.25019   0.36165   0.06235   0.06969   0.06170   0.08388   1.47360   0.79281  
  7 1628.5463   6319.287806  x:  0.66701   0.05761   0.29806   0.29575   0.35574   0.23652   0.37051   0.00000   0.09522   0.06692   0.07449   1.49984   0.75989  
  8 496.0918   6297.801883  x:  0.65332   0.15021   0.31055   0.25557   0.33960   0.18838   0.39820   0.03008   0.14609   0.06698   0.04701   1.60047   0.63236  
  9 425.8930   6264.256308  x:  0.62901   0.17086   0.31128   0.21056   0.33209   0.15385   0.41046   0.02379   0.09379   0.03470   0.07153   1.75766   0.42610  
 10 515.5652   6256.451009  x:  0.62262   0.16279   0.31174   0.20608   0.33536   0.15649   0.41110   0.02278   0.08034   0.06404   0.06204   1.81427   0.36128  
 11 650.1409   6249.693792  x:  0.62273   0.13418   0.31779   0.22957   0.35307   0.18564   0.41097   0.02269   0.11416   0.05454   0.06187   1.90384   0.32013  
 12 218.5287   6219.852553  x:  0.66906   0.07834   0.37790   0.33139   0.42664   0.15616   0.46877   0.01668   0.09810   0.06527   0.06328   2.63316   0.42357  
 13 198.1486   6211.794265  x:  0.68285   0.05749   0.31671   0.26683   0.38044   0.19483   0.43423   0.01480   0.11520   0.06921   0.06214   2.82778   0.47162  
 14 153.3382   6211.167498  x:  0.68477   0.07268   0.31486   0.27265   0.37100   0.21341   0.42196   0.01571   0.10806   0.06839   0.06258   2.84516   0.47514  
 15 52.1737   6211.043548  x:  0.68300   0.07266   0.31669   0.27836   0.36361   0.20887   0.40889   0.01575   0.10906   0.06850   0.06263   2.84893   0.47523  
 16 16.0355   6211.023905  x:  0.68032   0.07383   0.31747   0.27651   0.36817   0.20857   0.40435   0.01582   0.10907   0.06848   0.06263   2.85000   0.47584  
 17  2.8505   6210.689946  x:  0.64507   0.07288   0.31676   0.27794   0.36324   0.21105   0.41093   0.01493   0.10690   0.06817   0.06299   2.87099   0.47880  
 18  0.9583   6207.280897  x:  0.66769   0.07114   0.28980   0.27852   0.37257   0.19425   0.40886   0.00699   0.08457   0.06249   0.06733   3.06806   0.45719  
 19  8.5431   6206.810702  x:  0.67410   0.06570   0.31388   0.26491   0.36614   0.19851   0.40824   0.00571   0.08150   0.06175   0.06821   3.09666   0.45529  
 20 35.3211   6206.241365  x:  0.68067   0.06862   0.31940   0.26543   0.36984   0.19431   0.41182   0.00497   0.09218   0.05980   0.06332   3.19736   0.44814  
 21  0.0789   6206.073882  x:  0.68241   0.06609   0.32061   0.27045   0.37235   0.19941   0.41227   0.00744   0.09062   0.05923   0.06247   3.25525   0.44492  
 22  0.0575   6206.050172  x:  0.67998   0.06725   0.31856   0.26858   0.37083   0.19954   0.41176   0.00717   0.08916   0.05971   0.06170   3.28176   0.44567  
 23  0.0262   6206.049283  x:  0.67996   0.06680   0.31887   0.26857   0.37081   0.19886   0.41177   0.00723   0.08918   0.05981   0.06158   3.28303   0.44627  
 24  0.0013   6206.049169  x:  0.68007   0.06690   0.31888   0.26862   0.37088   0.19888   0.41186   0.00725   0.08913   0.05972   0.06151   3.28332   0.44653  
 25  0.0003   6206.049153  x:  0.68007   0.06683   0.31884   0.26860   0.37083   0.19892   0.41181   0.00725   0.08913   0.05968   0.06149   3.28296   0.44653  
 26  0.0002   6206.049149  x:  0.68005   0.06685   0.31885   0.26860   0.37084   0.19890   0.41181   0.00726   0.08913   0.05969   0.06147   3.28267   0.44649  
 27  0.0002   6206.049149  x:  0.68005   0.06685   0.31886   0.26860   0.37085   0.19890   0.41181   0.00726   0.08913   0.05969   0.06147   3.28267   0.44649  
 28  0.0000   6206.049149  x:  0.68005   0.06685   0.31886   0.26860   0.37085   0.19890   0.41181   0.00726   0.08913   0.05969   0.06147   3.28267   0.44649  
 29  0.0000   6206.049149  x:  0.68005   0.06685   0.31886   0.26860   0.37085   0.19890   0.41181   0.00726   0.08913   0.05969   0.06147   3.28267   0.44649  