

TREE # 1

  0  0.0000   8841.909530  x:  0.08872   0.09339   0.08567   0.05887   0.02477   0.02126   0.08388   0.01232   0.01071   0.07389   0.01890   0.05470   0.01439   0.02258   0.07075   0.04758   0.09893   0.09206   0.10798   0.08884   0.09741   0.09258   0.07754   0.09529   0.05038   0.09963   0.01920   0.08526   0.09825   0.07958   0.08409   0.09696   0.09596   0.03481   0.01213   0.05373   0.09194   0.01669   0.09813   0.06186   0.08859   0.02988   0.05105   0.10219   0.07658   0.02635   0.02623   0.05122   0.10998   0.06260   0.08530   0.04276   0.06455   0.06851   0.01337   0.05612   0.09628   0.05126   0.09826   0.09156   0.09246   0.03268   0.05139   0.06923   0.08237   0.09362   0.02512   0.06226   0.04987   0.07363   0.05611   0.96072   1.01992  
  1 99.0000   8313.730062  x:  0.08947   0.12209   0.09062   0.07460   0.00726   0.00000   0.06332   0.00193   0.00907   0.05418   0.00613   0.04105   0.01271   0.00673   0.04984   0.02601   0.08093   0.07289   0.09367   0.07005   0.07662   0.07114   0.05846   0.07471   0.03131   0.08056   0.12967   0.10255   0.08161   0.05812   0.06314   0.07821   0.07586   0.01323   0.07055   0.04410   0.10236   0.01462   0.07953   0.04873   0.07533   0.02309   0.03273   0.08436   0.05749   0.03009   0.04303   0.04737   0.09511   0.04517   0.06739   0.02410   0.04308   0.04699   0.00402   0.04428   0.07795   0.03234   0.07886   0.07244   0.07463   0.01640   0.06852   0.05967   0.06609   0.07309   0.00849   0.04558   0.02836   0.05498   0.03452   0.97595   1.00855  
  2 4418.4593   8095.370972  x:  0.08906   0.13310   0.09286   0.07803   0.00026   0.00000   0.05101   0.02469   0.01043   0.04251   0.00845   0.03424   0.01395   0.00454   0.03716   0.01278   0.07034   0.06148   0.08556   0.05896   0.06398   0.05799   0.04721   0.06223   0.02049   0.06920   0.13571   0.10857   0.07182   0.04497   0.05040   0.06695   0.06373   0.00000   0.07090   0.03857   0.10667   0.01462   0.06842   0.04199   0.06801   0.02113   0.02233   0.07386   0.04627   0.03087   0.04529   0.04626   0.08652   0.03538   0.05695   0.01396   0.02999   0.03387   0.01419   0.03847   0.06714   0.02159   0.06728   0.06109   0.06423   0.00930   0.07299   0.05450   0.05698   0.06068   0.00366   0.03641   0.01518   0.04411   0.02128   0.98506   1.00179  
  3 6329.6952   7908.769775  x:  0.08860   0.14241   0.09483   0.08079   0.01352   0.00000   0.03921   0.03278   0.01086   0.03144   0.00948   0.02833   0.01454   0.00544   0.02500   0.00000   0.06033   0.05063   0.07799   0.04871   0.05184   0.04529   0.03659   0.05026   0.01070   0.05838   0.13716   0.11366   0.06257   0.03226   0.03814   0.05620   0.05213   0.00000   0.06878   0.03358   0.11043   0.01474   0.05783   0.03605   0.06127   0.01986   0.01285   0.06392   0.03569   0.03143   0.04664   0.04538   0.07846   0.02641   0.04713   0.00533   0.01731   0.02115   0.01721   0.03344   0.05691   0.01183   0.05625   0.05031   0.05445   0.00474   0.07651   0.04989   0.04851   0.04878   0.00441   0.02812   0.00246   0.03392   0.00849   0.99377   0.99533  
  4 24641.8538   7875.570099  x:  0.08850   0.14374   0.09510   0.08107   0.01275   0.00000   0.03700   0.03178   0.01071   0.02944   0.00930   0.02756   0.01438   0.00577   0.02273   0.00000   0.05853   0.04861   0.07664   0.04681   0.04953   0.04284   0.03470   0.04799   0.00947   0.05639   0.13635   0.11437   0.06091   0.02981   0.03581   0.05421   0.04995   0.00000   0.06781   0.03281   0.11100   0.01478   0.05586   0.03522   0.06015   0.01987   0.01152   0.06211   0.03382   0.03148   0.04667   0.04529   0.07703   0.02500   0.04539   0.00527   0.01486   0.01868   0.01639   0.03278   0.05505   0.01052   0.05421   0.04835   0.05271   0.00586   0.07693   0.04920   0.04706   0.04653   0.00516   0.02686   0.00000   0.03215   0.00602   0.99542   0.99412  
  5 16545.3701   7807.181084  x:  0.08824   0.14625   0.09560   0.08150   0.01075   0.00000   0.03183   0.02753   0.01056   0.02501   0.00911   0.02646   0.01415   0.00519   0.01745   0.00000   0.05448   0.04398   0.07367   0.04248   0.04402   0.03688   0.03055   0.04262   0.00879   0.05179   0.13335   0.11574   0.05717   0.02384   0.03026   0.04958   0.04483   0.00000   0.06505   0.03141   0.11212   0.01485   0.05124   0.03382   0.05780   0.02015   0.01000   0.05801   0.02973   0.03154   0.04654   0.04516   0.07381   0.02247   0.04157   0.00647   0.00889   0.01268   0.01402   0.03180   0.05083   0.00934   0.04951   0.04381   0.04877   0.00216   0.07760   0.04795   0.04397   0.04117   0.00276   0.02457   0.00000   0.02842   0.00000   0.99934   0.99126  
  6 26351.7431   7764.366824  x:  0.08806   0.14786   0.09585   0.08190   0.01105   0.00000   0.02726   0.02535   0.01156   0.02181   0.01032   0.02679   0.01508   0.00181   0.01301   0.00000   0.05115   0.04013   0.07143   0.03901   0.03884   0.03097   0.02761   0.03765   0.01297   0.04784   0.13215   0.11674   0.05421   0.01792   0.02507   0.04555   0.04021   0.00000   0.06384   0.03095   0.11290   0.01468   0.04711   0.03364   0.05632   0.02039   0.01248   0.05465   0.02690   0.03164   0.04668   0.04511   0.07124   0.02205   0.03875   0.00553   0.00294   0.00672   0.01485   0.03198   0.04737   0.01274   0.04546   0.04002   0.04568   0.00429   0.07810   0.04755   0.04188   0.03620   0.00000   0.02418   0.00000   0.02615   0.00000   1.00306   0.98860  
  7 10033.1273   7746.448241  x:  0.08799   0.14855   0.09596   0.08209   0.01102   0.00000   0.02527   0.02447   0.01204   0.02043   0.01089   0.02699   0.01552   0.00018   0.01108   0.00000   0.04970   0.03845   0.07046   0.03750   0.03655   0.02836   0.02634   0.03546   0.01501   0.04611   0.13174   0.11717   0.05292   0.01531   0.02279   0.04379   0.03818   0.00000   0.06339   0.03078   0.11323   0.01459   0.04530   0.03361   0.05570   0.02050   0.01372   0.05319   0.02569   0.03169   0.04676   0.04509   0.07013   0.02194   0.03754   0.00515   0.00031   0.00409   0.01533   0.03211   0.04586   0.01441   0.04369   0.03837   0.04433   0.00457   0.07832   0.04741   0.04100   0.03402   0.00012   0.02408   0.00000   0.02520   0.00000   1.00470   0.98743  
  8 105350.5893   7743.887211  x:  0.08798   0.14863   0.09597   0.08211   0.01100   0.00000   0.02504   0.02438   0.01210   0.02028   0.01096   0.02702   0.01558   0.00019   0.01086   0.00000   0.04954   0.03826   0.07035   0.03733   0.03629   0.02806   0.02620   0.03521   0.01527   0.04592   0.13171   0.11722   0.05278   0.01500   0.02253   0.04359   0.03795   0.00000   0.06335   0.03076   0.11326   0.01458   0.04509   0.03361   0.05563   0.02052   0.01388   0.05303   0.02555   0.03169   0.04678   0.04509   0.07000   0.02194   0.03741   0.00510   0.00000   0.00379   0.01540   0.03213   0.04569   0.01463   0.04349   0.03818   0.04418   0.00459   0.07835   0.04740   0.04090   0.03377   0.00012   0.02407   0.00000   0.02510   0.00000   1.00489   0.98729  
  9 77103.0907   7727.306760  x:  0.08795   0.14860   0.09588   0.08220   0.01179   0.00000   0.02334   0.02514   0.01087   0.02033   0.00956   0.02766   0.01489   0.00020   0.01057   0.00000   0.04853   0.03709   0.06991   0.03646   0.03355   0.02432   0.02617   0.03275   0.01546   0.04445   0.13204   0.11733   0.05203   0.01125   0.02002   0.04201   0.03590   0.00000   0.06374   0.03122   0.11333   0.01466   0.04334   0.03431   0.05572   0.02049   0.01449   0.05198   0.02560   0.03159   0.04689   0.04511   0.06922   0.02321   0.03706   0.00842   0.00000   0.00000   0.01695   0.03306   0.04460   0.01537   0.04180   0.03681   0.04346   0.00492   0.07835   0.04791   0.04087   0.03137   0.00013   0.02489   0.00000   0.02563   0.00000   1.00698   0.98582  
 10 3632.9651   7696.241656  x:  0.08791   0.14696   0.09530   0.08188   0.01147   0.00000   0.01987   0.02496   0.00855   0.02250   0.00676   0.02955   0.01239   0.00019   0.01222   0.00000   0.04701   0.03504   0.06966   0.03547   0.02612   0.01310   0.02798   0.02640   0.01315   0.04135   0.13159   0.11679   0.05118   0.00000   0.01371   0.03857   0.03098   0.00000   0.06447   0.03306   0.11288   0.01512   0.03930   0.03687   0.05700   0.02064   0.01445   0.05021   0.02755   0.03116   0.04673   0.04530   0.06795   0.02740   0.03763   0.00529   0.00000   0.00000   0.01799   0.03616   0.04273   0.01526   0.03793   0.03407   0.04278   0.00461   0.07763   0.05001   0.04209   0.02537   0.00013   0.02742   0.00000   0.02886   0.00000   1.01288   0.98166  
 11 4265.8955   7673.660692  x:  0.08792   0.14502   0.09468   0.08153   0.01141   0.00000   0.01726   0.02465   0.01187   0.02533   0.01154   0.03049   0.01327   0.00018   0.01461   0.00000   0.04615   0.03360   0.06983   0.03535   0.01824   0.00000   0.03057   0.02011   0.01013   0.03864   0.13198   0.11605   0.05092   0.00000   0.00795   0.03559   0.02640   0.00000   0.06578   0.03458   0.11226   0.01535   0.03555   0.03887   0.05853   0.02058   0.01308   0.04895   0.03011   0.03102   0.04661   0.04540   0.06702   0.03055   0.03881   0.00582   0.00000   0.00000   0.01734   0.03851   0.04144   0.01384   0.03438   0.03184   0.04273   0.00460   0.07685   0.05193   0.04370   0.01982   0.00013   0.02855   0.00000   0.03231   0.00000   1.01944   0.97695  
 12 4490.8959   7657.704533  x:  0.08817   0.14139   0.09396   0.08068   0.01141   0.00000   0.01730   0.02720   0.01129   0.03037   0.00692   0.02620   0.02496   0.00016   0.01949   0.00000   0.04698   0.03339   0.07146   0.03895   0.00120   0.00000   0.03718   0.01024   0.01715   0.03455   0.13139   0.11428   0.05258   0.00000   0.00750   0.03209   0.02007   0.00000   0.06695   0.03387   0.11072   0.01424   0.02971   0.03745   0.06086   0.02015   0.00978   0.04845   0.03513   0.03284   0.04645   0.04512   0.06629   0.02805   0.04228   0.00600   0.00000   0.00000   0.01249   0.03651   0.04126   0.01179   0.02946   0.03000   0.04460   0.00476   0.07545   0.05254   0.04665   0.01346   0.00019   0.02031   0.00000   0.03644   0.00000   1.03711   0.96349  
 13 947.6905   7650.485187  x:  0.08842   0.13861   0.09346   0.08008   0.01138   0.00000   0.01692   0.02850   0.00913   0.03439   0.00609   0.02293   0.03019   0.00015   0.02400   0.00000   0.04727   0.03282   0.07272   0.04224   0.00822   0.00000   0.04313   0.00231   0.02178   0.02980   0.13099   0.11292   0.05377   0.00000   0.00746   0.02833   0.01400   0.00000   0.06794   0.03287   0.10949   0.01390   0.02364   0.03568   0.06266   0.02038   0.00864   0.04749   0.03926   0.03411   0.04653   0.04494   0.06524   0.02509   0.04500   0.00613   0.00000   0.00000   0.00980   0.03436   0.04065   0.01108   0.02446   0.02789   0.04590   0.00488   0.07447   0.05264   0.04889   0.00740   0.00025   0.01367   0.00000   0.03954   0.00000   1.05656   0.94843  
 14 1028.5012   7642.176485  x:  0.08877   0.13580   0.09307   0.07955   0.01124   0.00000   0.01605   0.02847   0.00624   0.03896   0.00723   0.01983   0.03217   0.00014   0.03014   0.00000   0.04704   0.03156   0.07403   0.04644   0.01125   0.00000   0.05082   0.01272   0.02574   0.02264   0.13050   0.11152   0.05492   0.00000   0.00812   0.02280   0.00687   0.00000   0.06899   0.03097   0.10813   0.01410   0.01496   0.03260   0.06451   0.02141   0.00875   0.04554   0.04410   0.03524   0.04692   0.04482   0.06334   0.02008   0.04799   0.00622   0.00000   0.00000   0.00919   0.03102   0.03928   0.01071   0.01753   0.02460   0.04706   0.00498   0.07368   0.05199   0.05116   0.00210   0.00029   0.00915   0.00000   0.04260   0.00000   1.08789   0.92370  
 15 1420.4855   7632.352309  x:  0.08921   0.13331   0.09286   0.07914   0.01105   0.00000   0.01454   0.02767   0.00768   0.04385   0.00609   0.01737   0.03244   0.00013   0.03759   0.00000   0.04610   0.02940   0.07520   0.05136   0.01355   0.00000   0.06003   0.01730   0.02926   0.01354   0.12967   0.11027   0.05584   0.00000   0.00908   0.01574   0.00304   0.00000   0.06983   0.02813   0.10673   0.01425   0.00467   0.02831   0.06620   0.02312   0.00885   0.04240   0.04938   0.03627   0.04765   0.04478   0.06044   0.01344   0.05101   0.00639   0.00000   0.00000   0.01002   0.02673   0.03695   0.01035   0.00952   0.02007   0.04786   0.00505   0.07318   0.05043   0.05322   0.01338   0.00025   0.01041   0.00000   0.04527   0.00000   1.13250   0.88800  
 16 2487.1451   7620.212435  x:  0.08975   0.13197   0.09304   0.07910   0.01080   0.00000   0.01245   0.02645   0.00807   0.04854   0.00615   0.01659   0.03178   0.00013   0.04631   0.00000   0.04408   0.02601   0.07590   0.05705   0.01463   0.00000   0.07097   0.01935   0.03292   0.00545   0.12864   0.10955   0.05626   0.00000   0.01057   0.00852   0.01893   0.00000   0.07031   0.02415   0.10536   0.01384   0.00196   0.02293   0.06732   0.02615   0.00847   0.03765   0.05475   0.03718   0.04922   0.04486   0.05625   0.00712   0.05367   0.00653   0.00000   0.00000   0.01122   0.02198   0.03335   0.01058   0.00531   0.01442   0.04787   0.00514   0.07339   0.04738   0.05454   0.01464   0.00024   0.01325   0.00000   0.04665   0.00000   1.19676   0.83567  
 17 2736.1408   7590.077527  x:  0.09083   0.13216   0.09412   0.07979   0.01028   0.00000   0.00751   0.02411   0.00904   0.05546   0.00652   0.01584   0.02990   0.00011   0.06272   0.00000   0.03815   0.01763   0.07580   0.06767   0.01640   0.00000   0.09240   0.02283   0.03971   0.01141   0.12638   0.10960   0.05570   0.00000   0.01337   0.00113   0.02338   0.00000   0.07018   0.01562   0.10346   0.01257   0.02010   0.01305   0.06785   0.03195   0.00743   0.02637   0.06339   0.03876   0.05300   0.04517   0.04659   0.00664   0.05707   0.00675   0.00000   0.00000   0.01298   0.01429   0.02454   0.01096   0.01149   0.00381   0.04592   0.00531   0.07511   0.03950   0.05496   0.01965   0.00021   0.01424   0.00000   0.04590   0.00000   1.34464   0.71381  
 18 4402.8229   7560.554230  x:  0.09208   0.13472   0.09589   0.08125   0.00969   0.00000   0.00266   0.02163   0.00973   0.06147   0.00743   0.01567   0.02778   0.00009   0.08107   0.00000   0.03001   0.00765   0.07443   0.07945   0.01794   0.00000   0.11715   0.02608   0.04712   0.01355   0.12369   0.11118   0.05455   0.00000   0.01653   0.02292   0.02878   0.00000   0.06923   0.00736   0.10233   0.01079   0.03076   0.00684   0.06702   0.03676   0.00651   0.01290   0.07172   0.04031   0.05706   0.04576   0.03487   0.00837   0.05933   0.00694   0.00000   0.00000   0.01434   0.01042   0.01388   0.01080   0.01445   0.00647   0.04208   0.00543   0.07816   0.02957   0.05365   0.02441   0.00019   0.01424   0.00000   0.04204   0.00000   1.53465   0.55588  
 19 12242.8994   7521.950138  x:  0.09336   0.14308   0.09877   0.08425   0.00932   0.00000   0.01655   0.02120   0.01040   0.06179   0.00805   0.01519   0.02875   0.00006   0.09682   0.00000   0.02218   0.00927   0.07073   0.09053   0.02017   0.00000   0.14020   0.03050   0.05366   0.01585   0.12150   0.11517   0.05090   0.00000   0.02342   0.02521   0.03457   0.00000   0.06650   0.01367   0.10412   0.00939   0.03845   0.02978   0.06273   0.03749   0.00631   0.00998   0.07514   0.04149   0.06036   0.04683   0.02623   0.00675   0.05767   0.00708   0.00000   0.00000   0.01244   0.02158   0.01024   0.00761   0.01786   0.01507   0.03593   0.00558   0.08378   0.02052   0.04819   0.03043   0.00018   0.01009   0.00000   0.03019   0.00000   1.75669   0.36812  
 20 8190.6181   7503.403585  x:  0.09394   0.14918   0.09968   0.08615   0.00905   0.00000   0.01649   0.02183   0.00969   0.05780   0.00838   0.01729   0.03139   0.00005   0.10076   0.00000   0.02415   0.01706   0.06840   0.09368   0.02056   0.00000   0.14694   0.03083   0.05303   0.01658   0.12074   0.11808   0.04895   0.00000   0.02794   0.02480   0.03535   0.00000   0.06409   0.01579   0.10721   0.01233   0.03677   0.02277   0.05922   0.03282   0.00793   0.02586   0.07271   0.04087   0.05967   0.04727   0.03167   0.01459   0.05447   0.00703   0.00000   0.00000   0.00919   0.02102   0.02203   0.00800   0.01872   0.01708   0.03353   0.00554   0.08627   0.02846   0.04451   0.03012   0.00014   0.01457   0.00000   0.02192   0.00000   1.85769   0.28286  
 21 3636.9230   7499.651165  x:  0.09439   0.15009   0.09847   0.08648   0.00888   0.00000   0.01523   0.01998   0.01041   0.05513   0.00788   0.01965   0.03112   0.00005   0.10079   0.00000   0.02997   0.01757   0.06902   0.09364   0.01990   0.00000   0.14660   0.02960   0.04975   0.01991   0.12097   0.11864   0.05014   0.00000   0.03023   0.02488   0.03440   0.00000   0.06361   0.01806   0.10913   0.01053   0.03523   0.02069   0.05941   0.02869   0.00805   0.02331   0.07025   0.03908   0.05703   0.04752   0.03914   0.00695   0.05327   0.00700   0.00000   0.00000   0.01243   0.02276   0.02224   0.01132   0.02122   0.01825   0.03602   0.00544   0.08554   0.03301   0.04480   0.02862   0.00014   0.01478   0.00000   0.02303   0.00000   1.87942   0.27234  
 22 546.6994   7496.416169  x:  0.09533   0.15103   0.09599   0.08685   0.00871   0.00000   0.01474   0.01890   0.01040   0.04924   0.00826   0.01825   0.03195   0.00004   0.09921   0.00000   0.03825   0.01650   0.07092   0.09332   0.01963   0.00000   0.14400   0.02937   0.04689   0.02139   0.12165   0.11927   0.05324   0.00000   0.03675   0.02271   0.03580   0.00000   0.06291   0.01847   0.11231   0.01049   0.03071   0.02130   0.06034   0.02393   0.00933   0.01568   0.06473   0.03700   0.05278   0.04757   0.04892   0.01373   0.05164   0.00683   0.00000   0.00000   0.01385   0.02181   0.01944   0.01192   0.02335   0.01882   0.04134   0.00530   0.08374   0.03429   0.04561   0.02889   0.00014   0.01263   0.00000   0.02572   0.00000   1.90697   0.27000  
 23 466.2160   7491.373841  x:  0.09728   0.15032   0.09071   0.08682   0.00913   0.00000   0.01246   0.02175   0.00883   0.03705   0.01029   0.01870   0.03156   0.00004   0.09529   0.00000   0.04605   0.01296   0.07555   0.09191   0.01843   0.00000   0.13727   0.02691   0.04570   0.02355   0.12352   0.11951   0.06034   0.00000   0.04946   0.02328   0.03348   0.00000   0.06313   0.01611   0.11650   0.01761   0.02770   0.02745   0.06386   0.02602   0.01185   0.01959   0.05343   0.03642   0.04830   0.04753   0.05615   0.01198   0.04956   0.00685   0.00000   0.00000   0.01004   0.01977   0.01616   0.00952   0.02664   0.01807   0.05081   0.00526   0.07996   0.02956   0.04882   0.02561   0.00010   0.02252   0.00000   0.03274   0.00000   1.96150   0.28274  
 24 441.3450   7484.026304  x:  0.09940   0.14645   0.08502   0.08551   0.00959   0.00000   0.00984   0.02179   0.01819   0.02072   0.00687   0.02250   0.02406   0.00005   0.08944   0.00000   0.04773   0.01567   0.08163   0.08877   0.01745   0.00000   0.12565   0.02565   0.04294   0.02144   0.12438   0.11811   0.06960   0.00000   0.06639   0.02464   0.03213   0.00000   0.06423   0.01937   0.11810   0.01081   0.02741   0.02827   0.06861   0.03225   0.00799   0.02692   0.03751   0.03758   0.04798   0.04782   0.05439   0.01460   0.04847   0.00699   0.00000   0.00000   0.01287   0.02363   0.02303   0.01150   0.02745   0.01654   0.06082   0.00519   0.07662   0.02828   0.05467   0.02237   0.00011   0.01913   0.00000   0.04152   0.00000   2.04631   0.31359  
 25 723.7434   7479.683413  x:  0.09963   0.14390   0.08479   0.08437   0.00952   0.00000   0.01291   0.02102   0.00966   0.01599   0.01435   0.02222   0.02090   0.00005   0.08573   0.00000   0.04519   0.01926   0.08401   0.08598   0.01443   0.00000   0.11719   0.02260   0.03925   0.02109   0.12454   0.11664   0.07346   0.00000   0.07531   0.02489   0.03237   0.00000   0.06535   0.02207   0.11644   0.01028   0.02910   0.02511   0.07070   0.03199   0.01144   0.02752   0.03012   0.03703   0.05117   0.04797   0.05015   0.01410   0.04882   0.00666   0.00000   0.00000   0.01412   0.02605   0.02639   0.01302   0.02664   0.01847   0.06388   0.00508   0.07688   0.03499   0.05772   0.02512   0.00011   0.01558   0.00000   0.04464   0.00000   2.09819   0.33587  
 26 817.0550   7475.644726  x:  0.09785   0.14234   0.08988   0.08314   0.00923   0.00000   0.01830   0.02054   0.01358   0.02403   0.01016   0.02036   0.02752   0.00004   0.08052   0.00000   0.04042   0.02236   0.08376   0.08138   0.01598   0.00000   0.10556   0.02365   0.03376   0.02328   0.12335   0.11486   0.07387   0.00000   0.08163   0.02436   0.03245   0.00000   0.06574   0.02295   0.11190   0.01637   0.03100   0.02315   0.07070   0.02374   0.01363   0.02395   0.02874   0.03395   0.05448   0.04775   0.04713   0.01432   0.05013   0.00652   0.00000   0.00000   0.01377   0.02625   0.02689   0.01567   0.02441   0.02323   0.06204   0.00489   0.07953   0.04352   0.05832   0.02295   0.00008   0.02079   0.00000   0.04320   0.00000   2.14879   0.36113  
 27 487.3088   7473.167860  x:  0.09548   0.14223   0.09430   0.08292   0.00909   0.00000   0.01774   0.02033   0.01068   0.03352   0.01096   0.02409   0.03196   0.00003   0.07713   0.00000   0.04008   0.02243   0.08204   0.07755   0.01686   0.00000   0.09652   0.02447   0.03200   0.02496   0.12342   0.11420   0.07166   0.00000   0.08325   0.02444   0.03290   0.00000   0.06594   0.02094   0.10918   0.00897   0.03059   0.02608   0.06885   0.02073   0.01251   0.02636   0.03460   0.03386   0.05158   0.04725   0.05163   0.01517   0.05158   0.00631   0.00000   0.00000   0.01345   0.02409   0.02656   0.01657   0.02374   0.02356   0.05811   0.00484   0.08037   0.04369   0.05650   0.02376   0.00006   0.02274   0.00000   0.03971   0.00000   2.17543   0.37557  
 28 338.2786   7470.691387  x:  0.09211   0.14214   0.09841   0.08310   0.00913   0.00000   0.01503   0.01938   0.00978   0.04575   0.01162   0.02575   0.03195   0.00003   0.07383   0.00000   0.04297   0.02288   0.07920   0.07245   0.01671   0.00000   0.08446   0.02471   0.03192   0.02641   0.12425   0.11384   0.06725   0.00000   0.08296   0.02541   0.03454   0.00000   0.06633   0.02202   0.10757   0.01507   0.02969   0.02709   0.06594   0.02570   0.01179   0.02915   0.04565   0.03550   0.04708   0.04734   0.06125   0.01521   0.05392   0.00626   0.00000   0.00000   0.01564   0.02582   0.02764   0.01762   0.02480   0.02259   0.05186   0.00489   0.08007   0.04149   0.05332   0.02578   0.00007   0.01691   0.00000   0.03460   0.00000   2.20251   0.39054  
 29 378.6106   7469.038267  x:  0.09068   0.14182   0.09740   0.08345   0.00946   0.00000   0.01565   0.02127   0.01134   0.05156   0.01185   0.01842   0.02582   0.00004   0.07278   0.00000   0.04666   0.02397   0.07755   0.06934   0.01613   0.00000   0.07561   0.02419   0.03489   0.02636   0.12441   0.11405   0.06361   0.00000   0.08152   0.02630   0.03453   0.00000   0.06588   0.02519   0.10889   0.01243   0.02931   0.02516   0.06423   0.02637   0.01537   0.02885   0.05338   0.03596   0.04792   0.04778   0.06610   0.01433   0.05566   0.00651   0.00000   0.00000   0.01289   0.02703   0.02896   0.01511   0.02707   0.02204   0.04808   0.00503   0.07848   0.03978   0.05135   0.02509   0.00007   0.01797   0.00000   0.03217   0.00000   2.21488   0.39710  
 30 197.0470   7466.678035  x:  0.09112   0.14143   0.09018   0.08403   0.00977   0.00000   0.02122   0.02264   0.01185   0.05432   0.01289   0.02547   0.02032   0.00005   0.07183   0.00000   0.05272   0.02558   0.07627   0.06603   0.01586   0.00000   0.06080   0.02375   0.04250   0.02363   0.12463   0.11493   0.05852   0.00000   0.07822   0.02635   0.03329   0.00000   0.06442   0.02571   0.11351   0.01393   0.02903   0.02335   0.06369   0.02301   0.01179   0.02547   0.06263   0.03472   0.05487   0.04791   0.06672   0.01411   0.05796   0.00662   0.00000   0.00000   0.01109   0.02366   0.03119   0.01054   0.03007   0.02309   0.04550   0.00521   0.07559   0.03930   0.04989   0.02451   0.00008   0.01847   0.00000   0.03152   0.00000   2.22489   0.40119  
 31 131.6092   7461.705271  x:  0.09462   0.14194   0.07846   0.08446   0.00924   0.00000   0.02578   0.01859   0.00937   0.05208   0.01283   0.01860   0.02604   0.00002   0.07114   0.00000   0.06067   0.02435   0.07565   0.06164   0.01719   0.00000   0.03395   0.02466   0.04360   0.02090   0.12482   0.11643   0.05211   0.00000   0.06852   0.02676   0.03305   0.00000   0.06241   0.02066   0.11977   0.01362   0.03015   0.02500   0.06506   0.02551   0.00530   0.02725   0.07476   0.03445   0.05861   0.04738   0.06082   0.01479   0.06061   0.00618   0.00000   0.00000   0.01747   0.02310   0.03311   0.01291   0.03305   0.02462   0.04632   0.00508   0.07433   0.04309   0.05022   0.02499   0.00005   0.02107   0.00000   0.03502   0.00000   2.23465   0.40226  
 32 164.5882   7458.669789  x:  0.09617   0.14251   0.07579   0.08453   0.00916   0.00000   0.02671   0.01847   0.00987   0.05024   0.01148   0.01945   0.02851   0.00000   0.07123   0.00000   0.06305   0.02355   0.07569   0.06018   0.01763   0.00000   0.02404   0.02515   0.04171   0.02064   0.12480   0.11692   0.05033   0.00000   0.06428   0.02680   0.03341   0.00000   0.06186   0.01901   0.12144   0.01313   0.03041   0.02499   0.06574   0.02596   0.00950   0.02821   0.07909   0.03479   0.05847   0.04707   0.05777   0.01452   0.06140   0.00613   0.00000   0.00000   0.01758   0.02298   0.03317   0.01203   0.03335   0.02476   0.04736   0.00504   0.07471   0.04371   0.05059   0.02531   0.00005   0.01948   0.00000   0.03656   0.00000   2.23785   0.40227  
 33 464.8780   7458.669789  x:  0.09617   0.14251   0.07579   0.08453   0.00916   0.00000   0.02671   0.01847   0.00987   0.05024   0.01148   0.01945   0.02851   0.00000   0.07123   0.00000   0.06305   0.02355   0.07569   0.06018   0.01763   0.00000   0.02404   0.02515   0.04171   0.02064   0.12480   0.11692   0.05033   0.00000   0.06428   0.02680   0.03341   0.00000   0.06186   0.01901   0.12144   0.01313   0.03041   0.02499   0.06574   0.02596   0.00950   0.02821   0.07909   0.03479   0.05847   0.04707   0.05777   0.01452   0.06140   0.00613   0.00000   0.00000   0.01758   0.02298   0.03317   0.01203   0.03335   0.02476   0.04736   0.00504   0.07471   0.04371   0.05059   0.02531   0.00005   0.01948   0.00000   0.03656   0.00000   2.23785   0.40227  
 34 271.4868   7442.857123  x:  0.09615   0.14272   0.07589   0.08458   0.00898   0.00000   0.02643   0.01827   0.00987   0.04995   0.01138   0.01946   0.02841   0.00823   0.07094   0.00000   0.06281   0.02335   0.07552   0.05992   0.01734   0.00000   0.02384   0.02487   0.04143   0.02047   0.12485   0.11703   0.05014   0.00000   0.06397   0.02660   0.03314   0.00000   0.06184   0.01902   0.12150   0.01313   0.03019   0.02497   0.06559   0.02592   0.00939   0.02807   0.07880   0.03478   0.05844   0.04707   0.05764   0.01445   0.06115   0.00613   0.00000   0.00000   0.01740   0.02301   0.03299   0.01188   0.03312   0.02457   0.04714   0.00523   0.07481   0.04365   0.05040   0.02510   0.00937   0.01947   0.00000   0.03632   0.00000   2.23789   0.40219  
 35 18624.2821   7319.553302  x:  0.09524   0.15302   0.08125   0.08713   0.00000   0.00000   0.01220   0.00781   0.00990   0.03538   0.00647   0.02009   0.01973   0.00856   0.05477   0.00000   0.05057   0.01331   0.06681   0.04667   0.00279   0.00000   0.01380   0.01080   0.02713   0.01222   0.12774   0.12228   0.04050   0.00000   0.04789   0.01647   0.01953   0.00000   0.06066   0.01984   0.12443   0.01287   0.01893   0.02407   0.05805   0.02373   0.00382   0.02136   0.06429   0.03442   0.05676   0.04673   0.05081   0.01110   0.04858   0.00598   0.00000   0.00000   0.00842   0.02460   0.02353   0.00430   0.02132   0.01469   0.03627   0.01408   0.07949   0.04106   0.04085   0.01119   0.00926   0.01508   0.00000   0.02429   0.00000   2.23980   0.39839  
 36 2086.7825   7300.199321  x:  0.09505   0.15510   0.08232   0.08767   0.00230   0.00000   0.00934   0.00590   0.00992   0.03238   0.00577   0.02021   0.01806   0.00862   0.05141   0.00000   0.04806   0.01142   0.06504   0.04400   0.00014   0.00000   0.01190   0.00801   0.02420   0.01070   0.12833   0.12335   0.03856   0.00000   0.04455   0.01449   0.01678   0.00000   0.06042   0.01998   0.12503   0.01285   0.01667   0.02391   0.05652   0.02333   0.00319   0.02008   0.06129   0.03436   0.05643   0.04665   0.04943   0.01055   0.04600   0.00596   0.00000   0.00000   0.00686   0.02492   0.02165   0.00330   0.01896   0.01278   0.03406   0.01537   0.08042   0.04056   0.03891   0.00841   0.00925   0.01429   0.00000   0.02187   0.00000   2.24019   0.39761  
 37 22084.6153   7268.325080  x:  0.09458   0.16021   0.08494   0.08897   0.00682   0.00000   0.00239   0.00149   0.00997   0.02495   0.00431   0.02048   0.01403   0.00877   0.04306   0.00000   0.04185   0.00692   0.06067   0.03739   0.00279   0.00000   0.00739   0.00122   0.01696   0.00712   0.12978   0.12597   0.03379   0.00000   0.03626   0.00969   0.01001   0.00000   0.05982   0.02031   0.12649   0.01279   0.01113   0.02355   0.05275   0.02240   0.00214   0.01700   0.05385   0.03421   0.05563   0.04648   0.04603   0.00931   0.03962   0.00593   0.00000   0.00000   0.00329   0.02569   0.01708   0.00146   0.01320   0.00820   0.02861   0.01821   0.08271   0.03934   0.03414   0.00167   0.00921   0.01245   0.00000   0.01594   0.00000   2.24118   0.39571  
 38 25769.8295   7251.461779  x:  0.09431   0.16306   0.08635   0.08968   0.00733   0.00000   0.00026   0.00374   0.01002   0.02070   0.00472   0.02060   0.01223   0.00882   0.03815   0.00000   0.03832   0.00548   0.05822   0.03359   0.00300   0.00000   0.00586   0.00132   0.01294   0.00609   0.13059   0.12744   0.03122   0.00000   0.03139   0.00751   0.00652   0.00000   0.05947   0.02044   0.12731   0.01283   0.00828   0.02342   0.05066   0.02206   0.00378   0.01561   0.04951   0.03415   0.05522   0.04638   0.04416   0.00907   0.03600   0.00595   0.00000   0.00000   0.00363   0.02610   0.01478   0.00505   0.01033   0.00639   0.02560   0.01893   0.08394   0.03874   0.03151   0.00059   0.00920   0.01181   0.00000   0.01285   0.00000   2.24176   0.39465  
 39 6165.4504   7232.901483  x:  0.09390   0.16740   0.08849   0.09076   0.00829   0.00000   0.00258   0.00592   0.01010   0.01422   0.00524   0.02077   0.00950   0.00889   0.03064   0.00000   0.03293   0.00337   0.05447   0.02780   0.00342   0.00000   0.00361   0.00118   0.00681   0.00459   0.13183   0.12969   0.02729   0.00000   0.02394   0.00425   0.00131   0.00000   0.05894   0.02064   0.12856   0.01288   0.00398   0.02324   0.04746   0.02154   0.00571   0.01351   0.04289   0.03406   0.05460   0.04623   0.04130   0.00870   0.03046   0.00597   0.00000   0.00000   0.00394   0.02675   0.01129   0.00902   0.00595   0.00366   0.02101   0.02006   0.08583   0.03782   0.02749   0.00073   0.00919   0.01086   0.00000   0.00817   0.00000   2.24265   0.39302  
 40 27172.7127   7219.694574  x:  0.09352   0.17130   0.09037   0.09172   0.00909   0.00000   0.00154   0.00553   0.01014   0.00850   0.00570   0.02089   0.00769   0.00891   0.02368   0.00000   0.02817   0.00357   0.05111   0.02262   0.00379   0.00000   0.00392   0.00251   0.00199   0.00474   0.13294   0.13171   0.02400   0.00000   0.01705   0.00285   0.00279   0.00000   0.05845   0.02077   0.12968   0.01297   0.00122   0.02314   0.04464   0.02127   0.00608   0.01204   0.03681   0.03399   0.05410   0.04609   0.03879   0.00867   0.02552   0.00599   0.00000   0.00000   0.00441   0.02740   0.00870   0.00957   0.00302   0.00296   0.01707   0.02071   0.08749   0.03708   0.02400   0.00517   0.00917   0.01037   0.00000   0.00485   0.00000   2.24348   0.39155  
 41 6657.5441   7198.569659  x:  0.09296   0.17685   0.09295   0.09306   0.00937   0.00000   0.00204   0.00537   0.01018   0.00106   0.00666   0.02099   0.00676   0.00896   0.01335   0.00000   0.02155   0.00586   0.04635   0.01536   0.00387   0.00000   0.00625   0.00250   0.00173   0.00662   0.13454   0.13462   0.01986   0.00000   0.00689   0.00449   0.00346   0.00000   0.05773   0.02087   0.13124   0.01320   0.00353   0.02316   0.04073   0.02136   0.00634   0.01089   0.02792   0.03392   0.05354   0.04588   0.03532   0.00918   0.01860   0.00604   0.00000   0.00000   0.00581   0.02837   0.00645   0.00978   0.00351   0.00524   0.01198   0.02083   0.08978   0.03619   0.01931   0.00389   0.00917   0.01034   0.00000   0.00333   0.00000   2.24472   0.38942  
 42 4647.9701   7187.642072  x:  0.09261   0.18030   0.09453   0.09388   0.00957   0.00000   0.00218   0.00534   0.01021   0.00295   0.00716   0.02105   0.00679   0.00897   0.00683   0.00000   0.01761   0.00649   0.04344   0.01109   0.00394   0.00000   0.00687   0.00276   0.00276   0.00732   0.13554   0.13642   0.01751   0.00000   0.00063   0.00502   0.00377   0.00000   0.05728   0.02091   0.13223   0.01335   0.00328   0.02320   0.03836   0.02140   0.00646   0.01051   0.02236   0.03388   0.05319   0.04575   0.03323   0.00953   0.01450   0.00606   0.00000   0.00000   0.00635   0.02897   0.00585   0.00981   0.00381   0.00562   0.00928   0.02072   0.09119   0.03571   0.01661   0.00365   0.00917   0.01046   0.00000   0.00403   0.00000   2.24552   0.38809  
 43 5511.7577   7182.173352  x:  0.09229   0.18335   0.09584   0.09459   0.00966   0.00000   0.00221   0.00546   0.01022   0.00304   0.00739   0.02105   0.00791   0.00896   0.00110   0.00000   0.01474   0.00647   0.04104   0.00825   0.00397   0.00000   0.00673   0.00298   0.00282   0.00759   0.13641   0.13800   0.01610   0.00000   0.00259   0.00542   0.00389   0.00000   0.05687   0.02087   0.13310   0.01353   0.00262   0.02330   0.03645   0.02152   0.00648   0.01094   0.01746   0.03386   0.05293   0.04563   0.03157   0.00994   0.01162   0.00607   0.00000   0.00000   0.00647   0.02947   0.00699   0.00965   0.00455   0.00536   0.00838   0.02015   0.09237   0.03545   0.01486   0.00359   0.00919   0.01085   0.00000   0.00577   0.00000   2.24628   0.38689  
 44 2168.4906   7178.065548  x:  0.09165   0.18904   0.09806   0.09586   0.00956   0.00000   0.00205   0.00598   0.01018   0.00229   0.00724   0.02093   0.01088   0.00887   0.00274   0.00000   0.01211   0.00570   0.03721   0.00766   0.00395   0.00000   0.00531   0.00295   0.00220   0.00740   0.13804   0.14093   0.01581   0.00000   0.00155   0.00573   0.00383   0.00000   0.05608   0.02062   0.13475   0.01396   0.00308   0.02372   0.03356   0.02214   0.00638   0.01333   0.00893   0.03383   0.05265   0.04538   0.02919   0.01076   0.00977   0.00606   0.00000   0.00000   0.00603   0.03031   0.01054   0.00913   0.00481   0.00445   0.01153   0.01780   0.09441   0.03549   0.01396   0.00402   0.00924   0.01207   0.00000   0.00635   0.00000   2.24789   0.38454  
 45 890.4570   7176.584725  x:  0.09124   0.19256   0.09935   0.09661   0.00946   0.00000   0.00205   0.00592   0.01016   0.00256   0.00710   0.02086   0.01068   0.00883   0.00236   0.00000   0.01215   0.00599   0.03531   0.00885   0.00392   0.00000   0.00569   0.00289   0.00355   0.00730   0.13904   0.14272   0.01623   0.00000   0.00204   0.00532   0.00381   0.00000   0.05560   0.02044   0.13577   0.01418   0.00290   0.02397   0.03220   0.02248   0.00641   0.01407   0.00572   0.03375   0.05251   0.04523   0.02812   0.01084   0.01047   0.00605   0.00000   0.00000   0.00601   0.03071   0.01035   0.00915   0.00389   0.00506   0.01268   0.01631   0.09560   0.03564   0.01423   0.00402   0.00927   0.01231   0.00000   0.00463   0.00000   2.24897   0.38303  
 46 823.7975   7175.095512  x:  0.09067   0.19738   0.10102   0.09762   0.00929   0.00000   0.00219   0.00572   0.01015   0.00313   0.00701   0.02076   0.00995   0.00881   0.00164   0.00000   0.01293   0.00638   0.03311   0.01034   0.00386   0.00000   0.00633   0.00285   0.00188   0.00729   0.14041   0.14516   0.01704   0.00000   0.00194   0.00521   0.00384   0.00000   0.05494   0.02019   0.13716   0.01444   0.00302   0.02430   0.03067   0.02295   0.00642   0.01470   0.00458   0.03361   0.05238   0.04503   0.02698   0.01080   0.01180   0.00605   0.00000   0.00000   0.00611   0.03117   0.00953   0.00918   0.00450   0.00547   0.01355   0.01432   0.09717   0.03592   0.01490   0.00349   0.00930   0.01241   0.00000   0.00484   0.00000   2.25051   0.38090  
 47 888.2990   7172.790056  x:  0.08948   0.20760   0.10453   0.09973   0.00915   0.00000   0.00210   0.00549   0.01014   0.00218   0.00693   0.02060   0.00874   0.00877   0.00156   0.00000   0.01410   0.00607   0.02889   0.01179   0.00384   0.00000   0.00632   0.00314   0.00301   0.00700   0.14330   0.15033   0.01826   0.00000   0.00159   0.00498   0.00382   0.00000   0.05356   0.01970   0.14011   0.01492   0.00225   0.02492   0.02776   0.02374   0.00646   0.01549   0.00609   0.03328   0.05209   0.04463   0.02485   0.01063   0.01338   0.00605   0.00000   0.00000   0.00614   0.03205   0.00822   0.00925   0.00528   0.00456   0.01428   0.01074   0.10045   0.03641   0.01587   0.00383   0.00935   0.01239   0.00000   0.00697   0.00000   2.25385   0.37632  
 48 1447.9145   7171.180260  x:  0.08839   0.21680   0.10752   0.10157   0.00919   0.00000   0.00211   0.00588   0.01015   0.00327   0.00717   0.02053   0.00864   0.00877   0.00286   0.00000   0.01457   0.00581   0.02637   0.01124   0.00386   0.00000   0.00606   0.00286   0.00272   0.00725   0.14588   0.15494   0.01873   0.00000   0.00272   0.00553   0.00409   0.00000   0.05237   0.01935   0.14272   0.01523   0.00407   0.02535   0.02608   0.02418   0.00646   0.01526   0.00871   0.03301   0.05191   0.04431   0.02371   0.01050   0.01333   0.00606   0.00000   0.00000   0.00626   0.03265   0.00826   0.00924   0.00431   0.00496   0.01353   0.00914   0.10328   0.03675   0.01614   0.00404   0.00935   0.01217   0.00000   0.00625   0.00000   2.25704   0.37205  
 49 1191.6821   7169.520478  x:  0.08716   0.22698   0.11026   0.10339   0.00944   0.00000   0.00231   0.00652   0.01016   0.00330   0.00725   0.02050   0.01047   0.00879   0.00266   0.00000   0.01613   0.00619   0.02712   0.01110   0.00397   0.00000   0.00625   0.00326   0.00258   0.00775   0.14869   0.15991   0.01959   0.00000   0.00241   0.00576   0.00421   0.00000   0.05116   0.01903   0.14556   0.01534   0.00233   0.02566   0.02686   0.02385   0.00624   0.01455   0.01054   0.03287   0.05188   0.04406   0.02471   0.01057   0.01369   0.00607   0.00000   0.00000   0.00617   0.03280   0.01081   0.00890   0.00528   0.00603   0.01318   0.01028   0.10596   0.03730   0.01702   0.00345   0.00932   0.01213   0.00000   0.00448   0.00000   2.26113   0.36690  
 50 721.1639   7167.808347  x:  0.08571   0.23901   0.11292   0.10530   0.00981   0.00000   0.00213   0.00687   0.01018   0.00305   0.00725   0.02052   0.01140   0.00882   0.00175   0.00000   0.01801   0.00652   0.03065   0.01166   0.00412   0.00000   0.00664   0.00298   0.00275   0.00776   0.15194   0.16563   0.02050   0.00000   0.00195   0.00484   0.00374   0.00000   0.04989   0.01878   0.14881   0.01525   0.00397   0.02584   0.02969   0.02316   0.00643   0.01355   0.01020   0.03292   0.05212   0.04387   0.02738   0.01071   0.01447   0.00606   0.00000   0.00000   0.00636   0.03247   0.01213   0.00910   0.00391   0.00573   0.01327   0.01289   0.10867   0.03796   0.01814   0.00430   0.00928   0.01218   0.00000   0.00593   0.00000   2.26660   0.36036  
 51 979.2101   7166.823903  x:  0.08484   0.24659   0.11407   0.10629   0.01001   0.00000   0.00233   0.00653   0.01019   0.00330   0.00738   0.02059   0.01029   0.00884   0.00313   0.00000   0.01801   0.00635   0.03381   0.01148   0.00419   0.00000   0.00662   0.00318   0.00303   0.00760   0.15391   0.16908   0.02053   0.00000   0.00268   0.00538   0.00462   0.00000   0.04925   0.01879   0.15074   0.01495   0.00397   0.02568   0.03210   0.02249   0.00680   0.01326   0.00883   0.03310   0.05236   0.04385   0.02944   0.01079   0.01425   0.00607   0.00000   0.00000   0.00670   0.03190   0.01057   0.00978   0.00535   0.00493   0.01303   0.01419   0.10995   0.03820   0.01815   0.00414   0.00926   0.01225   0.00000   0.00620   0.00000   2.27066   0.35582  
 52 807.9870   7166.384079  x:  0.08452   0.24990   0.11373   0.10637   0.00991   0.00000   0.00227   0.00627   0.01017   0.00330   0.00747   0.02061   0.00999   0.00880   0.00317   0.00000   0.01703   0.00623   0.03572   0.01144   0.00416   0.00000   0.00622   0.00333   0.00288   0.00789   0.15463   0.17032   0.02037   0.00000   0.00271   0.00644   0.00415   0.00000   0.04922   0.01895   0.15139   0.01460   0.00330   0.02537   0.03355   0.02240   0.00667   0.01460   0.00906   0.03334   0.05263   0.04397   0.03049   0.01096   0.01387   0.00608   0.00000   0.00000   0.00656   0.03126   0.00960   0.00971   0.00466   0.00604   0.01379   0.01318   0.10983   0.03820   0.01781   0.00412   0.00929   0.01265   0.00000   0.00655   0.00000   2.27348   0.35319  
 53 330.5864   7166.007878  x:  0.08435   0.25263   0.11261   0.10609   0.00973   0.00000   0.00226   0.00640   0.01015   0.00335   0.00743   0.02062   0.01007   0.00876   0.00250   0.00000   0.01582   0.00634   0.03732   0.01153   0.00409   0.00000   0.00630   0.00299   0.00287   0.00787   0.15507   0.17106   0.01997   0.00000   0.00255   0.00576   0.00432   0.00000   0.04944   0.01918   0.15173   0.01417   0.00366   0.02493   0.03477   0.02274   0.00653   0.01589   0.00980   0.03360   0.05302   0.04416   0.03122   0.01100   0.01365   0.00608   0.00000   0.00000   0.00640   0.03047   0.00942   0.00961   0.00502   0.00530   0.01456   0.01130   0.10908   0.03809   0.01740   0.00411   0.00933   0.01290   0.00000   0.00571   0.00000   2.27691   0.35039  
 54 328.3406   7165.723683  x:  0.08441   0.25467   0.11067   0.10543   0.00967   0.00000   0.00237   0.00608   0.01017   0.00332   0.00726   0.02062   0.01000   0.00876   0.00291   0.00000   0.01526   0.00662   0.03780   0.01155   0.00407   0.00000   0.00695   0.00374   0.00280   0.00748   0.15518   0.17118   0.01955   0.00000   0.00262   0.00496   0.00435   0.00000   0.04991   0.01942   0.15168   0.01381   0.00348   0.02445   0.03514   0.02337   0.00655   0.01544   0.00975   0.03379   0.05342   0.04440   0.03115   0.01071   0.01380   0.00607   0.00000   0.00000   0.00661   0.02978   0.01001   0.00936   0.00466   0.00544   0.01413   0.01015   0.10764   0.03785   0.01706   0.00351   0.00933   0.01248   0.00000   0.00601   0.00000   2.28119   0.34739  
 55 218.0774   7165.179944  x:  0.08469   0.25827   0.10628   0.10386   0.00953   0.00000   0.00214   0.00612   0.01020   0.00328   0.00722   0.02061   0.00999   0.00879   0.00307   0.00000   0.01514   0.00661   0.03793   0.01194   0.00400   0.00000   0.00689   0.00263   0.00284   0.00723   0.15515   0.17101   0.01929   0.00000   0.00260   0.00565   0.00389   0.00000   0.05094   0.01981   0.15130   0.01328   0.00318   0.02365   0.03528   0.02467   0.00684   0.01403   0.00929   0.03406   0.05423   0.04487   0.03056   0.01032   0.01447   0.00608   0.00000   0.00000   0.00685   0.02866   0.01081   0.00944   0.00501   0.00575   0.01326   0.00911   0.10438   0.03739   0.01681   0.00429   0.00932   0.01175   0.00000   0.00615   0.00000   2.29051   0.34128  
 56 516.5060   7164.625800  x:  0.08516   0.26187   0.10136   0.10211   0.00968   0.00000   0.00228   0.00621   0.01020   0.00320   0.00731   0.02059   0.01020   0.00880   0.00253   0.00000   0.01568   0.00597   0.03737   0.01229   0.00407   0.00000   0.00568   0.00360   0.00288   0.00770   0.15497   0.17054   0.01941   0.00000   0.00244   0.00650   0.00442   0.00000   0.05204   0.02007   0.15070   0.01297   0.00359   0.02313   0.03498   0.02577   0.00672   0.01342   0.00911   0.03422   0.05502   0.04531   0.02972   0.01042   0.01493   0.00608   0.00000   0.00000   0.00624   0.02795   0.01066   0.00941   0.00483   0.00530   0.01323   0.00976   0.10073   0.03701   0.01699   0.00397   0.00930   0.01176   0.00000   0.00592   0.00000   2.30137   0.33461  
 57 746.4160   7163.997570  x:  0.08595   0.26566   0.09590   0.10018   0.00985   0.00000   0.00235   0.00667   0.01017   0.00329   0.00759   0.02060   0.01046   0.00880   0.00295   0.00000   0.01636   0.00638   0.03601   0.01162   0.00411   0.00000   0.00662   0.00297   0.00285   0.00835   0.15460   0.16968   0.01957   0.00000   0.00264   0.00565   0.00445   0.00000   0.05314   0.02011   0.14986   0.01306   0.00317   0.02315   0.03420   0.02613   0.00640   0.01438   0.00936   0.03419   0.05568   0.04567   0.02883   0.01112   0.01425   0.00609   0.00000   0.00000   0.00626   0.02811   0.00966   0.00954   0.00469   0.00532   0.01397   0.01205   0.09675   0.03678   0.01741   0.00386   0.00929   0.01275   0.00000   0.00619   0.00000   2.31498   0.32707  
 58 704.4063   7163.787910  x:  0.08642   0.26654   0.09453   0.09972   0.00992   0.00000   0.00216   0.00623   0.01018   0.00334   0.00736   0.02062   0.01012   0.00879   0.00285   0.00000   0.01651   0.00638   0.03559   0.01138   0.00413   0.00000   0.00650   0.00342   0.00290   0.00754   0.15437   0.16917   0.01979   0.00000   0.00264   0.00547   0.00383   0.00000   0.05331   0.01996   0.14946   0.01335   0.00354   0.02361   0.03401   0.02554   0.00653   0.01495   0.00948   0.03404   0.05568   0.04565   0.02900   0.01106   0.01384   0.00609   0.00000   0.00000   0.00672   0.02884   0.00977   0.00946   0.00520   0.00568   0.01413   0.01249   0.09583   0.03693   0.01766   0.00425   0.00930   0.01285   0.00000   0.00595   0.00000   2.32040   0.32489  
 59 349.5794   7163.480984  x:  0.08736   0.26734   0.09317   0.09932   0.00985   0.00000   0.00237   0.00614   0.01019   0.00327   0.00709   0.02066   0.00963   0.00877   0.00263   0.00000   0.01656   0.00636   0.03518   0.01131   0.00409   0.00000   0.00631   0.00300   0.00288   0.00667   0.15389   0.16814   0.02024   0.00000   0.00249   0.00579   0.00473   0.00000   0.05330   0.01958   0.14878   0.01396   0.00348   0.02466   0.03386   0.02391   0.00705   0.01553   0.00953   0.03369   0.05535   0.04548   0.02977   0.01067   0.01342   0.00608   0.00000   0.00000   0.00715   0.03046   0.01035   0.00974   0.00478   0.00569   0.01406   0.01228   0.09506   0.03738   0.01800   0.00390   0.00932   0.01258   0.00000   0.00599   0.00000   2.32958   0.32217  
 60 433.0738   7162.979094  x:  0.08913   0.26805   0.09198   0.09906   0.00978   0.00000   0.00226   0.00614   0.01022   0.00328   0.00724   0.02073   0.00954   0.00876   0.00278   0.00000   0.01626   0.00635   0.03485   0.01152   0.00407   0.00000   0.00676   0.00322   0.00285   0.00826   0.15301   0.16624   0.02059   0.00000   0.00254   0.00597   0.00413   0.00000   0.05299   0.01903   0.14760   0.01492   0.00353   0.02634   0.03367   0.02109   0.00700   0.01534   0.00923   0.03311   0.05447   0.04507   0.03117   0.01020   0.01327   0.00609   0.00000   0.00000   0.00631   0.03302   0.01052   0.00958   0.00470   0.00500   0.01338   0.01123   0.09469   0.03818   0.01814   0.00400   0.00933   0.01190   0.00000   0.00597   0.00000   2.34598   0.31852  
 61 595.9016   7162.480346  x:  0.09092   0.26813   0.09211   0.09930   0.00979   0.00000   0.00228   0.00678   0.01020   0.00321   0.00768   0.02074   0.01060   0.00878   0.00289   0.00000   0.01579   0.00605   0.03500   0.01179   0.00409   0.00000   0.00582   0.00306   0.00289   0.00808   0.15212   0.16429   0.02017   0.00000   0.00257   0.00484   0.00451   0.00000   0.05249   0.01891   0.14656   0.01544   0.00368   0.02718   0.03336   0.01989   0.00622   0.01421   0.00914   0.03286   0.05336   0.04465   0.03189   0.01080   0.01395   0.00610   0.00000   0.00000   0.00610   0.03424   0.00956   0.00945   0.00513   0.00610   0.01320   0.01054   0.09540   0.03870   0.01765   0.00407   0.00931   0.01209   0.00000   0.00624   0.00000   2.36372   0.31607  
 62 545.7898   7161.275812  x:  0.09500   0.26754   0.09407   0.10046   0.00982   0.00000   0.00221   0.00686   0.01013   0.00330   0.00774   0.02066   0.01207   0.00881   0.00280   0.00000   0.01511   0.00665   0.03581   0.01201   0.00411   0.00000   0.00680   0.00337   0.00278   0.00646   0.15007   0.15978   0.01915   0.00000   0.00263   0.00651   0.00403   0.00000   0.05120   0.01930   0.14434   0.01594   0.00348   0.02768   0.03247   0.02011   0.00552   0.01251   0.00958   0.03288   0.05071   0.04382   0.03220   0.01233   0.01552   0.00609   0.00000   0.00000   0.00721   0.03478   0.00867   0.00898   0.00459   0.00482   0.01413   0.01046   0.09838   0.03940   0.01618   0.00389   0.00926   0.01346   0.00000   0.00595   0.00000   2.40854   0.31198  
 63 1031.3350   7158.528705  x:  0.10351   0.26540   0.09997   0.10357   0.00968   0.00000   0.00231   0.00502   0.01013   0.00343   0.00658   0.02049   0.00987   0.00884   0.00271   0.00000   0.01498   0.00592   0.03783   0.01205   0.00401   0.00000   0.00671   0.00307   0.00286   0.00851   0.14565   0.15000   0.01719   0.00000   0.00263   0.00588   0.00441   0.00000   0.04863   0.02072   0.13991   0.01599   0.00355   0.02675   0.03083   0.02366   0.00875   0.01316   0.01035   0.03372   0.04572   0.04236   0.03114   0.01234   0.01682   0.00607   0.00000   0.00000   0.00658   0.03294   0.01067   0.01003   0.00494   0.00570   0.01564   0.01204   0.10621   0.04005   0.01439   0.00398   0.00923   0.01443   0.00000   0.00599   0.00000   2.51586   0.30500  
 64 2165.1364   7156.292652  x:  0.10835   0.26316   0.10460   0.10582   0.01005   0.00000   0.00229   0.00750   0.01023   0.00337   0.00809   0.02050   0.00884   0.00878   0.00294   0.00000   0.01652   0.00808   0.03860   0.01151   0.00420   0.00000   0.00580   0.00329   0.00293   0.00750   0.14287   0.14390   0.01865   0.00000   0.00267   0.00595   0.00425   0.00000   0.04780   0.02133   0.13750   0.01515   0.00351   0.02482   0.03121   0.02582   0.00656   0.01594   0.00946   0.03445   0.04483   0.04206   0.02966   0.00948   0.01480   0.00612   0.00000   0.00000   0.00563   0.02992   0.01068   0.00893   0.00502   0.00553   0.01419   0.01231   0.11191   0.03970   0.01670   0.00412   0.00931   0.01201   0.00000   0.00625   0.00000   2.60388   0.30243  
 65 2215.5756   7154.669851  x:  0.10977   0.26138   0.10714   0.10694   0.00998   0.00000   0.00228   0.00693   0.01026   0.00321   0.00776   0.02060   0.01055   0.00872   0.00278   0.00000   0.01757   0.00488   0.03804   0.01140   0.00417   0.00000   0.00700   0.00320   0.00292   0.00794   0.14175   0.14156   0.02067   0.00000   0.00251   0.00580   0.00442   0.00000   0.04835   0.02102   0.13691   0.01432   0.00350   0.02352   0.03260   0.02607   0.00561   0.01689   0.00891   0.03462   0.04684   0.04254   0.02893   0.00949   0.01281   0.00609   0.00000   0.00000   0.00758   0.02801   0.00987   0.00928   0.00489   0.00554   0.01290   0.01151   0.11479   0.03889   0.01904   0.00402   0.00936   0.01086   0.00000   0.00605   0.00000   2.66517   0.30318  
 66 2176.6242   7151.791126  x:  0.10897   0.25791   0.11049   0.10817   0.00951   0.00000   0.00228   0.00450   0.01016   0.00322   0.00599   0.02087   0.01207   0.00871   0.00292   0.00000   0.01769   0.00790   0.03505   0.01105   0.00394   0.00000   0.00545   0.00303   0.00283   0.00812   0.14122   0.14080   0.02340   0.00000   0.00254   0.00531   0.00420   0.00000   0.05114   0.01936   0.13776   0.01279   0.00324   0.02203   0.03602   0.02451   0.00772   0.01537   0.00881   0.03422   0.05411   0.04445   0.02843   0.01281   0.01053   0.00603   0.00000   0.00000   0.00676   0.02614   0.00908   0.01055   0.00465   0.00514   0.01174   0.01002   0.11808   0.03653   0.02162   0.00391   0.00934   0.01229   0.00000   0.00594   0.00000   2.78251   0.30892  
 67 2481.7555   7147.674302  x:  0.10466   0.25324   0.11351   0.10889   0.00971   0.00000   0.00230   0.00657   0.01006   0.00323   0.00799   0.02104   0.00869   0.00880   0.00259   0.00000   0.01492   0.00576   0.03108   0.01018   0.00403   0.00000   0.00765   0.00325   0.00291   0.00661   0.14197   0.14316   0.02364   0.00000   0.00243   0.00574   0.00434   0.00000   0.05577   0.01705   0.14058   0.01147   0.00345   0.02179   0.03953   0.02236   0.00805   0.01332   0.00926   0.03338   0.06442   0.04737   0.02872   0.01324   0.01265   0.00611   0.00000   0.00000   0.00394   0.02631   0.01071   0.00932   0.00506   0.00599   0.01393   0.01100   0.12028   0.03340   0.02125   0.00416   0.00927   0.01429   0.00000   0.00599   0.00000   2.94554   0.32046  
 68 3894.6800   7144.944079  x:  0.09991   0.24983   0.11482   0.10886   0.00994   0.00000   0.00222   0.00728   0.01010   0.00334   0.00853   0.02095   0.00720   0.00885   0.00259   0.00000   0.01358   0.00652   0.02931   0.01069   0.00414   0.00000   0.00564   0.00310   0.00288   0.00901   0.14328   0.14651   0.02161   0.00000   0.00254   0.00539   0.00424   0.00000   0.05895   0.01603   0.14337   0.01133   0.00307   0.02267   0.04048   0.02184   0.00681   0.01327   0.00955   0.03287   0.07064   0.04917   0.02925   0.01098   0.01504   0.00613   0.00000   0.00000   0.00851   0.02779   0.01142   0.00777   0.00489   0.00546   0.01545   0.01249   0.12056   0.03208   0.01901   0.00374   0.00922   0.01418   0.00000   0.00604   0.00000   3.06812   0.33073  
 69 5659.2869   7141.246985  x:  0.09204   0.24593   0.11472   0.10788   0.01011   0.00000   0.00235   0.00631   0.01028   0.00337   0.00657   0.02055   0.01100   0.00881   0.00280   0.00000   0.01544   0.00711   0.03036   0.01168   0.00419   0.00000   0.00617   0.00318   0.00293   0.00816   0.14596   0.15281   0.01698   0.00000   0.00263   0.00607   0.00438   0.00000   0.06154   0.01652   0.14755   0.01252   0.00314   0.02497   0.03824   0.02360   0.00661   0.01591   0.00968   0.03271   0.07425   0.05011   0.03006   0.00689   0.01639   0.00599   0.00000   0.00000   0.00701   0.03110   0.00962   0.01003   0.00501   0.00559   0.01512   0.01379   0.11847   0.03320   0.01467   0.00406   0.00925   0.01145   0.00000   0.00622   0.00000   3.21531   0.34544  
 70 3977.5679   7138.130479  x:  0.08315   0.24245   0.11287   0.10601   0.00984   0.00000   0.00225   0.00628   0.01026   0.00323   0.00835   0.02010   0.00934   0.00873   0.00296   0.00000   0.01819   0.00664   0.03492   0.01224   0.00407   0.00000   0.00593   0.00307   0.00286   0.00783   0.14943   0.16042   0.01532   0.00000   0.00257   0.00599   0.00419   0.00000   0.06166   0.01840   0.15184   0.01375   0.00298   0.02689   0.03317   0.02635   0.00570   0.01777   0.00910   0.03312   0.07201   0.04908   0.03065   0.01292   0.01512   0.00615   0.00000   0.00000   0.00670   0.03405   0.01069   0.00964   0.00478   0.00518   0.01254   0.01280   0.11390   0.03725   0.01414   0.00393   0.00934   0.00949   0.00000   0.00607   0.00000   3.35180   0.36127  
 71 3207.9177   7135.638079  x:  0.07603   0.24025   0.11028   0.10398   0.00974   0.00000   0.00218   0.00733   0.01007   0.00317   0.00711   0.02016   0.00900   0.00875   0.00288   0.00000   0.01755   0.00612   0.03885   0.01120   0.00403   0.00000   0.00591   0.00309   0.00281   0.00813   0.15281   0.16736   0.01868   0.00000   0.00252   0.00548   0.00411   0.00000   0.05921   0.01987   0.15507   0.01378   0.00298   0.02678   0.02887   0.02707   0.00685   0.01515   0.00876   0.03363   0.06503   0.04659   0.03029   0.01034   0.01284   0.00593   0.00000   0.00000   0.00677   0.03452   0.00997   0.00794   0.00473   0.00528   0.01224   0.01141   0.10834   0.04083   0.01675   0.00383   0.00929   0.01415   0.00000   0.00595   0.00000   3.45556   0.37493  
 72 2404.9235   7134.398465  x:  0.07355   0.23995   0.10838   0.10278   0.00972   0.00000   0.00226   0.00548   0.01016   0.00328   0.00840   0.02054   0.00935   0.00880   0.00265   0.00000   0.01513   0.00676   0.03822   0.01061   0.00399   0.00000   0.00598   0.00301   0.00284   0.00812   0.15500   0.17147   0.02069   0.00000   0.00251   0.00533   0.00422   0.00000   0.05573   0.01962   0.15632   0.01339   0.00329   0.02518   0.02924   0.02488   0.00580   0.01405   0.00928   0.03370   0.05790   0.04446   0.02907   0.01008   0.01308   0.00638   0.00000   0.00000   0.00672   0.03257   0.01012   0.01016   0.00478   0.00538   0.01447   0.01209   0.10423   0.04095   0.01770   0.00385   0.00926   0.01186   0.00000   0.00591   0.00000   3.50554   0.38273  
 73 1099.1166   7133.825617  x:  0.07350   0.24032   0.10723   0.10217   0.00985   0.00000   0.00224   0.00664   0.01015   0.00328   0.00688   0.02067   0.00955   0.00879   0.00272   0.00000   0.01502   0.00663   0.03660   0.01110   0.00406   0.00000   0.00609   0.00311   0.00285   0.00802   0.15631   0.17371   0.02036   0.00000   0.00253   0.00543   0.00423   0.00000   0.05303   0.01911   0.15660   0.01355   0.00348   0.02420   0.03114   0.02310   0.00676   0.01496   0.00928   0.03363   0.05344   0.04349   0.02852   0.01093   0.01369   0.00568   0.00000   0.00000   0.00677   0.03081   0.00987   0.00893   0.00485   0.00540   0.01379   0.01247   0.10169   0.03972   0.01721   0.00393   0.00927   0.01106   0.00000   0.00599   0.00000   3.52871   0.38708  
 74 699.3348   7133.625824  x:  0.07438   0.24080   0.10666   0.10195   0.00976   0.00000   0.00221   0.00630   0.01012   0.00323   0.00769   0.02058   0.00953   0.00876   0.00276   0.00000   0.01608   0.00649   0.03566   0.01136   0.00402   0.00000   0.00602   0.00307   0.00283   0.00791   0.15693   0.17465   0.01962   0.00000   0.00251   0.00543   0.00420   0.00000   0.05159   0.01897   0.15644   0.01388   0.00352   0.02417   0.03236   0.02277   0.00663   0.01534   0.00912   0.03357   0.05179   0.04340   0.02873   0.01067   0.01359   0.00640   0.00000   0.00000   0.00678   0.03012   0.01014   0.00904   0.00479   0.00529   0.01305   0.01211   0.10050   0.03869   0.01685   0.00391   0.00928   0.01230   0.00000   0.00596   0.00000   3.53698   0.38914  
 75 323.9321   7133.548356  x:  0.07572   0.24142   0.10630   0.10187   0.00977   0.00000   0.00223   0.00632   0.01012   0.00324   0.00746   0.02046   0.00926   0.00877   0.00274   0.00000   0.01650   0.00648   0.03536   0.01114   0.00402   0.00000   0.00601   0.00307   0.00284   0.00799   0.15732   0.17512   0.01933   0.00000   0.00250   0.00545   0.00421   0.00000   0.05073   0.01915   0.15603   0.01407   0.00348   0.02457   0.03273   0.02329   0.00613   0.01500   0.00907   0.03352   0.05153   0.04372   0.02922   0.01066   0.01320   0.00563   0.00000   0.00000   0.00673   0.03012   0.01021   0.00931   0.00479   0.00532   0.01339   0.01184   0.09988   0.03805   0.01704   0.00391   0.00928   0.01238   0.00000   0.00596   0.00000   3.54008   0.39045  
 76 110.7301   7133.481068  x:  0.07770   0.24240   0.10586   0.10179   0.00977   0.00000   0.00222   0.00646   0.01012   0.00325   0.00735   0.02037   0.00931   0.00878   0.00271   0.00000   0.01641   0.00648   0.03529   0.01094   0.00402   0.00000   0.00602   0.00308   0.00284   0.00802   0.15779   0.17560   0.01935   0.00000   0.00251   0.00544   0.00421   0.00000   0.04979   0.01946   0.15533   0.01411   0.00342   0.02500   0.03273   0.02399   0.00643   0.01475   0.00906   0.03350   0.05166   0.04422   0.02977   0.01071   0.01300   0.00635   0.00000   0.00000   0.00674   0.03034   0.01000   0.00904   0.00480   0.00534   0.01376   0.01181   0.09922   0.03749   0.01742   0.00389   0.00928   0.01194   0.00000   0.00596   0.00000   3.54294   0.39212  
 77 120.4830   7133.435163  x:  0.07944   0.24340   0.10547   0.10170   0.00974   0.00000   0.00221   0.00629   0.01013   0.00324   0.00775   0.02043   0.00952   0.00878   0.00274   0.00000   0.01591   0.00650   0.03551   0.01112   0.00401   0.00000   0.00600   0.00307   0.00283   0.00797   0.15815   0.17591   0.01967   0.00000   0.00251   0.00540   0.00419   0.00000   0.04926   0.01963   0.15453   0.01391   0.00341   0.02495   0.03234   0.02413   0.00668   0.01505   0.00908   0.03350   0.05207   0.04454   0.02984   0.01067   0.01331   0.00595   0.00000   0.00000   0.00675   0.03052   0.00997   0.00901   0.00478   0.00531   0.01334   0.01203   0.09881   0.03744   0.01752   0.00388   0.00928   0.01200   0.00000   0.00595   0.00000   3.54480   0.39356  
 78 83.1020   7133.412917  x:  0.08037   0.24410   0.10522   0.10162   0.00979   0.00000   0.00223   0.00635   0.01012   0.00324   0.00740   0.02050   0.00941   0.00877   0.00276   0.00000   0.01581   0.00651   0.03576   0.01120   0.00403   0.00000   0.00602   0.00307   0.00284   0.00798   0.15832   0.17600   0.01979   0.00000   0.00251   0.00541   0.00420   0.00000   0.04915   0.01960   0.15394   0.01379   0.00343   0.02470   0.03208   0.02389   0.00633   0.01515   0.00910   0.03352   0.05237   0.04460   0.02963   0.01071   0.01342   0.00616   0.00000   0.00000   0.00672   0.03054   0.01010   0.00921   0.00479   0.00532   0.01316   0.01210   0.09868   0.03766   0.01736   0.00391   0.00928   0.01214   0.00000   0.00597   0.00000   3.54568   0.39441  
 79 64.8310   7133.396015  x:  0.08103   0.24488   0.10496   0.10148   0.00977   0.00000   0.00222   0.00636   0.01012   0.00325   0.00752   0.02053   0.00939   0.00877   0.00274   0.00000   0.01619   0.00650   0.03602   0.01111   0.00402   0.00000   0.00602   0.00307   0.00284   0.00799   0.15840   0.17595   0.01967   0.00000   0.00251   0.00541   0.00421   0.00000   0.04935   0.01944   0.15322   0.01383   0.00344   0.02439   0.03197   0.02350   0.00647   0.01502   0.00911   0.03354   0.05262   0.04445   0.02925   0.01066   0.01327   0.00610   0.00000   0.00000   0.00676   0.03045   0.01007   0.00910   0.00480   0.00533   0.01345   0.01198   0.09871   0.03811   0.01710   0.00390   0.00928   0.01206   0.00000   0.00596   0.00000   3.54635   0.39526  
 80 39.6456   7133.382844  x:  0.08103   0.24597   0.10463   0.10120   0.00978   0.00000   0.00222   0.00635   0.01014   0.00324   0.00751   0.02039   0.00940   0.00878   0.00274   0.00000   0.01600   0.00650   0.03593   0.01112   0.00402   0.00000   0.00602   0.00307   0.00284   0.00799   0.15826   0.17551   0.01947   0.00000   0.00251   0.00543   0.00420   0.00000   0.05006   0.01932   0.15220   0.01407   0.00342   0.02470   0.03229   0.02368   0.00646   0.01502   0.00911   0.03358   0.05247   0.04403   0.02913   0.01065   0.01333   0.00610   0.00000   0.00000   0.00675   0.03029   0.01006   0.00911   0.00479   0.00532   0.01338   0.01202   0.09905   0.03849   0.01740   0.00390   0.00927   0.01210   0.00000   0.00596   0.00000   3.54686   0.39621  
 81 17.2018   7133.374381  x:  0.08068   0.24685   0.10441   0.10099   0.00978   0.00000   0.00222   0.00636   0.01008   0.00324   0.00752   0.02051   0.00940   0.00876   0.00275   0.00000   0.01609   0.00650   0.03581   0.01114   0.00402   0.00000   0.00602   0.00307   0.00284   0.00799   0.15802   0.17498   0.01974   0.00000   0.00251   0.00542   0.00420   0.00000   0.05047   0.01947   0.15146   0.01381   0.00342   0.02471   0.03227   0.02377   0.00645   0.01503   0.00911   0.03356   0.05222   0.04395   0.02942   0.01067   0.01327   0.00610   0.00000   0.00000   0.00675   0.03037   0.01006   0.00911   0.00480   0.00533   0.01339   0.01201   0.09934   0.03824   0.01712   0.00390   0.00929   0.01208   0.00000   0.00596   0.00000   3.54717   0.39688  
 82 17.6894   7133.369745  x:  0.08032   0.24735   0.10435   0.10092   0.00978   0.00000   0.00222   0.00635   0.01026   0.00325   0.00751   0.02050   0.00941   0.00880   0.00275   0.00000   0.01610   0.00651   0.03588   0.01109   0.00402   0.00000   0.00602   0.00307   0.00284   0.00799   0.15778   0.17452   0.01961   0.00000   0.00251   0.00543   0.00421   0.00000   0.05038   0.01953   0.15115   0.01397   0.00343   0.02445   0.03213   0.02368   0.00646   0.01505   0.00910   0.03352   0.05219   0.04416   0.02951   0.01068   0.01334   0.00610   0.00000   0.00000   0.00675   0.03046   0.01006   0.00912   0.00480   0.00532   0.01340   0.01199   0.09940   0.03798   0.01729   0.00390   0.00925   0.01209   0.00000   0.00596   0.00000   3.54734   0.39722  
 83 11.1854   7133.366506  x:  0.08007   0.24767   0.10436   0.10094   0.00979   0.00000   0.00223   0.00636   0.00998   0.00325   0.00751   0.02046   0.00941   0.00877   0.00275   0.00000   0.01607   0.00651   0.03595   0.01116   0.00402   0.00000   0.00602   0.00308   0.00284   0.00799   0.15760   0.17417   0.01953   0.00000   0.00252   0.00545   0.00421   0.00000   0.05018   0.01948   0.15104   0.01402   0.00343   0.02445   0.03207   0.02363   0.00646   0.01504   0.00912   0.03351   0.05224   0.04434   0.02945   0.01068   0.01330   0.00610   0.00000   0.00000   0.00675   0.03047   0.01007   0.00912   0.00480   0.00533   0.01340   0.01200   0.09935   0.03790   0.01735   0.00390   0.00928   0.01209   0.00000   0.00597   0.00000   3.54745   0.39742  
 84 12.5909   7133.360122  x:  0.07969   0.24816   0.10443   0.10106   0.00978   0.00000   0.00223   0.00636   0.01018   0.00325   0.00752   0.02043   0.00941   0.00872   0.00274   0.00000   0.01607   0.00651   0.03603   0.01119   0.00402   0.00000   0.00603   0.00308   0.00284   0.00799   0.15723   0.17351   0.01960   0.00000   0.00252   0.00544   0.00421   0.00000   0.04972   0.01933   0.15105   0.01390   0.00343   0.02481   0.03214   0.02363   0.00646   0.01502   0.00913   0.03354   0.05239   0.04459   0.02922   0.01068   0.01328   0.00610   0.00000   0.00000   0.00675   0.03037   0.01007   0.00911   0.00480   0.00533   0.01341   0.01201   0.09908   0.03802   0.01723   0.00390   0.00932   0.01209   0.00000   0.00597   0.00000   3.54765   0.39773  
 85 12.3272   7133.351519  x:  0.07958   0.24853   0.10456   0.10132   0.00978   0.00000   0.00222   0.00635   0.01004   0.00324   0.00750   0.02055   0.00942   0.00894   0.00275   0.00000   0.01614   0.00651   0.03589   0.01089   0.00402   0.00000   0.00601   0.00307   0.00285   0.00800   0.15691   0.17292   0.01970   0.00000   0.00251   0.00543   0.00420   0.00000   0.04955   0.01941   0.15136   0.01394   0.00342   0.02475   0.03229   0.02374   0.00645   0.01508   0.00907   0.03358   0.05253   0.04449   0.02933   0.01068   0.01349   0.00610   0.00000   0.00000   0.00676   0.03038   0.01006   0.00911   0.00479   0.00532   0.01339   0.01195   0.09865   0.03835   0.01715   0.00390   0.00913   0.01209   0.00000   0.00596   0.00000   3.54791   0.39799  
 86  8.6571   7133.328971  x:  0.07966   0.24922   0.10488   0.10195   0.00978   0.00000   0.00223   0.00638   0.01016   0.00325   0.00753   0.02066   0.00940   0.00878   0.00274   0.00000   0.01601   0.00651   0.03550   0.01129   0.00402   0.00000   0.00604   0.00308   0.00285   0.00799   0.15629   0.17179   0.01958   0.00000   0.00252   0.00547   0.00421   0.00000   0.04965   0.01975   0.15231   0.01400   0.00342   0.02428   0.03246   0.02390   0.00645   0.01500   0.00912   0.03359   0.05273   0.04397   0.02971   0.01066   0.01321   0.00610   0.00000   0.00000   0.00676   0.03052   0.01007   0.00910   0.00481   0.00534   0.01342   0.01204   0.09771   0.03887   0.01711   0.00390   0.00927   0.01211   0.00000   0.00598   0.00000   3.54860   0.39848  
 87 22.0068   7133.278907  x:  0.08028   0.24999   0.10514   0.10272   0.00977   0.00000   0.00223   0.00636   0.01010   0.00326   0.00750   0.02002   0.00948   0.00836   0.00274   0.00000   0.01619   0.00653   0.03583   0.01091   0.00402   0.00000   0.00604   0.00309   0.00286   0.00802   0.15554   0.17045   0.01930   0.00000   0.00251   0.00553   0.00423   0.00000   0.05075   0.01972   0.15410   0.01334   0.00347   0.02447   0.03212   0.02358   0.00647   0.01511   0.00908   0.03345   0.05245   0.04329   0.02965   0.01069   0.01355   0.00610   0.00000   0.00000   0.00678   0.03058   0.01009   0.00913   0.00482   0.00534   0.01346   0.01190   0.09668   0.03825   0.01751   0.00390   0.00964   0.01215   0.00000   0.00599   0.00000   3.55011   0.39913  
 88 19.5762   7133.201241  x:  0.08116   0.25064   0.10510   0.10326   0.00977   0.00000   0.00224   0.00639   0.01013   0.00328   0.00754   0.02016   0.00952   0.00929   0.00273   0.00000   0.01613   0.00657   0.03653   0.01140   0.00403   0.00000   0.00610   0.00311   0.00288   0.00802   0.15480   0.16918   0.01956   0.00000   0.00252   0.00557   0.00425   0.00000   0.05219   0.01934   0.15625   0.01385   0.00352   0.02500   0.03176   0.02339   0.00647   0.01509   0.00918   0.03337   0.05193   0.04309   0.02916   0.01075   0.01324   0.00610   0.00000   0.00000   0.00679   0.03047   0.01016   0.00913   0.00486   0.00538   0.01352   0.01186   0.09608   0.03714   0.01741   0.00391   0.00882   0.01215   0.00000   0.00603   0.00000   3.55248   0.39978  
 89 44.8343   7133.023733  x:  0.08232   0.25089   0.10404   0.10289   0.00974   0.00000   0.00225   0.00638   0.01011   0.00330   0.00756   0.02176   0.00964   0.00809   0.00272   0.00000   0.01614   0.00664   0.03698   0.01102   0.00402   0.00000   0.00614   0.00313   0.00292   0.00810   0.15393   0.16788   0.02046   0.00000   0.00251   0.00557   0.00429   0.00000   0.05348   0.01889   0.15902   0.01576   0.00357   0.02524   0.03192   0.02360   0.00647   0.01517   0.00915   0.03362   0.05109   0.04443   0.02879   0.01085   0.01362   0.00610   0.00000   0.00000   0.00681   0.03022   0.01022   0.00915   0.00490   0.00543   0.01355   0.01163   0.09674   0.03692   0.01709   0.00391   0.00987   0.01220   0.00000   0.00608   0.00000   3.55793   0.40044  
 90 43.6759   7132.063623  x:  0.08578   0.24966   0.09754   0.09829   0.00970   0.00000   0.00234   0.00655   0.01011   0.00347   0.00767   0.02088   0.01023   0.00896   0.00259   0.00000   0.01648   0.00693   0.03543   0.01161   0.00403   0.00000   0.00653   0.00330   0.00313   0.00833   0.15120   0.16426   0.01960   0.00000   0.00248   0.00608   0.00452   0.00000   0.05422   0.01893   0.16730   0.01298   0.00392   0.02474   0.03279   0.02308   0.00653   0.01549   0.00921   0.03460   0.04873   0.05068   0.02997   0.01111   0.01370   0.00610   0.00000   0.00000   0.00705   0.02994   0.01071   0.00920   0.00522   0.00572   0.01419   0.01096   0.10308   0.04117   0.01810   0.00396   0.00907   0.01263   0.00000   0.00644   0.00000   3.58735   0.40191  
 91 106.8647   7130.456273  x:  0.08664   0.24519   0.09245   0.09303   0.00956   0.00000   0.00248   0.00680   0.01009   0.00370   0.00792   0.01573   0.01105   0.00863   0.00244   0.00000   0.01669   0.00745   0.03602   0.01191   0.00402   0.00000   0.00708   0.00355   0.00346   0.00875   0.14959   0.16194   0.02255   0.00000   0.00244   0.00650   0.00486   0.00000   0.04912   0.01723   0.16822   0.01502   0.00408   0.02360   0.03359   0.02519   0.00653   0.01624   0.00919   0.03220   0.05314   0.04390   0.03096   0.01165   0.01428   0.00610   0.00000   0.00000   0.00732   0.03024   0.01138   0.00925   0.00571   0.00619   0.01479   0.00975   0.10753   0.03989   0.01663   0.00395   0.00932   0.01306   0.00000   0.00697   0.00000   3.63498   0.40111  
 92 180.7353   7129.078294  x:  0.08633   0.24057   0.09106   0.09068   0.00943   0.00000   0.00262   0.00705   0.01007   0.00393   0.00809   0.02195   0.01198   0.00865   0.00228   0.00000   0.01737   0.00791   0.03680   0.01251   0.00403   0.00000   0.00763   0.00380   0.00378   0.00914   0.14929   0.16119   0.02057   0.00000   0.00241   0.00737   0.00519   0.00000   0.04566   0.01797   0.16467   0.01299   0.00431   0.02528   0.03370   0.02533   0.00664   0.01687   0.00927   0.03156   0.05705   0.03761   0.03063   0.01209   0.01497   0.00609   0.00000   0.00000   0.00766   0.03035   0.01217   0.00930   0.00616   0.00663   0.01580   0.00841   0.10825   0.03791   0.01917   0.00399   0.00926   0.01376   0.00000   0.00750   0.00000   3.67856   0.39939  
 93 526.2399   7126.885609  x:  0.08422   0.23226   0.09916   0.09659   0.00920   0.00000   0.00283   0.00739   0.01005   0.00432   0.00838   0.01990   0.01335   0.00857   0.00202   0.00000   0.01814   0.00870   0.03637   0.01328   0.00405   0.00000   0.00853   0.00419   0.00428   0.00975   0.15218   0.16348   0.02246   0.00000   0.00236   0.00818   0.00573   0.00000   0.05002   0.02300   0.14798   0.01485   0.00484   0.02710   0.03482   0.02331   0.00676   0.01763   0.00960   0.03701   0.05733   0.04245   0.03061   0.01291   0.01595   0.00608   0.00000   0.00000   0.00818   0.02925   0.01341   0.00948   0.00691   0.00735   0.01719   0.00666   0.09814   0.03840   0.01977   0.00405   0.00926   0.01461   0.00000   0.00831   0.00000   3.74615   0.39438  
 94 293.7754   7126.491520  x:  0.08382   0.23071   0.10096   0.09870   0.00914   0.00000   0.00286   0.00744   0.01004   0.00436   0.00844   0.02042   0.01359   0.00860   0.00200   0.00000   0.01818   0.00880   0.03649   0.01334   0.00405   0.00000   0.00864   0.00424   0.00436   0.00984   0.15292   0.16404   0.02238   0.00000   0.00235   0.00833   0.00580   0.00000   0.05143   0.01838   0.14435   0.01399   0.00484   0.02596   0.03462   0.02519   0.00675   0.01791   0.00949   0.03410   0.05624   0.04443   0.03195   0.01304   0.01595   0.00608   0.00000   0.00000   0.00824   0.02952   0.01348   0.00949   0.00701   0.00745   0.01728   0.00635   0.09551   0.03942   0.02002   0.00404   0.00923   0.01472   0.00000   0.00844   0.00000   3.75768   0.39338  
 95 173.3075   7126.484901  x:  0.08378   0.23066   0.10076   0.09911   0.00913   0.00000   0.00287   0.00744   0.01004   0.00436   0.00844   0.02042   0.01359   0.00860   0.00200   0.00000   0.01817   0.00880   0.03655   0.01334   0.00405   0.00000   0.00864   0.00425   0.00436   0.00984   0.15300   0.16404   0.02241   0.00000   0.00235   0.00833   0.00581   0.00000   0.05147   0.01877   0.14426   0.01398   0.00484   0.02596   0.03484   0.02522   0.00675   0.01792   0.00948   0.03337   0.05619   0.04455   0.03167   0.01304   0.01596   0.00608   0.00000   0.00000   0.00824   0.02962   0.01349   0.00949   0.00702   0.00745   0.01728   0.00634   0.09556   0.03948   0.02002   0.00405   0.00922   0.01473   0.00000   0.00844   0.00000   3.75789   0.39338  
 96 12.8894   7126.481668  x:  0.08367   0.23058   0.10012   0.10007   0.00913   0.00000   0.00287   0.00744   0.01004   0.00436   0.00844   0.02042   0.01360   0.00860   0.00200   0.00000   0.01817   0.00880   0.03655   0.01334   0.00405   0.00000   0.00864   0.00425   0.00436   0.00984   0.15318   0.16401   0.02240   0.00000   0.00235   0.00833   0.00580   0.00000   0.05141   0.01869   0.14418   0.01396   0.00483   0.02593   0.03486   0.02525   0.00675   0.01791   0.00948   0.03356   0.05619   0.04450   0.03165   0.01304   0.01596   0.00608   0.00000   0.00000   0.00824   0.02971   0.01349   0.00949   0.00702   0.00745   0.01728   0.00634   0.09580   0.03944   0.02002   0.00404   0.00922   0.01473   0.00000   0.00844   0.00000   3.75804   0.39341  
 97  4.6339   7126.480112  x:  0.08365   0.23058   0.10002   0.10022   0.00913   0.00000   0.00287   0.00744   0.01004   0.00436   0.00844   0.02042   0.01359   0.00860   0.00200   0.00000   0.01817   0.00880   0.03651   0.01334   0.00405   0.00000   0.00864   0.00425   0.00436   0.00984   0.15325   0.16398   0.02238   0.00000   0.00235   0.00834   0.00581   0.00000   0.05140   0.01873   0.14418   0.01403   0.00484   0.02603   0.03467   0.02515   0.00675   0.01792   0.00948   0.03345   0.05624   0.04450   0.03184   0.01304   0.01596   0.00608   0.00000   0.00000   0.00824   0.02938   0.01349   0.00949   0.00702   0.00745   0.01729   0.00634   0.09584   0.03948   0.02001   0.00405   0.00923   0.01472   0.00000   0.00844   0.00000   3.75817   0.39341  
 98  1.5537   7125.886422  x:  0.08312   0.23375   0.10171   0.09834   0.00889   0.00000   0.00291   0.00743   0.01005   0.00449   0.00850   0.02041   0.01380   0.00857   0.00188   0.00000   0.01764   0.00900   0.03610   0.01289   0.00396   0.00000   0.00892   0.00427   0.00456   0.00998   0.17090   0.15488   0.02199   0.00000   0.00225   0.00866   0.00592   0.00000   0.05145   0.01843   0.14608   0.01392   0.00507   0.02583   0.03466   0.02514   0.00672   0.01792   0.00917   0.03343   0.05603   0.04479   0.03130   0.01300   0.01548   0.00607   0.00000   0.00000   0.00831   0.02995   0.01347   0.00930   0.00727   0.00769   0.01681   0.00738   0.09631   0.03927   0.01967   0.00399   0.00918   0.01478   0.00000   0.00868   0.00000   3.81632   0.39074  
 99  1.5180   7123.594502  x:  0.08506   0.24806   0.10343   0.10328   0.00802   0.00000   0.00307   0.00732   0.01008   0.00499   0.00876   0.02037   0.01460   0.00846   0.00145   0.00000   0.01554   0.00983   0.03482   0.01099   0.00364   0.00000   0.00997   0.00436   0.00532   0.01053   0.15282   0.16776   0.02097   0.00000   0.00184   0.00971   0.00637   0.00000   0.05118   0.01803   0.14622   0.01377   0.00595   0.02510   0.03405   0.02499   0.00659   0.01799   0.00800   0.03317   0.05461   0.04506   0.02986   0.01283   0.01352   0.00600   0.00000   0.00000   0.00858   0.03033   0.01343   0.00860   0.00823   0.00864   0.01496   0.01136   0.09894   0.03875   0.01836   0.00377   0.00902   0.01493   0.00000   0.00962   0.00000   4.04161   0.38118  
100 106.2589   7122.496574  x:  0.08753   0.24869   0.10014   0.10040   0.00554   0.00000   0.00305   0.00629   0.01007   0.00568   0.00821   0.02002   0.01444   0.00831   0.00269   0.00000   0.01624   0.01013   0.03673   0.01162   0.00272   0.00000   0.01032   0.00403   0.00577   0.01075   0.15353   0.16116   0.02071   0.00000   0.00228   0.00999   0.00639   0.00000   0.05109   0.01862   0.15022   0.01407   0.00655   0.02506   0.03408   0.02408   0.00628   0.01747   0.00831   0.03368   0.05331   0.04471   0.03106   0.01196   0.01402   0.00607   0.00000   0.00000   0.00817   0.02933   0.01328   0.00738   0.00879   0.00905   0.01445   0.00942   0.10041   0.03870   0.01814   0.00352   0.00875   0.01439   0.00000   0.01025   0.00000   4.25780   0.38072  
101  0.1576   7122.247450  x:  0.08723   0.24619   0.10050   0.10036   0.00443   0.00000   0.00308   0.00599   0.01005   0.00587   0.00790   0.02006   0.01418   0.00813   0.00185   0.00000   0.01655   0.00991   0.03645   0.01209   0.00234   0.00000   0.01003   0.00380   0.00589   0.01059   0.15328   0.16179   0.02092   0.00000   0.00203   0.00996   0.00635   0.00000   0.05110   0.01851   0.14766   0.01390   0.00679   0.02522   0.03432   0.02429   0.00602   0.01756   0.00910   0.03344   0.05390   0.04447   0.03100   0.01201   0.01432   0.00607   0.00000   0.00000   0.00791   0.02966   0.01317   0.00746   0.00890   0.00891   0.01522   0.00893   0.09976   0.03881   0.01849   0.00370   0.00859   0.01418   0.00000   0.01016   0.00000   4.29828   0.38269  
102  0.0309   7122.119122  x:  0.08593   0.24521   0.10245   0.10177   0.00422   0.00000   0.00324   0.00662   0.01006   0.00592   0.00803   0.02035   0.01367   0.00793   0.00193   0.00000   0.01639   0.00966   0.03560   0.01182   0.00232   0.00000   0.00961   0.00393   0.00597   0.01023   0.15253   0.16501   0.02108   0.00000   0.00200   0.00966   0.00621   0.00000   0.05122   0.01836   0.14619   0.01378   0.00682   0.02520   0.03412   0.02462   0.00605   0.01743   0.00884   0.03326   0.05453   0.04471   0.03042   0.01219   0.01419   0.00601   0.00000   0.00000   0.00795   0.03008   0.01289   0.00771   0.00870   0.00862   0.01503   0.00969   0.09925   0.03878   0.01868   0.00399   0.00827   0.01416   0.00000   0.01008   0.00000   4.24868   0.38367  
103  0.0207   7122.019143  x:  0.08620   0.24750   0.10170   0.10099   0.00368   0.00000   0.00351   0.00676   0.01006   0.00608   0.00819   0.02027   0.01345   0.00753   0.00194   0.00000   0.01606   0.00963   0.03598   0.01164   0.00218   0.00000   0.00945   0.00414   0.00613   0.01015   0.15407   0.16331   0.02096   0.00000   0.00196   0.00953   0.00613   0.00000   0.05111   0.01852   0.14910   0.01398   0.00691   0.02517   0.03383   0.02421   0.00620   0.01734   0.00867   0.03354   0.05394   0.04476   0.03063   0.01209   0.01402   0.00604   0.00000   0.00000   0.00808   0.02972   0.01282   0.00787   0.00854   0.00846   0.01477   0.00906   0.10006   0.03873   0.01840   0.00402   0.00782   0.01424   0.00000   0.01010   0.00000   4.22969   0.38284  
104  0.0089   7121.924061  x:  0.08697   0.24693   0.10030   0.10025   0.00392   0.00000   0.00384   0.00679   0.01005   0.00624   0.00814   0.02003   0.01375   0.00705   0.00215   0.00000   0.01651   0.00976   0.03657   0.01221   0.00229   0.00000   0.00960   0.00437   0.00621   0.01032   0.15292   0.16172   0.02108   0.00000   0.00209   0.00948   0.00604   0.00000   0.05119   0.01858   0.14822   0.01397   0.00681   0.02515   0.03424   0.02410   0.00630   0.01744   0.00897   0.03358   0.05356   0.04467   0.03098   0.01215   0.01443   0.00609   0.00000   0.00000   0.00832   0.02961   0.01305   0.00822   0.00837   0.00841   0.01507   0.00958   0.09959   0.03880   0.01850   0.00402   0.00726   0.01439   0.00000   0.01017   0.00000   4.20706   0.38218  
105  0.0112   7121.817557  x:  0.08706   0.24646   0.10096   0.10061   0.00407   0.00000   0.00416   0.00672   0.01007   0.00633   0.00805   0.02009   0.01416   0.00641   0.00181   0.00000   0.01652   0.00981   0.03604   0.01182   0.00231   0.00000   0.00983   0.00428   0.00629   0.01050   0.15338   0.16337   0.02077   0.00000   0.00192   0.00963   0.00590   0.00000   0.05092   0.01834   0.14697   0.01384   0.00669   0.02521   0.03433   0.02437   0.00611   0.01754   0.00894   0.03322   0.05407   0.04433   0.03082   0.01206   0.01408   0.00604   0.00000   0.00000   0.00834   0.02999   0.01310   0.00788   0.00834   0.00849   0.01492   0.00933   0.09976   0.03875   0.01840   0.00400   0.00637   0.01418   0.00000   0.01020   0.00000   4.22828   0.38195  
106  0.0082   7121.782096  x:  0.08657   0.24617   0.10141   0.10108   0.00419   0.00000   0.00416   0.00637   0.01006   0.00626   0.00804   0.02023   0.01405   0.00609   0.00205   0.00000   0.01637   0.00974   0.03607   0.01181   0.00231   0.00000   0.00984   0.00402   0.00621   0.01043   0.15296   0.16341   0.02091   0.00000   0.00202   0.00965   0.00590   0.00000   0.05114   0.01849   0.14777   0.01392   0.00661   0.02520   0.03416   0.02444   0.00612   0.01746   0.00883   0.03343   0.05415   0.04465   0.03073   0.01201   0.01417   0.00604   0.00000   0.00000   0.00812   0.02986   0.01298   0.00761   0.00844   0.00858   0.01488   0.00929   0.09963   0.03879   0.01847   0.00402   0.00626   0.01407   0.00000   0.01018   0.00000   4.24563   0.38310  
107  0.0111   7121.775318  x:  0.08645   0.24634   0.10135   0.10095   0.00428   0.00000   0.00413   0.00634   0.01006   0.00618   0.00806   0.02020   0.01389   0.00624   0.00197   0.00000   0.01634   0.00969   0.03614   0.01189   0.00233   0.00000   0.00974   0.00396   0.00614   0.01035   0.15322   0.16308   0.02099   0.00000   0.00201   0.00963   0.00596   0.00000   0.05118   0.01851   0.14791   0.01391   0.00662   0.02518   0.03410   0.02438   0.00610   0.01746   0.00884   0.03348   0.05404   0.04470   0.03073   0.01207   0.01422   0.00605   0.00000   0.00000   0.00805   0.02975   0.01297   0.00756   0.00849   0.00858   0.01497   0.00928   0.09965   0.03879   0.01849   0.00405   0.00609   0.01416   0.00000   0.01012   0.00000   4.24099   0.38314  
108  0.0038   7121.772823  x:  0.08652   0.24644   0.10126   0.10086   0.00428   0.00000   0.00412   0.00635   0.01006   0.00613   0.00807   0.02017   0.01381   0.00608   0.00195   0.00000   0.01636   0.00969   0.03614   0.01191   0.00233   0.00000   0.00968   0.00396   0.00610   0.01032   0.15330   0.16298   0.02100   0.00000   0.00201   0.00963   0.00601   0.00000   0.05115   0.01848   0.14776   0.01390   0.00666   0.02518   0.03411   0.02434   0.00608   0.01746   0.00885   0.03345   0.05399   0.04466   0.03075   0.01211   0.01422   0.00605   0.00000   0.00000   0.00803   0.02974   0.01298   0.00755   0.00854   0.00858   0.01499   0.00930   0.09967   0.03878   0.01849   0.00407   0.00619   0.01422   0.00000   0.01010   0.00000   4.23882   0.38289  
109  0.0022   7121.771098  x:  0.08669   0.24647   0.10119   0.10086   0.00423   0.00000   0.00412   0.00635   0.01006   0.00608   0.00807   0.02016   0.01378   0.00610   0.00199   0.00000   0.01639   0.00973   0.03611   0.01188   0.00232   0.00000   0.00967   0.00400   0.00607   0.01033   0.15318   0.16305   0.02097   0.00000   0.00201   0.00965   0.00605   0.00000   0.05111   0.01845   0.14760   0.01389   0.00671   0.02518   0.03417   0.02434   0.00608   0.01745   0.00884   0.03340   0.05401   0.04460   0.03076   0.01213   0.01419   0.00605   0.00000   0.00000   0.00804   0.02979   0.01301   0.00754   0.00860   0.00861   0.01497   0.00933   0.09968   0.03877   0.01849   0.00407   0.00610   0.01425   0.00000   0.01011   0.00000   4.23979   0.38259  
110  0.0007   7121.770023  x:  0.08664   0.24642   0.10125   0.10092   0.00424   0.00000   0.00408   0.00636   0.01006   0.00600   0.00806   0.02019   0.01382   0.00609   0.00198   0.00000   0.01635   0.00976   0.03612   0.01185   0.00233   0.00000   0.00970   0.00403   0.00601   0.01036   0.15316   0.16313   0.02095   0.00000   0.00202   0.00966   0.00608   0.00000   0.05112   0.01850   0.14785   0.01391   0.00673   0.02519   0.03414   0.02436   0.00610   0.01746   0.00884   0.03345   0.05404   0.04464   0.03075   0.01210   0.01418   0.00605   0.00000   0.00000   0.00806   0.02978   0.01302   0.00756   0.00862   0.00861   0.01496   0.00929   0.09965   0.03878   0.01849   0.00407   0.00611   0.01421   0.00000   0.01010   0.00000   4.23931   0.38286  
111  0.0003   7121.769568  x:  0.08654   0.24634   0.10129   0.10090   0.00421   0.00000   0.00406   0.00637   0.01006   0.00599   0.00806   0.02018   0.01385   0.00607   0.00197   0.00000   0.01637   0.00975   0.03613   0.01189   0.00232   0.00000   0.00972   0.00402   0.00600   0.01037   0.15322   0.16307   0.02097   0.00000   0.00203   0.00965   0.00606   0.00000   0.05115   0.01847   0.14770   0.01390   0.00672   0.02518   0.03414   0.02435   0.00609   0.01746   0.00885   0.03343   0.05401   0.04464   0.03075   0.01209   0.01421   0.00605   0.00000   0.00000   0.00807   0.02977   0.01300   0.00757   0.00859   0.00860   0.01498   0.00931   0.09966   0.03878   0.01849   0.00408   0.00608   0.01418   0.00000   0.01009   0.00000   4.23979   0.38293  
112  0.0003   7121.769205  x:  0.08660   0.24650   0.10124   0.10086   0.00422   0.00000   0.00402   0.00638   0.01006   0.00598   0.00807   0.02016   0.01386   0.00607   0.00198   0.00000   0.01637   0.00974   0.03611   0.01188   0.00233   0.00000   0.00974   0.00401   0.00599   0.01036   0.15322   0.16307   0.02096   0.00000   0.00202   0.00965   0.00605   0.00000   0.05113   0.01847   0.14775   0.01390   0.00670   0.02519   0.03414   0.02434   0.00609   0.01747   0.00882   0.03343   0.05402   0.04463   0.03075   0.01210   0.01419   0.00605   0.00000   0.00000   0.00807   0.02979   0.01299   0.00759   0.00856   0.00860   0.01497   0.00932   0.09970   0.03877   0.01848   0.00407   0.00608   0.01421   0.00000   0.01009   0.00000   4.23889   0.38272  
113  0.0003   7121.768881  x:  0.08666   0.24641   0.10123   0.10092   0.00421   0.00000   0.00399   0.00638   0.01006   0.00599   0.00806   0.02019   0.01383   0.00605   0.00197   0.00000   0.01636   0.00973   0.03613   0.01188   0.00232   0.00000   0.00973   0.00401   0.00600   0.01035   0.15313   0.16309   0.02096   0.00000   0.00202   0.00965   0.00605   0.00000   0.05112   0.01849   0.14775   0.01391   0.00669   0.02519   0.03415   0.02437   0.00611   0.01746   0.00883   0.03344   0.05402   0.04464   0.03075   0.01211   0.01420   0.00605   0.00000   0.00000   0.00806   0.02979   0.01300   0.00759   0.00855   0.00860   0.01498   0.00931   0.09962   0.03878   0.01850   0.00405   0.00606   0.01422   0.00000   0.01010   0.00000   4.24118   0.38281  
114  0.0008   7121.768738  x:  0.08660   0.24639   0.10127   0.10090   0.00422   0.00000   0.00397   0.00639   0.01006   0.00601   0.00806   0.02018   0.01383   0.00605   0.00198   0.00000   0.01637   0.00974   0.03613   0.01188   0.00233   0.00000   0.00972   0.00402   0.00602   0.01035   0.15323   0.16307   0.02097   0.00000   0.00202   0.00965   0.00606   0.00000   0.05114   0.01847   0.14772   0.01390   0.00670   0.02518   0.03414   0.02436   0.00610   0.01746   0.00884   0.03343   0.05402   0.04464   0.03075   0.01210   0.01419   0.00605   0.00000   0.00000   0.00806   0.02977   0.01301   0.00760   0.00856   0.00861   0.01497   0.00930   0.09967   0.03877   0.01849   0.00404   0.00606   0.01421   0.00000   0.01010   0.00000   4.24105   0.38285  
115  0.0001   7121.768704  x:  0.08658   0.24642   0.10126   0.10089   0.00422   0.00000   0.00397   0.00639   0.01006   0.00602   0.00807   0.02018   0.01383   0.00605   0.00197   0.00000   0.01637   0.00974   0.03612   0.01188   0.00233   0.00000   0.00971   0.00402   0.00602   0.01036   0.15318   0.16308   0.02097   0.00000   0.00202   0.00965   0.00606   0.00000   0.05114   0.01848   0.14774   0.01390   0.00670   0.02519   0.03414   0.02435   0.00610   0.01746   0.00884   0.03343   0.05402   0.04464   0.03075   0.01210   0.01420   0.00605   0.00000   0.00000   0.00807   0.02978   0.01301   0.00759   0.00857   0.00860   0.01497   0.00931   0.09967   0.03878   0.01848   0.00405   0.00606   0.01420   0.00000   0.01010   0.00000   4.24049   0.38283  
116  0.0003   7121.768697  x:  0.08660   0.24642   0.10125   0.10089   0.00422   0.00000   0.00397   0.00638   0.01006   0.00602   0.00807   0.02018   0.01384   0.00605   0.00198   0.00000   0.01637   0.00974   0.03612   0.01188   0.00233   0.00000   0.00972   0.00401   0.00602   0.01036   0.15320   0.16308   0.02097   0.00000   0.00202   0.00965   0.00606   0.00000   0.05113   0.01847   0.14774   0.01390   0.00671   0.02518   0.03414   0.02435   0.00610   0.01746   0.00884   0.03343   0.05402   0.04464   0.03075   0.01210   0.01420   0.00605   0.00000   0.00000   0.00807   0.02978   0.01300   0.00760   0.00858   0.00860   0.01497   0.00931   0.09966   0.03878   0.01849   0.00405   0.00606   0.01420   0.00000   0.01010   0.00000   4.24004   0.38283  
117  0.0003   7121.768696  x:  0.08660   0.24641   0.10126   0.10089   0.00422   0.00000   0.00397   0.00638   0.01006   0.00602   0.00806   0.02018   0.01384   0.00605   0.00198   0.00000   0.01637   0.00974   0.03612   0.01188   0.00233   0.00000   0.00972   0.00401   0.00602   0.01036   0.15320   0.16308   0.02097   0.00000   0.00202   0.00965   0.00606   0.00000   0.05113   0.01848   0.14774   0.01390   0.00671   0.02518   0.03414   0.02435   0.00610   0.01746   0.00884   0.03343   0.05402   0.04464   0.03075   0.01210   0.01420   0.00605   0.00000   0.00000   0.00807   0.02978   0.01301   0.00759   0.00858   0.00860   0.01497   0.00931   0.09967   0.03878   0.01849   0.00404   0.00606   0.01421   0.00000   0.01010   0.00000   4.23989   0.38283  
118  0.0001   7121.768696  x:  0.08660   0.24641   0.10125   0.10089   0.00422   0.00000   0.00397   0.00638   0.01006   0.00602   0.00806   0.02018   0.01384   0.00605   0.00198   0.00000   0.01637   0.00974   0.03612   0.01188   0.00233   0.00000   0.00972   0.00401   0.00602   0.01036   0.15320   0.16308   0.02097   0.00000   0.00202   0.00965   0.00606   0.00000   0.05113   0.01848   0.14774   0.01390   0.00671   0.02518   0.03414   0.02435   0.00610   0.01746   0.00884   0.03343   0.05402   0.04464   0.03075   0.01210   0.01420   0.00605   0.00000   0.00000   0.00807   0.02978   0.01301   0.00759   0.00858   0.00860   0.01497   0.00931   0.09967   0.03878   0.01849   0.00404   0.00606   0.01420   0.00000   0.01010   0.00000   4.23986   0.38283  
119  0.0000   7121.768696  x:  0.08660   0.24641   0.10125   0.10089   0.00422   0.00000   0.00397   0.00638   0.01006   0.00602   0.00806   0.02018   0.01384   0.00605   0.00198   0.00000   0.01637   0.00974   0.03612   0.01188   0.00233   0.00000   0.00972   0.00401   0.00602   0.01036   0.15320   0.16308   0.02097   0.00000   0.00202   0.00965   0.00606   0.00000   0.05113   0.01848   0.14774   0.01390   0.00671   0.02518   0.03414   0.02435   0.00610   0.01746   0.00884   0.03343   0.05402   0.04464   0.03075   0.01210   0.01420   0.00605   0.00000   0.00000   0.00807   0.02978   0.01301   0.00759   0.00858   0.00860   0.01497   0.00931   0.09967   0.03878   0.01849   0.00404   0.00606   0.01420   0.00000   0.01010   0.00000   4.23987   0.38283  
120  0.0000   7121.768696  x:  0.08660   0.24641   0.10125   0.10089   0.00422   0.00000   0.00397   0.00638   0.01006   0.00602   0.00806   0.02018   0.01384   0.00605   0.00198   0.00000   0.01637   0.00974   0.03612   0.01188   0.00233   0.00000   0.00972   0.00401   0.00602   0.01036   0.15320   0.16308   0.02097   0.00000   0.00202   0.00965   0.00606   0.00000   0.05113   0.01848   0.14774   0.01390   0.00671   0.02518   0.03414   0.02435   0.00610   0.01746   0.00884   0.03343   0.05402   0.04464   0.03075   0.01210   0.01420   0.00605   0.00000   0.00000   0.00807   0.02978   0.01301   0.00759   0.00858   0.00860   0.01497   0.00931   0.09967   0.03878   0.01849   0.00404   0.00606   0.01420   0.00000   0.01010   0.00000   4.23985   0.38283  
121  0.0000   7121.768696  x:  0.08660   0.24641   0.10125   0.10089   0.00422   0.00000   0.00397   0.00638   0.01006   0.00602   0.00806   0.02018   0.01384   0.00605   0.00198   0.00000   0.01637   0.00974   0.03612   0.01188   0.00233   0.00000   0.00972   0.00401   0.00602   0.01036   0.15320   0.16308   0.02097   0.00000   0.00202   0.00965   0.00606   0.00000   0.05113   0.01848   0.14774   0.01390   0.00671   0.02518   0.03414   0.02435   0.00610   0.01746   0.00884   0.03343   0.05402   0.04464   0.03075   0.01210   0.01420   0.00605   0.00000   0.00000   0.00807   0.02978   0.01301   0.00759   0.00858   0.00860   0.01497   0.00931   0.09967   0.03878   0.01849   0.00404   0.00606   0.01420   0.00000   0.01010   0.00000   4.23987   0.38283  
122  0.0000   7121.768696  x:  0.08660   0.24641   0.10125   0.10089   0.00422   0.00000   0.00397   0.00638   0.01006   0.00602   0.00806   0.02018   0.01384   0.00605   0.00198   0.00000   0.01637   0.00974   0.03612   0.01188   0.00233   0.00000   0.00972   0.00401   0.00602   0.01036   0.15320   0.16308   0.02097   0.00000   0.00202   0.00965   0.00606   0.00000   0.05113   0.01848   0.14774   0.01390   0.00671   0.02518   0.03414   0.02435   0.00610   0.01746   0.00884   0.03343   0.05402   0.04464   0.03075   0.01210   0.01420   0.00605   0.00000   0.00000   0.00807   0.02978   0.01301   0.00759   0.00858   0.00860   0.01497   0.00931   0.09967   0.03878   0.01849   0.00404   0.00606   0.01420   0.00000   0.01010   0.00000   4.23987   0.38283  
123  0.0000   7121.768696  x:  0.08660   0.24641   0.10125   0.10089   0.00422   0.00000   0.00397   0.00638   0.01006   0.00602   0.00806   0.02018   0.01384   0.00605   0.00198   0.00000   0.01637   0.00974   0.03612   0.01188   0.00233   0.00000   0.00972   0.00401   0.00602   0.01036   0.15320   0.16308   0.02097   0.00000   0.00202   0.00965   0.00606   0.00000   0.05113   0.01848   0.14774   0.01390   0.00671   0.02518   0.03414   0.02435   0.00610   0.01746   0.00884   0.03343   0.05402   0.04464   0.03075   0.01210   0.01420   0.00605   0.00000   0.00000   0.00807   0.02978   0.01301   0.00759   0.00858   0.00860   0.01497   0.00931   0.09967   0.03878   0.01849   0.00404   0.00606   0.01420   0.00000   0.01010   0.00000   4.23987   0.38283  
124  0.0000   7121.768696  x:  0.08660   0.24641   0.10125   0.10089   0.00422   0.00000   0.00397   0.00638   0.01006   0.00602   0.00806   0.02018   0.01384   0.00605   0.00198   0.00000   0.01637   0.00974   0.03612   0.01188   0.00233   0.00000   0.00972   0.00401   0.00602   0.01036   0.15320   0.16308   0.02097   0.00000   0.00202   0.00965   0.00606   0.00000   0.05113   0.01848   0.14774   0.01390   0.00671   0.02518   0.03414   0.02435   0.00610   0.01746   0.00884   0.03343   0.05402   0.04464   0.03075   0.01210   0.01420   0.00605   0.00000   0.00000   0.00807   0.02978   0.01301   0.00759   0.00858   0.00860   0.01497   0.00931   0.09967   0.03878   0.01849   0.00404   0.00606   0.01420   0.00000   0.01010   0.00000   4.23987   0.38283  
125  0.0000   7121.768696  x:  0.08660   0.24641   0.10125   0.10089   0.00422   0.00000   0.00397   0.00638   0.01006   0.00602   0.00806   0.02018   0.01384   0.00605   0.00198   0.00000   0.01637   0.00974   0.03612   0.01188   0.00233   0.00000   0.00972   0.00401   0.00602   0.01036   0.15320   0.16308   0.02097   0.00000   0.00202   0.00965   0.00606   0.00000   0.05113   0.01848   0.14774   0.01390   0.00671   0.02518   0.03414   0.02435   0.00610   0.01746   0.00884   0.03343   0.05402   0.04464   0.03075   0.01210   0.01420   0.00605   0.00000   0.00000   0.00807   0.02978   0.01301   0.00759   0.00858   0.00860   0.01497   0.00931   0.09967   0.03878   0.01849   0.00404   0.00606   0.01420   0.00000   0.01010   0.00000   4.23987   0.38283  