

TREE # 1

  0  0.0000   4823.733319  x:  0.04970   0.08377   0.07430   0.10829   0.08630   0.09476   0.08279   0.05634   0.07324   0.06632   0.06341   0.05501   0.05418   0.09897   0.06482   0.03617   0.04161   0.94554   1.11665  
  1 99.0000   4579.079996  x:  0.01458   0.03805   0.02689   0.06478   0.04183   0.04749   0.13636   0.05613   0.03687   0.03429   0.06538   0.02716   0.00987   0.05981   0.02818   0.00000   0.00030   0.95364   1.11046  
  2 2132.6861   4578.648047  x:  0.01450   0.03795   0.02679   0.06468   0.04173   0.04738   0.13649   0.05613   0.03679   0.03421   0.06538   0.02710   0.00977   0.05972   0.02810   0.00001   0.00021   0.95365   1.11044  
  3 39187.6016   4526.758749  x:  0.00679   0.02784   0.01631   0.05507   0.03191   0.03692   0.14822   0.05609   0.02877   0.02717   0.06581   0.02100   0.00000   0.05107   0.02003   0.00002   0.00062   0.95544   1.10908  
  4 26710.9088   4491.964527  x:  0.00000   0.01508   0.00297   0.04292   0.01963   0.02346   0.16131   0.05607   0.01940   0.01929   0.06633   0.01527   0.00613   0.04042   0.01120   0.00002   0.00100   0.95776   1.10733  
  5 8704.5041   4483.158542  x:  0.00092   0.01246   0.00029   0.04046   0.01711   0.02066   0.16395   0.05607   0.01754   0.01775   0.06644   0.01421   0.00695   0.03824   0.00953   0.00003   0.00107   0.95824   1.10697  
  6 18714.5738   4467.199946  x:  0.00332   0.00297   0.00412   0.03126   0.00808   0.01006   0.17289   0.05605   0.01152   0.01312   0.06677   0.01170   0.00951   0.03034   0.00520   0.00003   0.00127   0.96007   1.10561  
  7 5864.9043   4457.858789  x:  0.00350   0.00103   0.00412   0.02446   0.00378   0.00195   0.17774   0.05602   0.01064   0.01337   0.06692   0.01368   0.00977   0.02526   0.01047   0.00003   0.00132   0.96153   1.10453  
  8 2315.2752   4456.494961  x:  0.00358   0.00174   0.00420   0.02317   0.00334   0.00063   0.17869   0.05601   0.01045   0.01335   0.06695   0.01390   0.00988   0.02431   0.01080   0.00003   0.00133   0.96182   1.10433  
  9 4005.9064   4448.275348  x:  0.00427   0.00321   0.00474   0.00819   0.00503   0.00254   0.18918   0.05593   0.01022   0.01458   0.06727   0.01703   0.01079   0.01378   0.01351   0.00003   0.00146   0.96525   1.10182  
 10 1477.0556   4447.127653  x:  0.00433   0.00241   0.00476   0.00609   0.00696   0.00129   0.19177   0.05586   0.01228   0.01600   0.06733   0.01769   0.01092   0.01348   0.01256   0.00003   0.00147   0.96658   1.10086  
 11 650.4402   4445.404654  x:  0.00448   0.00280   0.00495   0.00596   0.00436   0.00211   0.20052   0.05552   0.01634   0.01930   0.06749   0.01925   0.01144   0.01553   0.01161   0.00004   0.00155   0.97167   1.09717  
 12 435.4572   4442.540561  x:  0.00498   0.00310   0.00572   0.01185   0.00755   0.00197   0.22158   0.05463   0.01661   0.02141   0.06778   0.02133   0.01308   0.01909   0.01441   0.00004   0.00178   0.98535   1.08724  
 13 748.9403   4439.552091  x:  0.00532   0.00363   0.00602   0.00587   0.00839   0.00241   0.22295   0.05401   0.01540   0.01702   0.06544   0.02043   0.01353   0.02960   0.01696   0.00004   0.00184   1.01735   1.06359  
 14 212.4014   4366.923979  x:  0.00523   0.00325   0.00610   0.01110   0.00802   0.00208   0.16877   0.04790   0.01595   0.02062   0.02138   0.03203   0.01445   0.02299   0.01383   0.00005   0.00216   1.80291   0.47832  
 15 1159.0914   4344.303887  x:  0.00545   0.00343   0.00643   0.01216   0.00809   0.00222   0.14925   0.05172   0.01886   0.02039   0.04410   0.02979   0.01508   0.02110   0.01516   0.00005   0.00230   2.07115   0.27721  
 16 9751.3627   4343.915577  x:  0.00558   0.00356   0.00659   0.01192   0.00816   0.00231   0.14943   0.05484   0.01882   0.02275   0.04333   0.02508   0.01535   0.02090   0.01637   0.00005   0.00231   2.07828   0.27649  
 17 128.9941   4342.714574  x:  0.00544   0.00349   0.00646   0.01265   0.00805   0.00227   0.15165   0.06896   0.02037   0.01938   0.04338   0.02762   0.01501   0.02018   0.01574   0.00005   0.00228   2.11822   0.29248  
 18 93.4094   4340.069318  x:  0.00506   0.00311   0.00604   0.01154   0.00781   0.00195   0.15554   0.06793   0.01318   0.02637   0.04901   0.02951   0.01415   0.02140   0.01352   0.00005   0.00217   2.20829   0.33329  
 19 362.6416   4335.990853  x:  0.00498   0.00327   0.00610   0.01278   0.00747   0.00211   0.16333   0.05455   0.01884   0.02225   0.05584   0.02138   0.01387   0.01675   0.01537   0.00005   0.00207   2.35104   0.39857  
 20 1482.3629   4334.519160  x:  0.00428   0.00299   0.00555   0.01289   0.00704   0.00191   0.18698   0.05541   0.01774   0.02102   0.05449   0.02060   0.01232   0.01546   0.01394   0.00004   0.00180   2.39165   0.36724  
 21 11.4464   4325.531762  x:  0.00632   0.00438   0.00670   0.00828   0.00853   0.00220   0.20960   0.05939   0.01880   0.02102   0.07302   0.02945   0.01575   0.02447   0.02004   0.00007   0.00295   2.99666   0.34228  
 22  0.2921   4320.934452  x:  0.00690   0.00436   0.00561   0.00777   0.00766   0.00130   0.19280   0.05442   0.01940   0.02265   0.08363   0.02504   0.01449   0.01383   0.01976   0.00008   0.00370   3.55971   0.35498  
 23  0.2513   4316.810069  x:  0.00660   0.00452   0.00249   0.00695   0.00738   0.00095   0.18970   0.05131   0.01912   0.01905   0.08621   0.01813   0.00769   0.02355   0.01710   0.00010   0.00424   4.11453   0.34770  
 24  0.2141   4314.098700  x:  0.00668   0.00500   0.00068   0.00816   0.00708   0.00165   0.19128   0.05432   0.01850   0.01863   0.08245   0.02369   0.00315   0.02324   0.01515   0.00011   0.00468   4.35933   0.34585  
 25  0.2242   4311.696125  x:  0.00862   0.00576   0.00238   0.00881   0.00789   0.00250   0.19754   0.05947   0.01874   0.02221   0.07241   0.03040   0.00342   0.01916   0.01771   0.00013   0.00534   4.29003   0.35998  
 26  0.0587   4310.631490  x:  0.00935   0.00586   0.00201   0.00835   0.00807   0.00238   0.19707   0.05814   0.01885   0.02259   0.06799   0.02893   0.00098   0.01782   0.01797   0.00014   0.00577   4.38369   0.37098  
 27  0.1173   4309.325876  x:  0.01105   0.00551   0.00185   0.00601   0.00834   0.00149   0.19416   0.05260   0.01963   0.02176   0.06344   0.02382   0.00257   0.01708   0.01919   0.00016   0.00674   4.36993   0.38154  
 28  0.0127   4308.316661  x:  0.01305   0.00509   0.00138   0.00610   0.00833   0.00080   0.19693   0.05846   0.01950   0.02011   0.06020   0.02423   0.00191   0.01999   0.01842   0.00019   0.00799   4.36373   0.36594  
 29  0.0074   4307.243565  x:  0.01575   0.00537   0.00135   0.00667   0.00731   0.00248   0.19959   0.06044   0.01820   0.01975   0.06300   0.02722   0.00157   0.02132   0.01746   0.00024   0.00957   4.26358   0.35939  
 30  0.0474   4306.167740  x:  0.01822   0.00467   0.00132   0.00540   0.00694   0.00223   0.19496   0.05321   0.01767   0.02120   0.06932   0.02457   0.00226   0.01815   0.01631   0.00027   0.01102   4.07216   0.37330  
 31  0.0947   4305.704509  x:  0.01988   0.00412   0.00156   0.00526   0.00782   0.00176   0.19807   0.05689   0.01874   0.02042   0.06926   0.02425   0.00199   0.01822   0.01623   0.00030   0.01196   3.77513   0.35653  
 32  0.1280   4305.612959  x:  0.01958   0.00426   0.00153   0.00510   0.00813   0.00158   0.19781   0.05545   0.01877   0.02088   0.07009   0.02500   0.00152   0.01909   0.01692   0.00030   0.01187   3.72246   0.35866  
 33  0.0274   4305.535487  x:  0.01863   0.00461   0.00149   0.00561   0.00797   0.00156   0.19633   0.05576   0.01881   0.02128   0.07117   0.02516   0.00183   0.01847   0.01782   0.00029   0.01152   3.66576   0.35845  
 34  0.0212   4305.473425  x:  0.01831   0.00487   0.00125   0.00526   0.00758   0.00161   0.19702   0.05628   0.01875   0.02078   0.07082   0.02453   0.00159   0.01835   0.01789   0.00029   0.01162   3.62286   0.35413  
 35  0.0165   4305.321787  x:  0.01775   0.00534   0.00132   0.00550   0.00716   0.00159   0.19970   0.05521   0.01879   0.02001   0.06946   0.02581   0.00187   0.01890   0.01661   0.00031   0.01217   3.54526   0.35593  
 36  0.0135   4305.007418  x:  0.01577   0.00640   0.00147   0.00592   0.00750   0.00130   0.19749   0.05646   0.01865   0.02183   0.06932   0.02443   0.00178   0.01878   0.01557   0.00035   0.01299   3.67641   0.36389  
 37  0.0347   4304.795986  x:  0.01536   0.00679   0.00168   0.00586   0.00820   0.00143   0.19671   0.05580   0.01897   0.02028   0.07138   0.02422   0.00165   0.01846   0.01678   0.00039   0.01425   3.64913   0.35192  
 38  0.0100   4304.544711  x:  0.01495   0.00604   0.00170   0.00608   0.00801   0.00181   0.19668   0.05559   0.01788   0.02110   0.07027   0.02576   0.00186   0.01874   0.01626   0.00045   0.01621   3.72488   0.36248  
 39  0.0151   4304.340328  x:  0.01403   0.00473   0.00150   0.00635   0.00791   0.00154   0.19668   0.05616   0.01854   0.02095   0.07001   0.02484   0.00172   0.01846   0.01741   0.00048   0.01690   3.65737   0.35947  
 40  0.0313   4304.314823  x:  0.01319   0.00477   0.00151   0.00632   0.00775   0.00155   0.19706   0.05604   0.01878   0.02084   0.06990   0.02481   0.00172   0.01864   0.01735   0.00047   0.01650   3.69257   0.35724  
 41  0.0250   4304.299628  x:  0.01338   0.00448   0.00162   0.00629   0.00775   0.00160   0.19719   0.05587   0.01889   0.02087   0.06999   0.02488   0.00170   0.01860   0.01702   0.00046   0.01609   3.68805   0.35728  
 42  0.0021   4304.277922  x:  0.01304   0.00476   0.00174   0.00639   0.00791   0.00165   0.19654   0.05600   0.01877   0.02098   0.07052   0.02473   0.00165   0.01847   0.01688   0.00045   0.01581   3.64562   0.35911  
 43  0.0115   4304.123297  x:  0.01245   0.00419   0.00178   0.00641   0.00830   0.00185   0.19667   0.05663   0.01784   0.02054   0.07040   0.02425   0.00166   0.01874   0.01695   0.00048   0.01604   3.61970   0.35863  
 44  0.0032   4303.282962  x:  0.01205   0.00343   0.00169   0.00620   0.01029   0.00263   0.19897   0.05743   0.01424   0.01823   0.06882   0.02331   0.00170   0.01911   0.01589   0.00059   0.01332   3.62019   0.35393  
 45  0.0015   4300.574786  x:  0.01226   0.00474   0.00108   0.00631   0.01219   0.00287   0.19835   0.05695   0.01751   0.01941   0.06847   0.02415   0.00181   0.01835   0.01563   0.00075   0.00565   3.65212   0.35851  
 46  0.0094   4298.901465  x:  0.01475   0.00552   0.00059   0.00619   0.01172   0.00213   0.19665   0.05526   0.02079   0.02224   0.06933   0.02611   0.00203   0.01748   0.01623   0.00110   0.00972   3.66903   0.36201  
 47  0.0136   4296.871240  x:  0.01599   0.00528   0.00307   0.00553   0.01173   0.00158   0.19674   0.05393   0.02445   0.02471   0.07212   0.02715   0.00232   0.01770   0.01397   0.00177   0.00726   3.56441   0.35469  
 48  0.0482   4294.565383  x:  0.01364   0.00436   0.00262   0.00618   0.00906   0.00188   0.19842   0.05663   0.02184   0.02088   0.06987   0.02373   0.00175   0.01951   0.01631   0.00237   0.00388   3.72762   0.35352  
 49  0.0834   4293.453832  x:  0.01276   0.00436   0.00236   0.00649   0.00671   0.00175   0.19862   0.05764   0.01930   0.01892   0.06874   0.02271   0.00146   0.01989   0.01747   0.00280   0.00681   3.77544   0.35526  
 50  0.0648   4292.059266  x:  0.01590   0.00522   0.00176   0.00595   0.00682   0.00121   0.19549   0.05500   0.01589   0.02212   0.07046   0.02679   0.00184   0.01789   0.01646   0.00394   0.00656   3.61510   0.36109  
 51  0.0699   4290.710347  x:  0.01572   0.00486   0.00120   0.00633   0.00853   0.00163   0.19596   0.05637   0.02071   0.01944   0.07034   0.02434   0.00158   0.01877   0.01542   0.00600   0.00562   3.77010   0.36060  
 52  0.0438   4290.133336  x:  0.01353   0.00449   0.00140   0.00579   0.00754   0.00160   0.19773   0.05619   0.01880   0.02181   0.07010   0.02463   0.00186   0.01873   0.01662   0.00767   0.00631   3.64407   0.35249  
 53  0.0579   4289.972037  x:  0.01451   0.00481   0.00154   0.00632   0.00795   0.00167   0.19709   0.05568   0.01856   0.02083   0.07014   0.02498   0.00169   0.01856   0.01597   0.00891   0.00644   3.66576   0.35936  
 54  0.0122   4289.952398  x:  0.01442   0.00470   0.00155   0.00608   0.00778   0.00157   0.19709   0.05599   0.01881   0.02081   0.07014   0.02476   0.00173   0.01865   0.01611   0.00937   0.00631   3.67749   0.35685  
 55  0.0088   4289.951871  x:  0.01441   0.00471   0.00155   0.00609   0.00781   0.00159   0.19703   0.05598   0.01873   0.02087   0.07013   0.02481   0.00173   0.01864   0.01614   0.00944   0.00629   3.67589   0.35706  
 56  0.0014   4289.951862  x:  0.01441   0.00471   0.00155   0.00610   0.00782   0.00159   0.19703   0.05597   0.01875   0.02087   0.07012   0.02481   0.00173   0.01864   0.01614   0.00944   0.00628   3.67559   0.35707  
 57  0.0003   4289.951862  x:  0.01441   0.00471   0.00155   0.00610   0.00781   0.00159   0.19704   0.05597   0.01875   0.02087   0.07012   0.02481   0.00173   0.01864   0.01614   0.00944   0.00628   3.67560   0.35707  