

TREE # 1

  0  0.0000  17545.661501  x:  0.06571   0.01924   0.02155   0.01565   0.08181   0.03725   0.06330   0.06256   0.07882   0.04475   0.09737   0.08096   0.10497   0.09530   0.05094   0.05954   0.09383   0.03620   0.10829   0.07304   0.09811   0.04999   0.05000   0.07233   0.07613   0.06141   0.10032   0.01106   0.06056   0.09581   0.09977   0.03237   0.01422   0.05004   0.09528   0.01408   0.05256   0.80634   0.81958  
  1 99.0000  14333.192441  x:  0.22431   0.90084   0.65379   0.44046   0.47312   0.22410   0.15146   0.03671   0.05134   0.00000   0.06512   0.07410   0.06072   0.04971   0.06546   0.07693   0.20592   0.09494   0.12841   0.04903   0.07294   0.04000   0.04689   0.03193   0.03948   0.15111   0.10704   1.30141   0.22823   0.35034   0.10976   0.16591   0.96982   0.35430   0.38521   0.14158   0.07945   0.88370   0.75156  
  2 20359.5627  14168.263904  x:  0.22112   0.89557   0.64776   0.43043   0.48982   0.22296   0.15923   0.01598   0.02237   0.00000   0.03741   0.07171   0.01837   0.00501   0.06642   0.08033   0.23427   0.09137   0.13817   0.03289   0.05556   0.03883   0.04441   0.00000   0.01244   0.16599   0.10589   1.29610   0.22189   0.36514   0.10268   0.16305   0.96588   0.36954   0.42306   0.12050   0.06925   0.94338   0.67466  
  3 1418.1038  14151.136119  x:  0.22077   0.89499   0.64709   0.42931   0.49169   0.22283   0.16010   0.01367   0.01913   0.00000   0.03430   0.07144   0.01363   0.00000   0.06653   0.08071   0.23745   0.09097   0.13927   0.03108   0.05362   0.03870   0.04414   0.00011   0.00945   0.16765   0.10576   1.29552   0.22118   0.36680   0.10189   0.16273   0.96544   0.37125   0.42731   0.11813   0.06811   0.95007   0.66604  
  4 27844.3577  14119.538772  x:  0.21982   0.89345   0.64531   0.42632   0.49670   0.22250   0.16242   0.00794   0.01077   0.00000   0.02630   0.07079   0.00166   0.00215   0.06684   0.08169   0.24578   0.08992   0.14214   0.02649   0.04859   0.03839   0.04347   0.00032   0.00280   0.17204   0.10545   1.29397   0.21929   0.37123   0.09981   0.16189   0.96430   0.37578   0.43856   0.11190   0.06516   0.96782   0.64294  
  5 9841.9191  14099.780141  x:  0.21921   0.89247   0.64418   0.42437   0.49999   0.22227   0.16393   0.00538   0.00625   0.00000   0.02177   0.07041   0.00018   0.00247   0.06705   0.08228   0.25100   0.08928   0.14394   0.02396   0.04564   0.03827   0.04311   0.00034   0.00650   0.17479   0.10535   1.29301   0.21805   0.37411   0.09851   0.16138   0.96358   0.37869   0.44580   0.10796   0.06339   0.97926   0.62770  
  6 7489.3745  14074.706925  x:  0.21838   0.89115   0.64264   0.42172   0.50444   0.22197   0.16599   0.00173   0.00000   0.00000   0.01551   0.06988   0.00081   0.00298   0.06733   0.08309   0.25813   0.08839   0.14639   0.02044   0.04157   0.03809   0.04261   0.00039   0.00950   0.17855   0.10519   1.29170   0.21638   0.37803   0.09674   0.16069   0.96261   0.38264   0.45564   0.10258   0.06097   0.99482   0.60705  
  7 114871.6151  14058.559774  x:  0.21791   0.89039   0.64176   0.42021   0.50699   0.22180   0.16716   0.00000   0.00056   0.00000   0.01210   0.06959   0.00103   0.00322   0.06749   0.08355   0.26219   0.08789   0.14779   0.01847   0.03927   0.03799   0.04235   0.00042   0.01074   0.18070   0.10512   1.29095   0.21542   0.38027   0.09573   0.16029   0.96205   0.38490   0.46126   0.09952   0.05959   1.00370   0.59524  
  8 23124.5288  13982.650152  x:  0.21501   0.88579   0.63639   0.41087   0.52274   0.22076   0.17464   0.01330   0.00099   0.00000   0.00000   0.06801   0.00158   0.00415   0.06859   0.08606   0.28632   0.08494   0.15610   0.00938   0.02703   0.03772   0.04162   0.00052   0.01453   0.19352   0.10575   1.28640   0.20951   0.39403   0.08979   0.15798   0.95867   0.39860   0.49545   0.08129   0.05197   1.05787   0.52177  
  9 20335.5254  13899.724275  x:  0.21203   0.88106   0.63089   0.40129   0.53891   0.21967   0.18225   0.02143   0.00130   0.00000   0.00211   0.06650   0.00204   0.00504   0.06982   0.08874   0.31121   0.08193   0.16467   0.00000   0.01437   0.03739   0.04067   0.00062   0.01803   0.20673   0.10616   1.28173   0.20344   0.40816   0.08366   0.15560   0.95521   0.41270   0.53060   0.06254   0.04408   1.11354   0.44646  
 10 58700.1218  13821.403551  x:  0.20857   0.87556   0.62447   0.39007   0.55788   0.21836   0.19107   0.02833   0.00158   0.00000   0.00364   0.06481   0.00248   0.00591   0.07123   0.09193   0.34006   0.07884   0.17478   0.00822   0.00246   0.03719   0.03962   0.00073   0.02134   0.22202   0.10655   1.27629   0.19635   0.42471   0.07665   0.15287   0.95117   0.42913   0.57162   0.04115   0.03547   1.17848   0.35816  
 11 48789.2689  13742.510651  x:  0.20429   0.86870   0.61650   0.37605   0.58163   0.21662   0.20198   0.03520   0.00189   0.00000   0.00508   0.06286   0.00293   0.00685   0.07294   0.09580   0.37565   0.07508   0.18714   0.01396   0.01408   0.03732   0.03845   0.00084   0.02487   0.24081   0.10697   1.26948   0.18751   0.44537   0.06820   0.14959   0.94612   0.44954   0.62263   0.01589   0.02619   1.25916   0.24824  
 12 39031.4789  13713.095870  x:  0.20250   0.86366   0.61159   0.36734   0.59594   0.21420   0.20728   0.03667   0.00196   0.00000   0.00534   0.06393   0.00305   0.00712   0.07316   0.09669   0.39081   0.07477   0.19122   0.01465   0.01474   0.03934   0.04047   0.00086   0.02586   0.24784   0.10709   1.26322   0.18273   0.45722   0.06791   0.14908   0.94170   0.45973   0.64939   0.04237   0.05257   1.30012   0.20620  
 13 2225.5604  13616.755752  x:  0.20154   0.83045   0.58256   0.29868   0.73532   0.18455   0.24648   0.05692   0.00282   0.00000   0.00905   0.08658   0.00450   0.01029   0.06979   0.09241   0.47677   0.08954   0.20041   0.02586   0.02611   0.05946   0.06666   0.00119   0.03754   0.27604   0.10841   1.21541   0.15254   0.56592   0.10591   0.15851   0.91096   0.54093   0.86265   0.05603   0.10040   1.59543   0.32065  
 14 779.4460  13596.885384  x:  0.20374   0.82876   0.58283   0.26940   0.78862   0.17249   0.23998   0.05910   0.00304   0.00000   0.00941   0.06933   0.00459   0.01049   0.06886   0.07406   0.44110   0.09039   0.16804   0.02711   0.02729   0.02445   0.03485   0.00126   0.03802   0.24022   0.10408   1.20599   0.14172   0.59693   0.11175   0.15918   0.90675   0.54643   0.89814   0.06803   0.09040   1.64405   0.32664  
 15 376.2242  13579.755814  x:  0.20735   0.83006   0.58713   0.22543   0.86460   0.15879   0.22680   0.05796   0.00298   0.00000   0.00934   0.05641   0.00449   0.01025   0.06840   0.06042   0.37301   0.09256   0.12305   0.02696   0.02664   0.05471   0.03531   0.00123   0.03710   0.18438   0.09919   1.19517   0.12628   0.63738   0.11478   0.15805   0.90309   0.54603   0.93461   0.08077   0.06948   1.69399   0.32267  
 16 703.2306  13571.025814  x:  0.21017   0.83294   0.59291   0.19064   0.91936   0.15594   0.21862   0.05614   0.00286   0.00000   0.00901   0.07508   0.00439   0.00999   0.06896   0.07379   0.32036   0.09503   0.11871   0.02633   0.02629   0.04047   0.06364   0.00115   0.03645   0.16087   0.10034   1.18745   0.11532   0.66344   0.11276   0.15568   0.90098   0.53946   0.95102   0.08553   0.05932   1.71610   0.31852  
 17 490.2204  13561.493082  x:  0.21479   0.84000   0.60600   0.13254   1.00172   0.16478   0.21194   0.05557   0.00291   0.00000   0.00875   0.08025   0.00433   0.00983   0.07072   0.08839   0.25375   0.09270   0.15708   0.02552   0.02603   0.04794   0.04513   0.00116   0.03586   0.17350   0.10677   1.17467   0.10004   0.69734   0.10573   0.15184   0.89786   0.51976   0.96058   0.08406   0.06125   1.72731   0.31890  
 18 309.9820  13554.884512  x:  0.21966   0.85057   0.62508   0.06635   1.08748   0.17784   0.20957   0.05458   0.00279   0.00000   0.00895   0.05628   0.00428   0.00979   0.06613   0.07707   0.24823   0.08812   0.15444   0.02545   0.02578   0.04315   0.06274   0.00112   0.03555   0.20009   0.10379   1.15973   0.08834   0.72597   0.10426   0.15474   0.89441   0.48938   0.95365   0.07577   0.07085   1.71465   0.31751  
 19 204.4438  13547.882074  x:  0.22449   0.86213   0.64616   0.00000   1.17438   0.18666   0.20720   0.05430   0.00277   0.00000   0.00868   0.07492   0.00425   0.00964   0.06843   0.07274   0.26751   0.08939   0.14091   0.02528   0.02537   0.04506   0.05639   0.00112   0.03524   0.21086   0.10106   1.14394   0.08020   0.75245   0.10439   0.15838   0.89045   0.45739   0.94244   0.06997   0.07619   1.69544   0.31386  
 20 413.9614  13545.436354  x:  0.22744   0.86820   0.66160   0.00000   1.24139   0.18403   0.20584   0.05455   0.00281   0.00000   0.00871   0.06674   0.00426   0.00968   0.07027   0.09148   0.29299   0.09417   0.14695   0.02509   0.02539   0.04588   0.05355   0.00113   0.03528   0.19844   0.10539   1.12757   0.08225   0.76973   0.10322   0.15761   0.88302   0.43603   0.93388   0.07233   0.07311   1.68026   0.31222  
 21 176.2464  13543.657299  x:  0.22847   0.86927   0.67044   0.00000   1.28191   0.17401   0.20940   0.05425   0.00278   0.00000   0.00878   0.06871   0.00424   0.00964   0.06383   0.07673   0.30291   0.08536   0.16457   0.02512   0.02537   0.04598   0.05715   0.00111   0.03521   0.18840   0.10643   1.11222   0.09045   0.77435   0.10294   0.15464   0.87314   0.43088   0.93036   0.07609   0.06741   1.67152   0.30973  
 22 88.9610  13539.334996  x:  0.22806   0.86368   0.68610   0.00000   1.36673   0.14773   0.23209   0.05331   0.00270   0.00000   0.00848   0.06427   0.00420   0.00944   0.09340   0.06716   0.29373   0.09152   0.17017   0.02462   0.02497   0.04495   0.06353   0.00108   0.03470   0.20194   0.09875   1.06191   0.11525   0.76654   0.10710   0.14995   0.83579   0.44194   0.92894   0.07507   0.06538   1.65650   0.30153  
 23 82.7333  13531.297074  x:  0.22542   0.85184   0.70824   0.00000   1.49812   0.12260   0.26881   0.05162   0.00263   0.00000   0.00853   0.05968   0.00407   0.00920   0.06169   0.07996   0.26996   0.09386   0.15647   0.02394   0.02412   0.04495   0.06439   0.00104   0.03377   0.23038   0.09794   0.97507   0.14717   0.74706   0.11030   0.14645   0.77093   0.46633   0.93007   0.06584   0.07150   1.63720   0.28808  
 24 307.5291  13527.044465  x:  0.22021   0.84262   0.71262   0.00000   1.55565   0.15760   0.26700   0.05016   0.00256   0.00000   0.00848   0.05416   0.00403   0.00907   0.06876   0.08117   0.26217   0.07127   0.15149   0.02429   0.02404   0.04404   0.06767   0.00101   0.03335   0.22794   0.11808   0.92595   0.13646   0.73513   0.09591   0.15185   0.73785   0.47523   0.93361   0.05987   0.07914   1.63835   0.28627  
 25 124.1482  13522.812676  x:  0.21304   0.83152   0.71119   0.00000   1.60271   0.19696   0.23281   0.05044   0.00254   0.00000   0.00854   0.04769   0.00400   0.00896   0.06385   0.07143   0.25727   0.09556   0.16325   0.02363   0.02385   0.04312   0.07264   0.00099   0.03303   0.22558   0.10610   0.87633   0.10576   0.72671   0.08461   0.16417   0.70989   0.47503   0.93604   0.05807   0.08024   1.64669   0.28321  
 26 151.9939  13521.119627  x:  0.21135   0.82581   0.70730   0.00000   1.61398   0.19755   0.20147   0.05137   0.00253   0.00000   0.00858   0.04526   0.00400   0.00895   0.06437   0.07705   0.25635   0.08289   0.16490   0.02387   0.02395   0.04322   0.07400   0.00098   0.03302   0.23487   0.09432   0.85895   0.09247   0.73089   0.09249   0.16564   0.70583   0.46694   0.93548   0.06167   0.07554   1.65429   0.28253  
 27 89.4492  13520.369408  x:  0.21292   0.82054   0.70182   0.00000   1.61340   0.19317   0.18691   0.05088   0.00250   0.00000   0.00858   0.04447   0.00399   0.00891   0.06403   0.07447   0.25527   0.08622   0.16313   0.02383   0.02396   0.04293   0.07529   0.00097   0.03289   0.24242   0.10712   0.85135   0.09064   0.74155   0.09307   0.15652   0.71006   0.45458   0.93329   0.06303   0.07374   1.66151   0.28225  
 28 53.3316  13519.097053  x:  0.22348   0.80476   0.68382   0.00000   1.60065   0.19999   0.19497   0.05065   0.00248   0.00000   0.00857   0.04248   0.00396   0.00881   0.06337   0.07457   0.25055   0.08513   0.16309   0.02378   0.02391   0.04258   0.07644   0.00095   0.03260   0.24243   0.09972   0.83772   0.09824   0.77841   0.09322   0.14147   0.72857   0.41661   0.92552   0.06049   0.07706   1.68005   0.28215  
 29 45.4256  13518.723923  x:  0.23035   0.79924   0.67714   0.00000   1.59586   0.19985   0.19954   0.05008   0.00246   0.00000   0.00853   0.04186   0.00393   0.00874   0.06335   0.07415   0.24851   0.08565   0.16442   0.02361   0.02377   0.04258   0.07695   0.00094   0.03236   0.24256   0.10317   0.83281   0.09903   0.79127   0.09908   0.15271   0.73458   0.40612   0.92311   0.06030   0.07627   1.68429   0.28053  
 30 51.0074  13518.363996  x:  0.24401   0.79447   0.67030   0.00000   1.59184   0.19287   0.20241   0.05001   0.00245   0.00000   0.00854   0.04156   0.00392   0.00869   0.06334   0.07475   0.24870   0.08429   0.16405   0.02369   0.02385   0.04255   0.07719   0.00094   0.03224   0.24506   0.10260   0.82824   0.09469   0.80403   0.08484   0.16304   0.74005   0.40424   0.92326   0.06210   0.07446   1.68459   0.28097  
 31 25.4778  13517.630393  x:  0.27463   0.78616   0.65735   0.00000   1.58847   0.18940   0.20506   0.04907   0.00240   0.00000   0.00843   0.04088   0.00385   0.00844   0.06374   0.07483   0.25107   0.08422   0.16654   0.02335   0.02351   0.04254   0.07749   0.00090   0.03151   0.24138   0.10341   0.82210   0.07675   0.82392   0.09156   0.15509   0.74758   0.42148   0.93036   0.05562   0.08111   1.67426   0.27786  
 32 14.6110  13516.713951  x:  0.28467   0.77362   0.64440   0.00000   1.58958   0.20237   0.20691   0.04844   0.00235   0.00000   0.00840   0.04149   0.00379   0.00817   0.06302   0.07537   0.25465   0.08518   0.16603   0.02339   0.02369   0.04278   0.07751   0.00086   0.03083   0.24895   0.10365   0.81854   0.07879   0.83770   0.09569   0.14924   0.75142   0.43604   0.94238   0.06829   0.06447   1.66895   0.27628  
 33 20.2357  13512.288419  x:  0.26633   0.71935   0.59768   0.00000   1.59902   0.21954   0.17309   0.04416   0.00204   0.00000   0.00788   0.04502   0.00336   0.00653   0.06325   0.07543   0.26398   0.08540   0.16814   0.02228   0.02280   0.04311   0.07703   0.00062   0.02632   0.24984   0.10074   0.82418   0.13399   0.87332   0.08843   0.16074   0.76443   0.47343   0.99998   0.05436   0.07833   1.67268   0.27039  
 34 32.9030  13504.094939  x:  0.19939   0.69341   0.57004   0.00000   1.59567   0.18879   0.21391   0.03579   0.00153   0.00000   0.00716   0.04716   0.00266   0.00382   0.06492   0.07803   0.28017   0.08247   0.17397   0.02097   0.02211   0.04331   0.07611   0.00023   0.01886   0.25128   0.10584   0.85158   0.08530   0.85438   0.08511   0.15860   0.76051   0.45763   1.05651   0.05414   0.07557   1.74750   0.27030  
 35 34.5645  13500.856746  x:  0.24994   0.72638   0.60723   0.00000   1.57983   0.19608   0.20571   0.03303   0.00134   0.00000   0.00692   0.04904   0.00240   0.00278   0.06526   0.07839   0.28507   0.08290   0.17493   0.02057   0.02197   0.04339   0.07549   0.00008   0.01606   0.25214   0.10554   0.82939   0.10764   0.82489   0.08697   0.15678   0.73252   0.44172   1.05781   0.05421   0.07506   1.82208   0.27064  
 36 39.2624  13499.238895  x:  0.20394   0.77607   0.65837   0.00000   1.54330   0.19477   0.20818   0.03306   0.00133   0.00000   0.00694   0.04944   0.00242   0.00281   0.06560   0.07909   0.28673   0.08274   0.17600   0.02066   0.02207   0.04330   0.07506   0.00008   0.01615   0.25055   0.10593   0.75974   0.10669   0.87701   0.08555   0.15844   0.73774   0.47369   1.04855   0.05397   0.07549   1.83607   0.27009  
 37  5.6524  13474.577263  x:  0.30714   0.80648   0.67939   0.00000   1.43989   0.18496   0.22079   0.04298   0.00176   0.00000   0.00817   0.06529   0.00367   0.00659   0.06981   0.08316   0.32293   0.08089   0.18467   0.02454   0.02544   0.04214   0.06813   0.00074   0.02697   0.24963   0.10720   0.67799   0.14434   0.79762   0.08885   0.15074   0.55932   0.35656   1.22788   0.05697   0.07975   2.06764   0.26481  
 38  3.3241  13472.678865  x:  0.31438   0.78502   0.67602   0.06185   1.45160   0.18484   0.22153   0.04367   0.00179   0.00000   0.00827   0.06673   0.00376   0.00688   0.06999   0.08367   0.32691   0.08080   0.18533   0.02486   0.02575   0.04207   0.06736   0.00079   0.02778   0.24960   0.10738   0.66498   0.14613   0.77472   0.08909   0.15051   0.58306   0.37330   1.19102   0.05741   0.08036   2.11097   0.26613  
 39 38.5736  13470.598534  x:  0.31988   0.74635   0.66672   0.03130   1.47963   0.18529   0.22197   0.04419   0.00182   0.00000   0.00836   0.06818   0.00384   0.00713   0.07001   0.08427   0.33148   0.08078   0.18589   0.02516   0.02608   0.04204   0.06647   0.00083   0.02847   0.24961   0.10760   0.64743   0.14683   0.73984   0.08927   0.15064   0.63715   0.41128   1.11296   0.05800   0.08116   2.17183   0.26884  
 40 44.4704  13470.270541  x:  0.31793   0.73864   0.66267   0.02777   1.48058   0.18649   0.22117   0.04415   0.00182   0.00000   0.00837   0.06852   0.00384   0.00715   0.06996   0.08419   0.33257   0.08081   0.18583   0.02518   0.02613   0.04204   0.06632   0.00084   0.02850   0.25036   0.10748   0.67004   0.14633   0.75839   0.08909   0.15097   0.61055   0.42731   1.07867   0.05801   0.08141   2.18738   0.26958  
 41  9.5636  13455.658759  x:  0.25479   0.66753   0.45523   0.04937   1.37954   0.16676   0.23611   0.04390   0.00193   0.00000   0.00991   0.06834   0.00396   0.00691   0.07109   0.08502   0.35443   0.08341   0.17535   0.02922   0.03011   0.04062   0.04860   0.00094   0.02755   0.23166   0.10775   0.59126   0.14863   0.84713   0.08910   0.15276   0.60655   0.47687   1.18754   0.06269   0.08505   2.21487   0.27604  
 42  0.3319  13454.345628  x:  0.25325   0.59150   0.51315   0.04969   1.35818   0.16500   0.23770   0.04393   0.00194   0.00000   0.01007   0.06823   0.00398   0.00689   0.07121   0.08505   0.35591   0.08368   0.17427   0.02962   0.03050   0.04047   0.04696   0.00095   0.02748   0.22958   0.10778   0.59323   0.14003   0.86128   0.08899   0.15300   0.60726   0.47732   1.21006   0.06343   0.08492   2.21379   0.27609  
 43 23.0719  13446.884846  x:  0.20483   0.62885   0.54296   0.07581   1.22952   0.17409   0.21732   0.03866   0.00196   0.00000   0.01203   0.06619   0.00377   0.00642   0.06807   0.07930   0.36361   0.08741   0.15592   0.03361   0.03459   0.04150   0.04343   0.00112   0.02392   0.20802   0.10565   0.51296   0.15492   0.79048   0.09535   0.15242   0.52445   0.48712   1.17845   0.06818   0.08414   2.11197   0.29347  
 44  0.1112  13442.877998  x:  0.25486   0.56136   0.49932   0.07336   1.20693   0.17037   0.21595   0.03215   0.00187   0.00000   0.01313   0.07164   0.00355   0.00593   0.06991   0.07753   0.36077   0.08752   0.15570   0.03540   0.03664   0.04189   0.05166   0.00123   0.02076   0.21173   0.10678   0.52459   0.15286   0.74480   0.09668   0.15082   0.53318   0.46555   1.07835   0.06818   0.08070   1.99947   0.29950  
 45  0.1443  13441.697421  x:  0.26267   0.58440   0.51400   0.07471   1.19860   0.16211   0.22987   0.02795   0.00180   0.00000   0.01349   0.07539   0.00354   0.00563   0.07105   0.08195   0.36123   0.08571   0.16381   0.03573   0.03729   0.04244   0.04727   0.00133   0.01940   0.21534   0.10933   0.50621   0.15707   0.77774   0.09348   0.15181   0.55064   0.45969   1.04143   0.06403   0.07929   1.98279   0.29740  
 46  0.0450  13440.128440  x:  0.24764   0.57162   0.50887   0.06496   1.24051   0.16949   0.23362   0.02143   0.00173   0.00000   0.01462   0.07630   0.00374   0.00515   0.07030   0.08553   0.36667   0.08365   0.17021   0.03727   0.03944   0.04097   0.04198   0.00155   0.01781   0.21595   0.11170   0.54036   0.16806   0.77066   0.09046   0.15252   0.52007   0.45737   1.05797   0.05620   0.07749   2.00376   0.29508  
 47  0.0305  13437.929203  x:  0.24518   0.57929   0.51396   0.06984   1.20537   0.17755   0.22264   0.01517   0.00190   0.00000   0.01723   0.07349   0.00437   0.00487   0.06988   0.08042   0.37099   0.08400   0.16737   0.04120   0.04419   0.03790   0.05227   0.00196   0.01742   0.21527   0.11219   0.52298   0.16432   0.77217   0.09238   0.15140   0.54831   0.45665   1.11708   0.05041   0.07293   2.04411   0.29631  
 48  0.0400  13436.323542  x:  0.25878   0.59514   0.51430   0.06944   1.24581   0.16350   0.22220   0.01769   0.00259   0.00000   0.01968   0.07076   0.00513   0.00514   0.07033   0.07571   0.36342   0.08628   0.15533   0.04480   0.04818   0.04243   0.04891   0.00237   0.01926   0.21351   0.11138   0.53424   0.14536   0.76582   0.09492   0.15119   0.55378   0.47367   1.09167   0.05273   0.07201   2.05583   0.29878  
 49  0.0311  13434.984550  x:  0.24903   0.57322   0.51371   0.07097   1.24319   0.17515   0.22474   0.01733   0.00347   0.00000   0.02326   0.07067   0.00604   0.00472   0.07051   0.07936   0.35543   0.08655   0.16190   0.04927   0.05387   0.04165   0.04769   0.00295   0.01912   0.21471   0.10959   0.52409   0.15356   0.79497   0.09236   0.15248   0.54175   0.46664   1.07289   0.05206   0.07566   2.01562   0.29421  
 50  0.0240  13434.473196  x:  0.24635   0.59333   0.51878   0.06686   1.21634   0.16764   0.22841   0.01842   0.00395   0.00000   0.02467   0.06971   0.00650   0.00442   0.07003   0.07980   0.35730   0.08500   0.16404   0.05047   0.05584   0.03973   0.04830   0.00321   0.01923   0.21430   0.11066   0.54754   0.15604   0.77224   0.09256   0.15207   0.54999   0.45948   1.08867   0.05510   0.07691   2.01901   0.29286  
 51  0.0344  13433.996671  x:  0.25222   0.59616   0.51873   0.06782   1.25643   0.17036   0.22199   0.01882   0.00441   0.00000   0.02584   0.07146   0.00691   0.00369   0.06927   0.07760   0.36022   0.08390   0.16227   0.05052   0.05705   0.03865   0.04918   0.00349   0.01830   0.21668   0.11060   0.52303   0.15353   0.76386   0.09322   0.15132   0.55377   0.46205   1.09556   0.05931   0.07846   2.03174   0.28996  
 52  0.0243  13433.303423  x:  0.25489   0.58693   0.51520   0.06758   1.23756   0.17228   0.22100   0.01669   0.00483   0.00000   0.02644   0.07397   0.00721   0.00220   0.07128   0.07732   0.36696   0.08640   0.16017   0.04796   0.05658   0.04066   0.04810   0.00378   0.01541   0.21398   0.10989   0.54276   0.14712   0.78477   0.09379   0.15159   0.55642   0.46895   1.08843   0.06288   0.08117   2.03202   0.29001  
 53  0.0167  13432.173808  x:  0.24920   0.58921   0.53154   0.06984   1.24726   0.16787   0.23392   0.01843   0.00508   0.00000   0.02398   0.07102   0.00739   0.00149   0.07052   0.08254   0.36644   0.08678   0.16289   0.03761   0.04897   0.04263   0.05066   0.00387   0.01584   0.21463   0.11101   0.54371   0.16381   0.78252   0.09140   0.15372   0.53958   0.46871   1.09459   0.06195   0.08404   2.04311   0.28944  
 54  0.0102  13430.808236  x:  0.25126   0.58823   0.51186   0.06844   1.22686   0.17187   0.22515   0.01872   0.00589   0.00000   0.02391   0.07015   0.00846   0.00199   0.06908   0.08168   0.35397   0.08404   0.16363   0.02986   0.04502   0.04090   0.04619   0.00453   0.01934   0.21139   0.10871   0.52904   0.15798   0.76863   0.09452   0.15117   0.55846   0.45491   1.08856   0.05905   0.07894   2.03363   0.29564  
 55  0.0182  13430.178609  x:  0.25186   0.58847   0.51159   0.06882   1.22974   0.16979   0.22167   0.01535   0.00709   0.00000   0.02759   0.07091   0.00989   0.00135   0.07084   0.08012   0.35397   0.08481   0.16418   0.03018   0.04889   0.03953   0.04743   0.00550   0.01925   0.21415   0.11023   0.52800   0.15059   0.77140   0.09344   0.15111   0.54627   0.46068   1.08231   0.05847   0.07646   2.02042   0.29457  
 56  0.0160  13429.961819  x:  0.25184   0.58325   0.51663   0.06969   1.22801   0.17197   0.22415   0.01679   0.00767   0.00000   0.02866   0.07081   0.01057   0.00190   0.07070   0.08113   0.35836   0.08632   0.16435   0.02916   0.04932   0.04081   0.04790   0.00593   0.02068   0.21416   0.11070   0.53367   0.15333   0.77833   0.09259   0.15218   0.54580   0.46725   1.08667   0.05717   0.07730   2.03068   0.29388  
 57  0.0123  13429.852826  x:  0.24884   0.58603   0.51653   0.06938   1.23251   0.17048   0.22602   0.01612   0.00813   0.00000   0.02939   0.07221   0.01094   0.00182   0.06982   0.08175   0.36271   0.08541   0.16344   0.02739   0.04905   0.04119   0.04736   0.00630   0.01955   0.21243   0.11010   0.53202   0.15578   0.77246   0.09323   0.15204   0.55004   0.46437   1.08735   0.05749   0.07824   2.02229   0.29403  
 58  0.0074  13429.748669  x:  0.24996   0.58883   0.51386   0.06866   1.23263   0.17002   0.22425   0.01594   0.00825   0.00000   0.03006   0.07293   0.01088   0.00236   0.07042   0.08145   0.36277   0.08490   0.16327   0.02887   0.05021   0.04032   0.04775   0.00644   0.01788   0.21306   0.10960   0.53035   0.15457   0.77409   0.09346   0.15142   0.54656   0.46195   1.08717   0.05876   0.07744   2.02114   0.29425  
 59  0.0032  13429.694421  x:  0.25117   0.58597   0.51526   0.06847   1.23187   0.17101   0.22402   0.01645   0.00833   0.00000   0.02972   0.07190   0.01082   0.00259   0.07053   0.08155   0.35999   0.08565   0.16403   0.02744   0.04893   0.04058   0.04777   0.00650   0.01708   0.21366   0.11008   0.53286   0.15423   0.77767   0.09297   0.15175   0.54653   0.46410   1.08849   0.05868   0.07751   2.02919   0.29410  
 60  0.0067  13429.681936  x:  0.24990   0.58574   0.51600   0.06911   1.23179   0.17084   0.22482   0.01649   0.00832   0.00000   0.02978   0.07116   0.01077   0.00272   0.07000   0.08151   0.35859   0.08559   0.16421   0.02791   0.04905   0.04081   0.04733   0.00651   0.01702   0.21327   0.11022   0.53258   0.15417   0.77450   0.09301   0.15195   0.54913   0.46460   1.08830   0.05777   0.07781   2.02761   0.29394  
 61  0.0032  13429.625404  x:  0.24955   0.58940   0.51480   0.07089   1.23009   0.17153   0.22428   0.01696   0.00857   0.00000   0.03007   0.07087   0.01076   0.00285   0.07045   0.08132   0.35863   0.08507   0.16366   0.02807   0.04845   0.04058   0.04757   0.00673   0.01698   0.21355   0.10929   0.53141   0.15155   0.77491   0.09356   0.15168   0.54748   0.46434   1.08681   0.05728   0.07806   2.02442   0.29398  
 62  0.0009  13429.458330  x:  0.24988   0.59164   0.51162   0.07216   1.22596   0.17189   0.22356   0.01803   0.00952   0.00000   0.03094   0.07053   0.01037   0.00302   0.07141   0.08124   0.36208   0.08415   0.16221   0.02967   0.04505   0.04020   0.04755   0.00767   0.01694   0.21465   0.10784   0.52928   0.14753   0.77625   0.09385   0.15160   0.54659   0.46467   1.08418   0.05620   0.07841   2.02130   0.29388  
 63  0.0042  13429.306130  x:  0.25109   0.58603   0.51728   0.06839   1.23254   0.17171   0.22391   0.01658   0.00960   0.00000   0.03062   0.07164   0.00980   0.00248   0.07002   0.08140   0.36181   0.08575   0.16379   0.03105   0.04297   0.04101   0.04724   0.00790   0.01728   0.21319   0.11016   0.53337   0.15489   0.77476   0.09280   0.15189   0.54749   0.46360   1.08733   0.05744   0.07696   2.02617   0.29402  
 64  0.0063  13429.291075  x:  0.24965   0.58470   0.51406   0.06914   1.23013   0.17005   0.22484   0.01622   0.00960   0.00000   0.03064   0.07166   0.00973   0.00243   0.07016   0.08130   0.35977   0.08542   0.16356   0.03141   0.04311   0.04099   0.04714   0.00793   0.01728   0.21295   0.11008   0.53143   0.15413   0.77607   0.09304   0.15182   0.54828   0.46482   1.08917   0.05819   0.07736   2.02960   0.29438  
 65  0.0041  13429.271327  x:  0.25037   0.58854   0.51544   0.06929   1.23217   0.17192   0.22411   0.01564   0.00973   0.00000   0.03069   0.07140   0.00966   0.00254   0.07031   0.08148   0.35700   0.08527   0.16359   0.03135   0.04302   0.04100   0.04746   0.00811   0.01746   0.21332   0.10984   0.53258   0.15371   0.77502   0.09333   0.15177   0.54757   0.46430   1.08742   0.05857   0.07810   2.02806   0.29447  
 66  0.0019  13429.225747  x:  0.25011   0.58474   0.51710   0.06915   1.23231   0.17050   0.22513   0.01504   0.00996   0.00000   0.03048   0.07119   0.00953   0.00286   0.06989   0.08173   0.36079   0.08546   0.16373   0.03047   0.04313   0.04102   0.04698   0.00844   0.01798   0.21367   0.11093   0.53285   0.15395   0.77656   0.09277   0.15200   0.54772   0.46398   1.09094   0.05950   0.07902   2.02590   0.29331  
 67  0.0015  13429.133703  x:  0.24943   0.58741   0.51310   0.06766   1.23211   0.17306   0.22229   0.01491   0.00968   0.00000   0.02865   0.07137   0.00839   0.00318   0.07042   0.08103   0.36229   0.08614   0.16388   0.03106   0.04380   0.04073   0.04654   0.00851   0.01798   0.21223   0.11008   0.53370   0.15284   0.77587   0.09318   0.15178   0.55228   0.46517   1.08392   0.06034   0.07761   2.02980   0.29360  
 68  0.0022  13428.997339  x:  0.25077   0.58760   0.51671   0.07082   1.23263   0.16925   0.22590   0.01592   0.01006   0.00000   0.02739   0.07157   0.00746   0.00314   0.06958   0.08220   0.36005   0.08496   0.16334   0.03034   0.04557   0.04093   0.04690   0.00909   0.01781   0.21394   0.10996   0.53085   0.15335   0.77680   0.09302   0.15179   0.54465   0.46353   1.09202   0.05820   0.07751   2.02225   0.29362  
 69  0.0048  13428.940477  x:  0.24988   0.58593   0.51605   0.06885   1.23173   0.17127   0.22463   0.01624   0.01074   0.00000   0.02813   0.07193   0.00765   0.00273   0.07011   0.08269   0.35960   0.08548   0.16363   0.02956   0.04666   0.04091   0.04661   0.00969   0.01767   0.21327   0.10998   0.53275   0.15451   0.77542   0.09308   0.15186   0.54825   0.46499   1.09019   0.05787   0.07802   2.02767   0.29414  
 70  0.0058  13428.936168  x:  0.25002   0.58610   0.51529   0.06885   1.23153   0.17108   0.22429   0.01608   0.01086   0.00000   0.02800   0.07163   0.00748   0.00266   0.07006   0.08232   0.35940   0.08558   0.16389   0.02956   0.04647   0.04083   0.04655   0.00986   0.01770   0.21304   0.11004   0.53254   0.15412   0.77552   0.09303   0.15186   0.54807   0.46462   1.08822   0.05808   0.07767   2.02812   0.29415  
 71  0.0020  13428.935095  x:  0.25035   0.58651   0.51557   0.06924   1.23172   0.17104   0.22435   0.01606   0.01088   0.00000   0.02810   0.07132   0.00755   0.00265   0.07004   0.08217   0.35967   0.08557   0.16385   0.02957   0.04652   0.04080   0.04651   0.00987   0.01767   0.21314   0.11000   0.53228   0.15369   0.77592   0.09304   0.15182   0.54795   0.46397   1.08874   0.05819   0.07762   2.02718   0.29394  
 72  0.0007  13428.928293  x:  0.24989   0.58631   0.51598   0.06894   1.23210   0.17103   0.22461   0.01608   0.01081   0.00000   0.02781   0.07104   0.00756   0.00262   0.07015   0.08234   0.36006   0.08559   0.16374   0.02967   0.04666   0.04078   0.04657   0.00986   0.01762   0.21326   0.10996   0.53267   0.15384   0.77566   0.09305   0.15186   0.54820   0.46406   1.08792   0.05811   0.07776   2.02752   0.29391  
 73  0.0002  13428.906981  x:  0.24944   0.58560   0.51638   0.06839   1.23224   0.17117   0.22498   0.01611   0.01060   0.00000   0.02646   0.07054   0.00785   0.00246   0.07034   0.08279   0.36070   0.08555   0.16352   0.03002   0.04691   0.04075   0.04653   0.00999   0.01749   0.21353   0.10991   0.53335   0.15394   0.77535   0.09301   0.15200   0.54868   0.46419   1.08639   0.05784   0.07823   2.02848   0.29402  
 74  0.0016  13428.886270  x:  0.25002   0.58622   0.51533   0.06912   1.23149   0.17106   0.22423   0.01611   0.01086   0.00000   0.02623   0.07155   0.00830   0.00259   0.07021   0.08241   0.35952   0.08558   0.16383   0.03016   0.04636   0.04081   0.04636   0.01045   0.01753   0.21310   0.11006   0.53224   0.15373   0.77545   0.09303   0.15187   0.54803   0.46446   1.08827   0.05808   0.07780   2.02701   0.29405  
 75  0.0013  13428.886063  x:  0.25014   0.58622   0.51546   0.06902   1.23148   0.17111   0.22431   0.01613   0.01089   0.00000   0.02624   0.07153   0.00829   0.00257   0.07013   0.08240   0.35955   0.08559   0.16378   0.03017   0.04642   0.04083   0.04637   0.01049   0.01754   0.21308   0.11002   0.53243   0.15395   0.77567   0.09305   0.15185   0.54800   0.46437   1.08840   0.05813   0.07770   2.02721   0.29405  
 76  0.0005  13428.885985  x:  0.25009   0.58622   0.51547   0.06897   1.23163   0.17102   0.22441   0.01614   0.01089   0.00000   0.02623   0.07149   0.00828   0.00259   0.07017   0.08242   0.35956   0.08562   0.16375   0.03017   0.04643   0.04083   0.04638   0.01051   0.01754   0.21305   0.10999   0.53241   0.15406   0.77563   0.09304   0.15184   0.54800   0.46428   1.08826   0.05815   0.07765   2.02734   0.29406  
 77  0.0001  13428.885255  x:  0.25014   0.58619   0.51543   0.06897   1.23168   0.17104   0.22437   0.01614   0.01086   0.00000   0.02627   0.07152   0.00828   0.00259   0.07013   0.08242   0.35957   0.08559   0.16374   0.03020   0.04642   0.04084   0.04640   0.01052   0.01753   0.21304   0.11000   0.53240   0.15407   0.77575   0.09306   0.15184   0.54795   0.46404   1.08821   0.05816   0.07768   2.02762   0.29413  
 78  0.0001  13428.880603  x:  0.25062   0.58600   0.51518   0.06899   1.23188   0.17112   0.22414   0.01618   0.01039   0.00000   0.02666   0.07161   0.00829   0.00262   0.06998   0.08234   0.35966   0.08544   0.16375   0.03034   0.04639   0.04088   0.04655   0.01066   0.01751   0.21299   0.11011   0.53219   0.15417   0.77637   0.09315   0.15180   0.54756   0.46260   1.08808   0.05815   0.07789   2.02921   0.29458  
 79  0.0015  13428.876426  x:  0.25012   0.58623   0.51545   0.06900   1.23166   0.17101   0.22438   0.01629   0.01001   0.00000   0.02670   0.07148   0.00828   0.00256   0.07016   0.08211   0.35962   0.08556   0.16380   0.03011   0.04641   0.04082   0.04666   0.01078   0.01754   0.21321   0.11005   0.53245   0.15396   0.77572   0.09305   0.15185   0.54802   0.46431   1.08830   0.05814   0.07770   2.02729   0.29408  
 80  0.0009  13428.876414  x:  0.25011   0.58623   0.51546   0.06900   1.23164   0.17100   0.22439   0.01628   0.01003   0.00000   0.02670   0.07150   0.00827   0.00256   0.07017   0.08213   0.35957   0.08557   0.16378   0.03012   0.04641   0.04082   0.04665   0.01078   0.01754   0.21320   0.11004   0.53242   0.15397   0.77565   0.09305   0.15185   0.54800   0.46434   1.08834   0.05814   0.07769   2.02723   0.29406  
 81  0.0001  13428.876414  x:  0.25011   0.58623   0.51546   0.06900   1.23164   0.17100   0.22439   0.01628   0.01003   0.00000   0.02670   0.07150   0.00827   0.00256   0.07017   0.08213   0.35957   0.08557   0.16378   0.03012   0.04641   0.04082   0.04665   0.01078   0.01754   0.21320   0.11004   0.53243   0.15396   0.77566   0.09305   0.15185   0.54801   0.46434   1.08833   0.05813   0.07770   2.02724   0.29406  
 82  0.0000  13428.876414  x:  0.25011   0.58623   0.51546   0.06900   1.23164   0.17100   0.22439   0.01628   0.01002   0.00000   0.02670   0.07150   0.00827   0.00256   0.07017   0.08213   0.35957   0.08557   0.16378   0.03012   0.04641   0.04082   0.04665   0.01078   0.01754   0.21320   0.11004   0.53243   0.15396   0.77566   0.09304   0.15185   0.54801   0.46433   1.08833   0.05813   0.07770   2.02724   0.29406  
 83  0.0000  13428.876414  x:  0.25011   0.58623   0.51546   0.06900   1.23164   0.17100   0.22439   0.01628   0.01003   0.00000   0.02670   0.07150   0.00827   0.00256   0.07017   0.08213   0.35957   0.08557   0.16378   0.03012   0.04641   0.04082   0.04665   0.01078   0.01754   0.21320   0.11004   0.53243   0.15396   0.77566   0.09304   0.15185   0.54801   0.46433   1.08833   0.05813   0.07770   2.02724   0.29406  
 84  0.0000  13428.876414  x:  0.25011   0.58623   0.51546   0.06900   1.23164   0.17100   0.22439   0.01628   0.01002   0.00000   0.02670   0.07150   0.00827   0.00256   0.07017   0.08213   0.35957   0.08557   0.16378   0.03012   0.04641   0.04082   0.04665   0.01078   0.01754   0.21320   0.11004   0.53243   0.15396   0.77566   0.09304   0.15185   0.54801   0.46433   1.08833   0.05813   0.07770   2.02724   0.29406  