

TREE # 1

  0  0.0000   6105.496022  x:  0.08209   0.04521   0.02656   0.03971   0.07713   0.08034   0.09549   0.01650   0.04236   0.03560   0.05887   0.07511   0.10769   0.04406   0.08742   0.01343   0.01167   0.02566   0.07724   0.03505   0.05305   0.06720   0.07181   0.07083   0.01864   0.07261   0.05291   0.02925   0.09174   0.04429   0.09285   1.05635   0.84464  
  1 99.0000   5880.313582  x:  0.09049   0.04398   0.09415   0.07943   0.08035   0.07063   0.09291   0.00000   0.03983   0.05757   0.10512   0.08454   0.09590   0.03959   0.07986   0.00128   0.01832   0.01131   0.06728   0.02061   0.03716   0.05390   0.06035   0.05792   0.01111   0.05975   0.03987   0.05450   0.08663   0.09419   0.10069   1.06580   0.83975  
  2 3021.9773   5874.072378  x:  0.09093   0.04337   0.09296   0.07958   0.08044   0.06926   0.09247   0.00000   0.03969   0.05809   0.10638   0.08513   0.09463   0.03935   0.07910   0.00000   0.01785   0.01006   0.06629   0.01919   0.03538   0.05251   0.05918   0.05658   0.01118   0.05841   0.03857   0.05436   0.08597   0.09466   0.10108   1.06685   0.83918  
  3 1381.0241   5822.771700  x:  0.09284   0.03767   0.09070   0.07900   0.08131   0.04415   0.08559   0.00000   0.04066   0.05476   0.10315   0.08937   0.07198   0.04455   0.06723   0.00000   0.04621   0.02398   0.05353   0.00893   0.00000   0.03061   0.04210   0.03563   0.00994   0.03632   0.02135   0.05631   0.07506   0.09239   0.10338   1.08886   0.82726  
  4 1623.9342   5804.800056  x:  0.09440   0.03329   0.08886   0.07866   0.08198   0.02465   0.08031   0.00000   0.04132   0.05261   0.10119   0.09270   0.05441   0.04827   0.05811   0.00000   0.06655   0.03399   0.04369   0.00118   0.00299   0.01394   0.02909   0.01954   0.00933   0.01933   0.00827   0.05766   0.06663   0.09093   0.10522   1.10605   0.81794  
  5 3072.3184   5799.662296  x:  0.09565   0.03139   0.08726   0.07883   0.08237   0.01302   0.07741   0.00000   0.04117   0.05394   0.10271   0.09483   0.04392   0.04877   0.05339   0.00000   0.07158   0.03675   0.03871   0.01422   0.00363   0.00933   0.02313   0.01335   0.01164   0.01261   0.00890   0.05738   0.06180   0.09135   0.10658   1.11802   0.81140  
  6 1153.4450   5794.121462  x:  0.09674   0.03096   0.08656   0.07865   0.08268   0.00290   0.07446   0.00000   0.04086   0.05620   0.10391   0.09673   0.03278   0.04861   0.04942   0.00000   0.07428   0.03986   0.03485   0.01260   0.00381   0.01514   0.02244   0.01420   0.01264   0.01570   0.01585   0.05629   0.05666   0.09146   0.10791   1.13515   0.80192  
  7 588.6882   5787.598694  x:  0.09855   0.03162   0.08526   0.07788   0.08315   0.01179   0.06955   0.00000   0.04027   0.06013   0.10584   0.10008   0.01605   0.04785   0.04358   0.00000   0.07689   0.04515   0.02982   0.01264   0.00404   0.01745   0.02279   0.01694   0.01306   0.01794   0.01998   0.05396   0.04786   0.09111   0.11032   1.17021   0.78237  
  8 788.9271   5755.793035  x:  0.10535   0.03488   0.08177   0.07504   0.08505   0.01278   0.04944   0.00000   0.03780   0.07260   0.11387   0.11427   0.03912   0.04167   0.03198   0.00000   0.07510   0.07147   0.02722   0.01550   0.00444   0.01351   0.03619   0.02966   0.00677   0.02271   0.01774   0.04617   0.01422   0.09105   0.12141   1.38689   0.66008  
  9 883.5869   5709.857330  x:  0.11097   0.03607   0.07897   0.07379   0.08705   0.01370   0.04000   0.00000   0.03732   0.07811   0.12119   0.13207   0.04784   0.03497   0.04487   0.00000   0.05958   0.11293   0.03846   0.01346   0.00426   0.01757   0.04323   0.02949   0.03191   0.02150   0.01081   0.04703   0.06026   0.09375   0.13647   1.78764   0.43208  
 10 2753.8578   5693.532808  x:  0.10607   0.03285   0.08280   0.07802   0.08606   0.01423   0.06954   0.00000   0.04022   0.06674   0.11380   0.12423   0.04408   0.04129   0.05366   0.00000   0.03959   0.11587   0.04091   0.01244   0.00406   0.01466   0.03447   0.01957   0.00856   0.01946   0.02164   0.05488   0.06016   0.09088   0.13100   1.91419   0.36942  
 11 1213.5362   5689.066558  x:  0.10048   0.03484   0.08958   0.08038   0.08464   0.01231   0.07527   0.00000   0.04070   0.05768   0.10712   0.11054   0.04113   0.04422   0.05405   0.00000   0.03077   0.11047   0.04026   0.01331   0.00376   0.01884   0.02919   0.02180   0.01709   0.02244   0.01032   0.05465   0.05273   0.09168   0.12025   1.95969   0.36789  
 12 357.4091   5682.734067  x:  0.09141   0.04242   0.09401   0.07872   0.08168   0.01112   0.06703   0.00000   0.03969   0.05534   0.10196   0.08364   0.03981   0.04416   0.05359   0.00000   0.03108   0.09524   0.04110   0.01128   0.00364   0.01144   0.02914   0.02444   0.01537   0.01645   0.01801   0.05098   0.05762   0.09580   0.09747   2.04230   0.39696  
 13 340.6794   5679.225879  x:  0.08883   0.04337   0.09242   0.07762   0.08073   0.01188   0.06627   0.00000   0.04026   0.05732   0.10234   0.07697   0.04019   0.04489   0.05383   0.00000   0.03731   0.08592   0.04150   0.01404   0.00382   0.01939   0.02951   0.01921   0.00724   0.01862   0.01280   0.05337   0.06180   0.09484   0.08973   2.09241   0.42190  
 14 566.9232   5674.306852  x:  0.08836   0.03928   0.09035   0.07868   0.08057   0.01482   0.08130   0.00000   0.04308   0.05798   0.10333   0.08205   0.04499   0.04927   0.05648   0.00000   0.05043   0.07114   0.04245   0.01430   0.00415   0.01790   0.03061   0.01348   0.01548   0.02633   0.01735   0.06217   0.06136   0.08843   0.08890   2.17835   0.47358  
 15 597.9814   5671.443518  x:  0.09044   0.03600   0.09102   0.07960   0.08129   0.01269   0.09219   0.00000   0.04347   0.05340   0.10095   0.09124   0.04318   0.05107   0.05974   0.00000   0.05494   0.06373   0.04376   0.01576   0.00431   0.01588   0.03044   0.02748   0.01273   0.02419   0.01475   0.06162   0.06481   0.08668   0.09682   2.23207   0.50912  
 16 616.5374   5670.338850  x:  0.09277   0.03818   0.09484   0.07898   0.08200   0.01307   0.09461   0.00000   0.04165   0.05103   0.09597   0.09551   0.04335   0.04973   0.06087   0.00000   0.05075   0.06579   0.04501   0.01489   0.00418   0.01860   0.03096   0.02308   0.01271   0.02016   0.01573   0.05445   0.06437   0.08874   0.10512   2.25065   0.52388  
 17 193.8316   5669.908205  x:  0.09350   0.04003   0.09592   0.07831   0.08219   0.01193   0.09415   0.00000   0.04135   0.05269   0.09528   0.09570   0.04189   0.04841   0.06129   0.00000   0.04411   0.07297   0.04551   0.01477   0.00404   0.01538   0.03030   0.02144   0.01145   0.02378   0.01439   0.05492   0.06524   0.08822   0.10903   2.25799   0.53157  
 18 87.2986   5669.519208  x:  0.09351   0.03959   0.09483   0.07897   0.08220   0.01204   0.09370   0.00000   0.04201   0.05308   0.09846   0.09507   0.04199   0.04789   0.06099   0.00000   0.03646   0.08406   0.04487   0.01380   0.00389   0.01658   0.02939   0.02145   0.01170   0.02057   0.01460   0.05863   0.06502   0.08736   0.11077   2.26449   0.53941  
 19 94.0365   5669.396857  x:  0.09337   0.03710   0.09339   0.08039   0.08213   0.01230   0.09458   0.00000   0.04171   0.05251   0.10022   0.09528   0.04232   0.04817   0.06088   0.00000   0.03501   0.08871   0.04405   0.01373   0.00388   0.01636   0.02923   0.02120   0.01156   0.02138   0.01458   0.05648   0.06547   0.08982   0.10924   2.26632   0.54171  
 20 38.9504   5669.314173  x:  0.09433   0.03682   0.09347   0.08001   0.08210   0.01208   0.09640   0.00000   0.04103   0.05519   0.09948   0.09617   0.04222   0.04749   0.06098   0.00000   0.03454   0.09003   0.04390   0.01356   0.00384   0.01643   0.02949   0.02153   0.01184   0.02061   0.01412   0.05589   0.06546   0.09030   0.10681   2.26692   0.54222  
 21 12.2317   5668.823603  x:  0.09969   0.03937   0.09463   0.07749   0.08255   0.01180   0.09726   0.00000   0.04017   0.05125   0.10072   0.10120   0.04183   0.04266   0.05968   0.00000   0.03387   0.09055   0.04384   0.01350   0.00381   0.01604   0.02941   0.02104   0.01149   0.02082   0.01406   0.05714   0.06566   0.09084   0.09978   2.26931   0.54294  
 22 14.3549   5656.961185  x:  0.12025   0.05095   0.09666   0.10655   0.08980   0.01145   0.08261   0.00000   0.06540   0.05537   0.08999   0.11818   0.04241   0.05927   0.05030   0.00000   0.03490   0.06562   0.04671   0.01106   0.00324   0.01535   0.01394   0.01992   0.00933   0.01939   0.01550   0.06013   0.06815   0.09806   0.08717   2.32197   0.54579  
 23 19.5820   5638.028420  x:  0.13268   0.05211   0.10889   0.12810   0.09379   0.00321   0.07529   0.00000   0.08042   0.05395   0.09347   0.12555   0.02864   0.07739   0.04556   0.00000   0.03987   0.02258   0.04293   0.00982   0.00194   0.00719   0.04845   0.01063   0.00777   0.01043   0.00685   0.06828   0.06766   0.10675   0.08279   2.41014   0.54868  
 24 529.5268   5622.272342  x:  0.13252   0.04717   0.11997   0.12332   0.09209   0.00241   0.07457   0.00000   0.07295   0.05623   0.10198   0.12230   0.02818   0.07625   0.04674   0.00000   0.04944   0.00000   0.03669   0.00797   0.00146   0.00639   0.04035   0.00977   0.00772   0.00876   0.00593   0.07063   0.06710   0.11153   0.08848   2.45888   0.54980  
 25 691.9494   5621.412461  x:  0.13247   0.05709   0.11601   0.12483   0.09237   0.00148   0.07975   0.00000   0.07339   0.05669   0.10814   0.11884   0.02677   0.07483   0.04988   0.00000   0.05386   0.00004   0.04132   0.00777   0.00147   0.00631   0.03915   0.01022   0.00834   0.00805   0.00488   0.06854   0.06490   0.11416   0.09049   2.46259   0.54972  
 26 99.0751   5621.145926  x:  0.13195   0.06073   0.11276   0.12828   0.09293   0.00157   0.08241   0.00000   0.07067   0.05631   0.10614   0.11696   0.02762   0.07132   0.04682   0.00000   0.05536   0.00004   0.03825   0.00789   0.00149   0.00644   0.03968   0.01065   0.00857   0.00821   0.00477   0.07079   0.06593   0.11683   0.09253   2.46373   0.54962  
 27 38.0025   5620.516624  x:  0.12828   0.05866   0.11154   0.13907   0.09397   0.00143   0.08015   0.00000   0.06261   0.05592   0.10428   0.11805   0.02642   0.06282   0.04982   0.00000   0.05636   0.00003   0.04109   0.00767   0.00145   0.00627   0.03918   0.00999   0.00827   0.00792   0.00488   0.07173   0.06454   0.11222   0.09200   2.46657   0.54985  
 28 16.7176   5614.960359  x:  0.11915   0.05026   0.12624   0.14319   0.09133   0.00155   0.07884   0.00000   0.06010   0.05808   0.11027   0.12209   0.02962   0.05598   0.03981   0.00000   0.05431   0.00059   0.02461   0.00627   0.00108   0.00552   0.03552   0.00861   0.00709   0.00738   0.00506   0.06527   0.07138   0.09733   0.09263   2.49233   0.55116  
 29 16.1528   5607.657780  x:  0.11633   0.02544   0.13226   0.13209   0.08734   0.00241   0.07058   0.00000   0.05212   0.05920   0.10296   0.12446   0.02777   0.05252   0.02900   0.00000   0.05230   0.00105   0.03586   0.00447   0.00071   0.00530   0.03077   0.00706   0.00697   0.00695   0.00601   0.07965   0.06961   0.11387   0.09701   2.52414   0.55321  
 30 191.3536   5605.835474  x:  0.11939   0.02098   0.13206   0.12871   0.08754   0.00282   0.06502   0.00000   0.04884   0.05908   0.09915   0.12539   0.02753   0.05421   0.04011   0.00000   0.05207   0.00124   0.02935   0.00419   0.00064   0.00531   0.02969   0.00675   0.00691   0.00709   0.00650   0.08598   0.06690   0.12153   0.09767   2.53290   0.55391  
 31 223.9033   5605.643525  x:  0.12118   0.02198   0.13210   0.12874   0.08895   0.00286   0.06451   0.00000   0.04323   0.05882   0.09992   0.12551   0.02770   0.05905   0.03961   0.00000   0.05164   0.00125   0.02947   0.00417   0.00063   0.00530   0.02943   0.00678   0.00686   0.00722   0.00661   0.08655   0.06727   0.12106   0.09730   2.53379   0.55398  
 32 34.7608   5604.251100  x:  0.13592   0.01565   0.13472   0.13018   0.10307   0.00329   0.06615   0.00000   0.04337   0.05951   0.10308   0.11338   0.02807   0.05530   0.03938   0.00000   0.05321   0.00123   0.03031   0.00421   0.00070   0.00555   0.02930   0.00724   0.00734   0.00778   0.00689   0.08475   0.06768   0.11791   0.10057   2.54091   0.55406  
 33  6.5396   5562.507118  x:  0.09331   0.02759   0.17415   0.13701   0.10241   0.00382   0.06938   0.00000   0.03241   0.07857   0.15713   0.11662   0.02856   0.01582   0.04733   0.00000   0.05041   0.00067   0.02976   0.00279   0.00161   0.00925   0.01381   0.00976   0.00859   0.01334   0.01256   0.08814   0.06341   0.14967   0.11794   2.73849   0.56142  
 34 30.0307   5561.205871  x:  0.10491   0.02627   0.17522   0.14183   0.08050   0.00398   0.06953   0.00000   0.03064   0.07880   0.15890   0.11174   0.02871   0.01477   0.04749   0.00000   0.05117   0.00065   0.03015   0.00283   0.00167   0.00940   0.01367   0.00994   0.00877   0.01374   0.01282   0.08752   0.06359   0.14784   0.12067   2.74492   0.56151  
 35 92.6043   5545.797011  x:  0.09893   0.02539   0.19276   0.15095   0.06138   0.00672   0.05903   0.00000   0.03445   0.08562   0.16934   0.12453   0.03089   0.03383   0.05018   0.00000   0.02071   0.00126   0.03783   0.00843   0.00337   0.01513   0.02684   0.01478   0.00920   0.02031   0.01860   0.09217   0.06375   0.15871   0.11683   2.81964   0.56349  
 36  0.5176   5534.269414  x:  0.12056   0.03058   0.20998   0.14110   0.07194   0.00415   0.07031   0.00000   0.03690   0.09415   0.20689   0.10769   0.02873   0.05090   0.04972   0.00000   0.01669   0.00043   0.02750   0.00325   0.00219   0.01435   0.01716   0.01229   0.01112   0.01428   0.01689   0.08724   0.06048   0.17610   0.13183   3.04082   0.56569  
 37  0.5651   5526.716679  x:  0.12285   0.02680   0.21840   0.14770   0.09800   0.00499   0.06841   0.00000   0.03917   0.10057   0.22964   0.11398   0.02836   0.04025   0.04988   0.00000   0.00854   0.00057   0.03041   0.00870   0.00256   0.01332   0.02651   0.01441   0.00981   0.01825   0.01526   0.08704   0.05627   0.19804   0.12633   3.29549   0.54840  
 38  0.3028   5523.352139  x:  0.12095   0.02129   0.22074   0.14926   0.10291   0.00526   0.06753   0.00000   0.03789   0.10444   0.24795   0.11981   0.02807   0.03842   0.04945   0.00000   0.02133   0.00045   0.03115   0.01092   0.00252   0.01262   0.02809   0.01606   0.00897   0.01919   0.01287   0.08517   0.05331   0.21026   0.12412   3.45747   0.53421  
 39  0.8861   5520.119089  x:  0.11266   0.01358   0.22059   0.15011   0.08279   0.00526   0.06470   0.00000   0.03391   0.10525   0.26412   0.12708   0.02839   0.03739   0.04747   0.00000   0.01766   0.00045   0.03227   0.00849   0.00193   0.01346   0.02239   0.01738   0.01123   0.01852   0.00866   0.07955   0.04854   0.21576   0.12028   3.67909   0.52994  
 40  0.2386   5517.517821  x:  0.12130   0.02107   0.20871   0.15406   0.07232   0.00700   0.06568   0.00000   0.03991   0.10370   0.27390   0.12396   0.03076   0.03365   0.04717   0.00000   0.01693   0.00079   0.03537   0.00525   0.00172   0.01423   0.02350   0.01588   0.01310   0.01785   0.01214   0.07369   0.04455   0.22201   0.12005   3.87535   0.52739  
 41  0.3858   5515.768710  x:  0.12676   0.02472   0.19216   0.14927   0.08223   0.00552   0.06634   0.00000   0.03232   0.09959   0.27441   0.11981   0.02987   0.03240   0.04516   0.00000   0.01636   0.00116   0.03009   0.00554   0.00180   0.01434   0.02094   0.01639   0.01028   0.01580   0.01163   0.07556   0.04599   0.22279   0.12465   4.06225   0.54201  
 42  0.1264   5515.228951  x:  0.12479   0.02399   0.18292   0.14599   0.08366   0.00459   0.06590   0.00000   0.03826   0.09826   0.27427   0.12042   0.02881   0.03166   0.04539   0.00000   0.01653   0.00139   0.03051   0.00528   0.00191   0.01299   0.02110   0.01549   0.00988   0.01788   0.01076   0.07452   0.04618   0.21867   0.12667   4.16419   0.54917  
 43  0.0893   5514.902967  x:  0.12093   0.02210   0.17762   0.14634   0.08338   0.00507   0.06666   0.00000   0.03664   0.09860   0.27374   0.12214   0.02959   0.03281   0.04651   0.00000   0.01680   0.00163   0.03197   0.00511   0.00225   0.01380   0.02283   0.01549   0.01127   0.01637   0.01144   0.07465   0.04556   0.21204   0.12645   4.24266   0.55184  
 44  0.0579   5514.783528  x:  0.12144   0.02202   0.17945   0.14594   0.08172   0.00494   0.06539   0.00000   0.03589   0.10019   0.27392   0.12145   0.02943   0.03459   0.04681   0.00000   0.01674   0.00175   0.03122   0.00590   0.00245   0.01345   0.02208   0.01602   0.01098   0.01679   0.01083   0.07574   0.04570   0.20797   0.12727   4.27668   0.54862  
 45  0.0228   5514.725784  x:  0.12271   0.02249   0.18211   0.14711   0.08289   0.00509   0.06565   0.00000   0.03640   0.10159   0.27410   0.12116   0.02937   0.03391   0.04639   0.00000   0.01658   0.00188   0.03074   0.00551   0.00247   0.01373   0.02298   0.01611   0.01079   0.01671   0.01060   0.07584   0.04573   0.20537   0.12654   4.31000   0.54706  
 46  0.0179   5514.703854  x:  0.12225   0.02284   0.18333   0.14655   0.08256   0.00510   0.06655   0.00000   0.03641   0.10179   0.27373   0.12125   0.02939   0.03371   0.04625   0.00000   0.01653   0.00198   0.03141   0.00541   0.00250   0.01338   0.02233   0.01593   0.01071   0.01676   0.01102   0.07568   0.04566   0.20449   0.12640   4.32555   0.54888  
 47  0.0105   5514.691117  x:  0.12184   0.02298   0.18421   0.14614   0.08241   0.00493   0.06573   0.00000   0.03647   0.10140   0.27286   0.12133   0.02935   0.03334   0.04600   0.00000   0.01674   0.00209   0.03092   0.00550   0.00248   0.01355   0.02216   0.01563   0.01095   0.01661   0.01103   0.07589   0.04564   0.20460   0.12645   4.33077   0.55000  
 48  0.0030   5514.674766  x:  0.12174   0.02281   0.18505   0.14627   0.08226   0.00475   0.06583   0.00000   0.03602   0.10072   0.27172   0.12129   0.02923   0.03356   0.04625   0.00000   0.01696   0.00227   0.03098   0.00535   0.00239   0.01329   0.02250   0.01599   0.01075   0.01660   0.01087   0.07583   0.04556   0.20562   0.12632   4.33279   0.55030  
 49  0.0009   5514.665991  x:  0.12206   0.02277   0.18507   0.14641   0.08252   0.00497   0.06608   0.00000   0.03630   0.10048   0.27143   0.12121   0.02948   0.03378   0.04644   0.00000   0.01695   0.00239   0.03130   0.00550   0.00236   0.01352   0.02246   0.01571   0.01072   0.01657   0.01074   0.07542   0.04548   0.20621   0.12641   4.33158   0.54967  
 50  0.0013   5514.658122  x:  0.12202   0.02285   0.18437   0.14672   0.08230   0.00499   0.06605   0.00000   0.03669   0.10057   0.27141   0.12130   0.02947   0.03388   0.04634   0.00000   0.01661   0.00254   0.03104   0.00543   0.00234   0.01344   0.02239   0.01592   0.01090   0.01651   0.01094   0.07542   0.04562   0.20665   0.12648   4.32969   0.54872  
 51  0.0012   5514.652370  x:  0.12188   0.02296   0.18385   0.14708   0.08246   0.00492   0.06608   0.00000   0.03623   0.10100   0.27169   0.12134   0.02925   0.03377   0.04624   0.00000   0.01653   0.00265   0.03110   0.00547   0.00235   0.01343   0.02248   0.01574   0.01090   0.01677   0.01086   0.07557   0.04582   0.20639   0.12666   4.32159   0.54862  
 52  0.0036   5514.647807  x:  0.12183   0.02283   0.18385   0.14682   0.08251   0.00492   0.06603   0.00000   0.03633   0.10145   0.27250   0.12130   0.02928   0.03363   0.04627   0.00000   0.01666   0.00273   0.03116   0.00548   0.00236   0.01352   0.02236   0.01592   0.01076   0.01650   0.01085   0.07570   0.04590   0.20616   0.12663   4.30855   0.54892  
 53  0.0069   5514.646152  x:  0.12194   0.02284   0.18386   0.14663   0.08240   0.00492   0.06611   0.00000   0.03639   0.10147   0.27318   0.12116   0.02935   0.03369   0.04629   0.00000   0.01674   0.00275   0.03109   0.00540   0.00236   0.01346   0.02236   0.01584   0.01088   0.01656   0.01080   0.07557   0.04572   0.20608   0.12651   4.30265   0.54893  
 54  0.0041   5514.645721  x:  0.12198   0.02284   0.18383   0.14656   0.08243   0.00491   0.06607   0.00000   0.03637   0.10121   0.27349   0.12119   0.02937   0.03367   0.04631   0.00000   0.01672   0.00276   0.03107   0.00542   0.00238   0.01345   0.02241   0.01584   0.01084   0.01657   0.01084   0.07554   0.04565   0.20591   0.12651   4.30202   0.54889  
 55  0.0003   5514.645661  x:  0.12197   0.02285   0.18393   0.14659   0.08243   0.00492   0.06606   0.00000   0.03637   0.10113   0.27353   0.12123   0.02936   0.03368   0.04629   0.00000   0.01670   0.00276   0.03109   0.00541   0.00238   0.01346   0.02239   0.01585   0.01085   0.01657   0.01082   0.07556   0.04566   0.20590   0.12651   4.30189   0.54889  
 56  0.0001   5514.645652  x:  0.12196   0.02285   0.18394   0.14660   0.08243   0.00492   0.06609   0.00000   0.03638   0.10112   0.27354   0.12122   0.02936   0.03368   0.04628   0.00000   0.01670   0.00276   0.03108   0.00542   0.00238   0.01346   0.02239   0.01585   0.01085   0.01657   0.01082   0.07558   0.04568   0.20591   0.12652   4.30185   0.54889  
 57  0.0001   5514.645650  x:  0.12196   0.02285   0.18392   0.14661   0.08243   0.00492   0.06609   0.00000   0.03638   0.10111   0.27356   0.12121   0.02936   0.03368   0.04629   0.00000   0.01671   0.00276   0.03109   0.00542   0.00238   0.01346   0.02239   0.01585   0.01085   0.01657   0.01082   0.07558   0.04569   0.20591   0.12653   4.30196   0.54887  
 58  0.0001   5514.645650  x:  0.12196   0.02285   0.18393   0.14661   0.08243   0.00492   0.06609   0.00000   0.03638   0.10111   0.27355   0.12121   0.02936   0.03368   0.04629   0.00000   0.01671   0.00276   0.03109   0.00542   0.00239   0.01346   0.02239   0.01585   0.01085   0.01657   0.01082   0.07558   0.04569   0.20591   0.12652   4.30198   0.54886  
 59  0.0000   5514.645650  x:  0.12196   0.02285   0.18393   0.14661   0.08243   0.00492   0.06609   0.00000   0.03638   0.10112   0.27355   0.12121   0.02936   0.03368   0.04629   0.00000   0.01671   0.00276   0.03109   0.00542   0.00239   0.01346   0.02239   0.01585   0.01085   0.01657   0.01082   0.07558   0.04569   0.20591   0.12652   4.30197   0.54886  
 60  0.0000   5514.645650  x:  0.12196   0.02285   0.18393   0.14661   0.08243   0.00492   0.06609   0.00000   0.03638   0.10112   0.27355   0.12121   0.02936   0.03368   0.04629   0.00000   0.01671   0.00276   0.03109   0.00542   0.00239   0.01346   0.02239   0.01585   0.01085   0.01657   0.01082   0.07558   0.04569   0.20591   0.12652   4.30196   0.54887  