

TREE # 1

  0  0.0000  19718.445283  x:  0.09489   0.03231   0.01309   0.02687   0.05286   0.01335   0.04158   0.09749   0.04630   0.01466   0.05905   0.10795   0.04413   0.02553   0.06266   0.07198   0.07564   0.10107   0.01245   0.02883   0.04482   0.07224   0.04684   0.84427   0.82735  
  1 99.0000  18741.462526  x:  0.08415   0.02592   0.02810   0.10120   0.08815   0.12491   0.05726   0.10520   0.06616   0.00718   0.05955   0.09626   0.03663   0.02345   0.05435   0.06716   0.08491   0.08986   0.00000   0.01633   0.03216   0.05960   0.03665   0.85121   0.82411  
  2 18886.5696  18539.122415  x:  0.06930   0.01749   0.02777   0.12063   0.11049   0.13411   0.06541   0.11380   0.08104   0.00077   0.06033   0.08002   0.02753   0.02201   0.04359   0.06111   0.09516   0.07450   0.05544   0.00000   0.01464   0.04202   0.02323   0.86071   0.81959  
  3 8980.1543  18397.480492  x:  0.05669   0.01204   0.02528   0.12660   0.12250   0.12856   0.06920   0.11985   0.08912   0.01418   0.06113   0.06605   0.02164   0.02185   0.03546   0.05674   0.10228   0.06155   0.05726   0.00321   0.00000   0.02687   0.01327   0.86886   0.81566  
  4 7206.2819  18294.001465  x:  0.03984   0.00479   0.02195   0.13457   0.13852   0.12118   0.07426   0.12794   0.09989   0.03171   0.06220   0.04738   0.01381   0.02163   0.02461   0.05091   0.11177   0.04425   0.05973   0.00727   0.00053   0.00663   0.00000   0.87975   0.81042  
  5 35512.7517  18256.495677  x:  0.03470   0.00296   0.02099   0.13693   0.14327   0.11894   0.07574   0.13036   0.10307   0.03634   0.06253   0.04170   0.01168   0.02159   0.02144   0.04917   0.11460   0.03908   0.06030   0.00800   0.00066   0.00052   0.00163   0.88308   0.80881  
  6 33056.7689  18147.080971  x:  0.00652   0.00906   0.01704   0.14711   0.16542   0.10562   0.08222   0.14257   0.11748   0.04721   0.06417   0.01053   0.00850   0.02209   0.00856   0.04086   0.12782   0.01126   0.05691   0.00199   0.00091   0.01086   0.00487   0.90167   0.79977  
  7 8605.9897  18131.292946  x:  0.00275   0.00967   0.01688   0.14818   0.16816   0.10354   0.08287   0.14420   0.11910   0.04619   0.06440   0.00671   0.01085   0.02224   0.01102   0.04008   0.12943   0.00854   0.05550   0.00017   0.00088   0.00983   0.00462   0.90489   0.79818  
  8 5842.2182  18125.027813  x:  0.00041   0.01022   0.01685   0.14902   0.17009   0.10229   0.08333   0.14534   0.12022   0.04486   0.06455   0.00436   0.01245   0.02234   0.01271   0.03957   0.13051   0.00699   0.05505   0.00117   0.00088   0.00946   0.00457   0.90716   0.79704  
  9 15686.4460  18091.505491  x:  0.00769   0.01462   0.01665   0.15579   0.18765   0.08994   0.08732   0.15570   0.13052   0.03412   0.06586   0.00093   0.01538   0.02301   0.01483   0.03578   0.14072   0.00470   0.04829   0.00194   0.00075   0.00682   0.00384   0.92889   0.78617  
 10 3011.4997  18057.026698  x:  0.01081   0.01982   0.01605   0.16479   0.21101   0.07369   0.09268   0.16943   0.14422   0.02091   0.06761   0.00548   0.01887   0.02384   0.01718   0.03076   0.15425   0.00192   0.03952   0.00261   0.00061   0.00394   0.00303   0.95763   0.77179  
 11 36134.3231  18029.043063  x:  0.01047   0.02377   0.01524   0.17294   0.23291   0.05868   0.09768   0.18223   0.15697   0.00914   0.06920   0.00684   0.02100   0.02448   0.01821   0.02653   0.16687   0.00834   0.03132   0.00271   0.00048   0.00184   0.00225   0.98495   0.75808  
 12 36083.7451  18008.765679  x:  0.00942   0.01765   0.01479   0.17134   0.24012   0.05551   0.09839   0.18639   0.15979   0.00110   0.06927   0.00637   0.01697   0.02371   0.01843   0.03214   0.17059   0.00788   0.02710   0.00251   0.00037   0.00262   0.00199   1.00155   0.74931  
 13 2916.3544  17979.299297  x:  0.01260   0.00519   0.01687   0.16501   0.25731   0.05495   0.09914   0.19599   0.16467   0.00578   0.06896   0.00715   0.01655   0.02198   0.02902   0.04626   0.17818   0.00912   0.02686   0.00310   0.00051   0.01026   0.00369   1.05087   0.72287  
 14 3751.3068  17862.282486  x:  0.01057   0.03420   0.02321   0.10295   0.29962   0.08355   0.08998   0.21998   0.15834   0.00820   0.06266   0.00813   0.01854   0.02101   0.02676   0.08132   0.18907   0.01049   0.02832   0.00304   0.00055   0.00151   0.00242   1.28828   0.59104  
 15 4196.6485  17707.126619  x:  0.01092   0.00625   0.01769   0.09167   0.29963   0.09592   0.07131   0.21241   0.12391   0.00300   0.06093   0.00763   0.03271   0.03422   0.01336   0.03337   0.16818   0.00970   0.02923   0.00297   0.00044   0.00656   0.00259   1.56909   0.42425  
 16 4176.3112  17639.095630  x:  0.00852   0.01291   0.02314   0.11284   0.28382   0.08875   0.06698   0.19902   0.10724   0.00460   0.06393   0.00670   0.01108   0.02584   0.02483   0.02432   0.15113   0.00891   0.03108   0.00253   0.00044   0.00579   0.00251   1.70698   0.34207  
 17 6260.9331  17610.010707  x:  0.00788   0.01496   0.02246   0.13360   0.26688   0.08084   0.07161   0.18712   0.10525   0.00589   0.06712   0.00660   0.02030   0.02058   0.01551   0.03876   0.14123   0.00861   0.03255   0.00243   0.00043   0.00354   0.00208   1.77826   0.30409  
 18 4071.9419  17594.749896  x:  0.00800   0.01659   0.01199   0.13778   0.24469   0.08171   0.08631   0.17617   0.12297   0.00635   0.06771   0.00655   0.01778   0.03384   0.01789   0.04150   0.14106   0.00866   0.03326   0.00246   0.00044   0.00340   0.00208   1.82580   0.29986  
 19 1169.8998  17577.631900  x:  0.00701   0.01367   0.02688   0.13657   0.21202   0.08229   0.10177   0.16364   0.14949   0.00551   0.06679   0.00637   0.01843   0.02761   0.01563   0.03530   0.14685   0.00846   0.03318   0.00231   0.00042   0.00368   0.00197   1.89177   0.31304  
 20 1564.5493  17569.590270  x:  0.00732   0.01375   0.01802   0.13981   0.20112   0.08372   0.09875   0.16204   0.15305   0.00556   0.06685   0.00640   0.01897   0.01739   0.01586   0.03333   0.15070   0.00845   0.03363   0.00235   0.00042   0.00375   0.00196   1.92470   0.33102  
 21 927.5157  17553.647288  x:  0.00627   0.01496   0.01740   0.15602   0.18120   0.08140   0.07895   0.16257   0.14709   0.00639   0.06772   0.00609   0.01795   0.02557   0.01368   0.03717   0.15788   0.00812   0.03570   0.00216   0.00041   0.00266   0.00162   2.00755   0.38819  
 22 1518.9338  17548.203312  x:  0.00624   0.01514   0.01719   0.15828   0.18786   0.07878   0.09640   0.15859   0.13321   0.00658   0.06771   0.00599   0.01765   0.02582   0.01316   0.03712   0.14397   0.00798   0.03573   0.00212   0.00040   0.00241   0.00162   2.03977   0.41680  
 23 433.0282  17547.938567  x:  0.00625   0.01526   0.01717   0.15803   0.19063   0.07843   0.09423   0.15543   0.13600   0.00660   0.06789   0.00598   0.01764   0.02572   0.01317   0.03718   0.13970   0.00797   0.03558   0.00212   0.00040   0.00239   0.00165   2.04147   0.41861  
 24 76.3606  17547.842729  x:  0.00629   0.01537   0.01714   0.15814   0.19144   0.07830   0.09421   0.15266   0.13533   0.00659   0.06627   0.00599   0.01772   0.02576   0.01326   0.03725   0.14148   0.00798   0.03555   0.00212   0.00041   0.00243   0.00166   2.04187   0.41875  
 25  4.1502  17547.369423  x:  0.00641   0.01554   0.01729   0.15760   0.19225   0.07865   0.09426   0.14850   0.13391   0.00646   0.07157   0.00603   0.01794   0.02587   0.01353   0.03724   0.14435   0.00804   0.03556   0.00215   0.00042   0.00258   0.00171   2.04382   0.41936  
 26 20.7509  17533.886720  x:  0.00998   0.01928   0.01923   0.16114   0.17605   0.08295   0.09175   0.15686   0.12795   0.00406   0.06594   0.00708   0.02386   0.02701   0.02049   0.03843   0.13106   0.00924   0.03572   0.00275   0.00074   0.00630   0.00365   2.10468   0.43549  
 27 32.4732  17436.589039  x:  0.00000   0.01207   0.02164   0.15865   0.21297   0.08928   0.07940   0.17076   0.12492   0.00043   0.06664   0.00609   0.01029   0.02030   0.02619   0.04951   0.14746   0.01010   0.01099   0.00112   0.00071   0.00630   0.00410   2.61266   0.46254  
 28  0.5961  17404.918647  x:  0.00267   0.01019   0.01986   0.15966   0.22225   0.09445   0.07593   0.17233   0.12340   0.00100   0.06714   0.00666   0.01318   0.01959   0.02789   0.04970   0.15001   0.01091   0.00000   0.00133   0.00074   0.00604   0.00440   2.82577   0.47085  
 29  0.6764  17387.772045  x:  0.00920   0.00877   0.01584   0.16523   0.21996   0.10809   0.07034   0.16790   0.11537   0.00389   0.06827   0.00778   0.02070   0.02009   0.02879   0.04739   0.14842   0.01201   0.00383   0.00207   0.00080   0.00494   0.00455   3.07240   0.47730  
 30  0.7163  17365.640962  x:  0.00443   0.01237   0.01913   0.17411   0.19339   0.12216   0.08984   0.15616   0.13137   0.00476   0.06578   0.00733   0.01945   0.02455   0.02382   0.04291   0.14003   0.01233   0.00382   0.00113   0.00088   0.00119   0.00486   3.37197   0.46708  
 31  0.1887  17354.914137  x:  0.00172   0.00937   0.01837   0.18939   0.20871   0.13808   0.08301   0.16766   0.12824   0.00537   0.06563   0.00747   0.02074   0.02537   0.02082   0.04113   0.14256   0.01347   0.00381   0.00062   0.00107   0.00395   0.00658   3.72396   0.47316  
 32  0.2033  17351.279414  x:  0.00300   0.01166   0.01807   0.19387   0.22181   0.14649   0.07777   0.16924   0.12678   0.00463   0.06697   0.00779   0.01880   0.02281   0.02283   0.04570   0.14608   0.01389   0.00380   0.00108   0.00112   0.00236   0.00691   3.85672   0.47812  
 33  0.1162  17350.203680  x:  0.00189   0.01099   0.01811   0.19644   0.22275   0.14862   0.08008   0.16689   0.12969   0.00352   0.06682   0.00752   0.01718   0.02255   0.02242   0.04524   0.14565   0.01361   0.00380   0.00104   0.00112   0.00151   0.00698   3.87219   0.47532  
 34  0.0181  17349.855096  x:  0.00200   0.01038   0.01791   0.19747   0.22191   0.14864   0.08162   0.16549   0.13092   0.00272   0.06655   0.00744   0.01736   0.02287   0.02232   0.04430   0.14547   0.01340   0.00380   0.00114   0.00114   0.00202   0.00718   3.84725   0.47388  
 35  0.0292  17349.180547  x:  0.00233   0.01155   0.01651   0.20211   0.22342   0.15015   0.08129   0.16558   0.12970   0.00292   0.06669   0.00709   0.01844   0.02385   0.02170   0.04303   0.14657   0.01239   0.00377   0.00137   0.00122   0.00179   0.00779   3.75022   0.47360  
 36  0.0224  17348.831084  x:  0.00207   0.01111   0.01759   0.20405   0.22362   0.15159   0.08129   0.16634   0.13094   0.00338   0.06674   0.00679   0.01719   0.02322   0.02206   0.04430   0.14613   0.01174   0.00375   0.00139   0.00126   0.00194   0.00818   3.69343   0.47245  
 37  0.0425  17348.725540  x:  0.00228   0.01030   0.01775   0.20421   0.22302   0.15363   0.08055   0.16577   0.13032   0.00325   0.06680   0.00679   0.01759   0.02282   0.02238   0.04430   0.14540   0.01164   0.00374   0.00138   0.00128   0.00177   0.00832   3.69119   0.47119  
 38  0.0033  17348.641828  x:  0.00200   0.01076   0.01783   0.20267   0.22216   0.15548   0.08076   0.16575   0.13018   0.00323   0.06662   0.00687   0.01799   0.02279   0.02255   0.04451   0.14535   0.01171   0.00372   0.00122   0.00131   0.00184   0.00855   3.68236   0.46994  
 39  0.0048  17348.598637  x:  0.00227   0.01061   0.01761   0.20135   0.22249   0.15578   0.08092   0.16589   0.13024   0.00331   0.06672   0.00698   0.01773   0.02311   0.02277   0.04443   0.14563   0.01177   0.00371   0.00116   0.00131   0.00185   0.00866   3.66602   0.47017  
 40  0.0070  17348.542202  x:  0.00211   0.01052   0.01773   0.20178   0.22345   0.15541   0.08046   0.16565   0.13055   0.00318   0.06667   0.00714   0.01735   0.02314   0.02224   0.04386   0.14571   0.01191   0.00367   0.00108   0.00132   0.00176   0.00889   3.66212   0.47138  
 41  0.0012  17348.459744  x:  0.00230   0.01059   0.01786   0.20282   0.22249   0.15421   0.08073   0.16578   0.12993   0.00331   0.06657   0.00747   0.01767   0.02259   0.02190   0.04405   0.14555   0.01225   0.00360   0.00111   0.00133   0.00185   0.00929   3.66574   0.47237  
 42  0.0012  17348.369033  x:  0.00215   0.01044   0.01756   0.20299   0.22138   0.15385   0.08124   0.16581   0.13046   0.00322   0.06683   0.00764   0.01759   0.02312   0.02244   0.04469   0.14551   0.01236   0.00351   0.00118   0.00135   0.00172   0.00979   3.65245   0.46925  
 43  0.0040  17348.258719  x:  0.00188   0.01042   0.01781   0.20166   0.22364   0.15203   0.08027   0.16570   0.13006   0.00345   0.06643   0.00759   0.01770   0.02322   0.02268   0.04428   0.14536   0.01243   0.00338   0.00129   0.00131   0.00184   0.01011   3.67737   0.46921  
 44  0.0053  17348.063941  x:  0.00223   0.01068   0.01786   0.19897   0.22374   0.15253   0.08106   0.16537   0.12975   0.00323   0.06680   0.00711   0.01765   0.02247   0.02306   0.04369   0.14574   0.01178   0.00314   0.00142   0.00127   0.00169   0.01082   3.68066   0.47061  
 45  0.0012  17347.884928  x:  0.00205   0.01029   0.01762   0.19890   0.22027   0.15263   0.08085   0.16605   0.13053   0.00335   0.06684   0.00673   0.01753   0.02300   0.02235   0.04399   0.14575   0.01143   0.00287   0.00130   0.00121   0.00180   0.01149   3.71336   0.47274  
 46  0.0113  17347.718116  x:  0.00234   0.01071   0.01833   0.19986   0.22200   0.15103   0.08087   0.16638   0.12984   0.00314   0.06614   0.00672   0.01767   0.02342   0.02192   0.04505   0.14587   0.01150   0.00264   0.00112   0.00112   0.00167   0.01169   3.73237   0.47486  
 47  0.0054  17347.307438  x:  0.00252   0.01035   0.01705   0.20176   0.22533   0.14990   0.08090   0.16501   0.13008   0.00316   0.06733   0.00631   0.01807   0.02276   0.02297   0.04542   0.14524   0.01104   0.00213   0.00090   0.00087   0.00182   0.01155   3.70594   0.46912  
 48  0.0057  17346.739076  x:  0.00213   0.01054   0.01738   0.20532   0.22313   0.15028   0.08173   0.16557   0.13121   0.00317   0.06680   0.00677   0.01815   0.02267   0.02378   0.04334   0.14649   0.01153   0.00158   0.00118   0.00062   0.00175   0.01107   3.67949   0.46296  
 49  0.0070  17346.343047  x:  0.00205   0.01090   0.01818   0.20368   0.22012   0.15528   0.08097   0.16643   0.13019   0.00336   0.06630   0.00724   0.01756   0.02312   0.02292   0.04330   0.14576   0.01204   0.00125   0.00102   0.00054   0.00179   0.01079   3.68125   0.47061  
 50  0.0052  17346.117407  x:  0.00228   0.01083   0.01780   0.20146   0.22257   0.15660   0.08017   0.16548   0.12969   0.00330   0.06684   0.00724   0.01752   0.02296   0.02229   0.04448   0.14488   0.01193   0.00126   0.00133   0.00061   0.00183   0.01046   3.66490   0.47489  
 51  0.0078  17345.980889  x:  0.00221   0.01063   0.01757   0.20107   0.22325   0.15581   0.08042   0.16520   0.12995   0.00321   0.06690   0.00719   0.01774   0.02293   0.02212   0.04495   0.14522   0.01192   0.00087   0.00138   0.00052   0.00183   0.01039   3.66226   0.47294  
 52  0.0028  17345.700892  x:  0.00177   0.01025   0.01746   0.20079   0.22237   0.15496   0.08127   0.16537   0.13075   0.00310   0.06652   0.00743   0.01813   0.02304   0.02159   0.04534   0.14650   0.01228   0.00082   0.00138   0.00069   0.00180   0.00946   3.64775   0.46575  
 53  0.0078  17345.346567  x:  0.00222   0.01064   0.01792   0.20079   0.22199   0.15386   0.08072   0.16604   0.13007   0.00329   0.06651   0.00717   0.01764   0.02298   0.02189   0.04459   0.14575   0.01199   0.00048   0.00126   0.00088   0.00180   0.00946   3.66926   0.46742  
 54  0.0091  17345.257138  x:  0.00233   0.01073   0.01794   0.20137   0.22224   0.15366   0.08063   0.16611   0.12992   0.00333   0.06662   0.00706   0.01749   0.02295   0.02225   0.04418   0.14540   0.01189   0.00067   0.00119   0.00100   0.00180   0.00925   3.68071   0.46909  
 55  0.0191  17345.203210  x:  0.00214   0.01057   0.01765   0.20206   0.22255   0.15431   0.08088   0.16573   0.13021   0.00324   0.06679   0.00708   0.01763   0.02296   0.02253   0.04418   0.14538   0.01189   0.00060   0.00118   0.00116   0.00180   0.00914   3.68124   0.47100  
 56  0.0014  17345.199415  x:  0.00215   0.01058   0.01772   0.20186   0.22247   0.15397   0.08083   0.16579   0.13031   0.00325   0.06667   0.00711   0.01768   0.02298   0.02246   0.04431   0.14559   0.01191   0.00060   0.00120   0.00119   0.00180   0.00923   3.68103   0.47119  
 57  0.0005  17345.199118  x:  0.00216   0.01059   0.01773   0.20184   0.22246   0.15397   0.08082   0.16580   0.13026   0.00326   0.06668   0.00712   0.01767   0.02297   0.02245   0.04430   0.14559   0.01191   0.00060   0.00120   0.00120   0.00180   0.00920   3.68000   0.47105  
 58  0.0008  17345.199087  x:  0.00216   0.01059   0.01772   0.20184   0.22245   0.15399   0.08082   0.16580   0.13025   0.00326   0.06668   0.00711   0.01766   0.02297   0.02244   0.04430   0.14557   0.01191   0.00060   0.00120   0.00120   0.00180   0.00921   3.67999   0.47098  
 59  0.0001  17345.199082  x:  0.00216   0.01059   0.01772   0.20184   0.22247   0.15400   0.08082   0.16580   0.13026   0.00326   0.06668   0.00711   0.01766   0.02297   0.02244   0.04430   0.14557   0.01191   0.00060   0.00120   0.00120   0.00180   0.00921   3.68005   0.47094  
 60  0.0000  17345.199073  x:  0.00216   0.01059   0.01772   0.20184   0.22247   0.15401   0.08083   0.16580   0.13026   0.00326   0.06668   0.00711   0.01766   0.02297   0.02244   0.04430   0.14558   0.01192   0.00060   0.00120   0.00120   0.00180   0.00921   3.67999   0.47094  
 61  0.0000  17345.199071  x:  0.00216   0.01059   0.01772   0.20184   0.22246   0.15400   0.08082   0.16580   0.13026   0.00326   0.06668   0.00711   0.01766   0.02297   0.02244   0.04430   0.14557   0.01192   0.00060   0.00120   0.00120   0.00180   0.00921   3.67992   0.47095  