

TREE # 1

  0  0.0000  83632.395436  x:  0.01868   0.02139   0.03267   0.01563   0.02566   0.05109   0.08543   0.08426   0.04949   0.06396   0.07148   0.06923   0.06118   0.04926   0.06637   0.03611   0.03014   0.02856   0.07765   0.04500   0.08129   0.05686   0.09100   0.03691   0.01580   0.03143   0.07297   0.08651   0.10006   0.06927   0.02240   0.01958   0.10261   0.08922   0.03777   0.06872   0.03375   0.10952   0.04264   0.01554   0.01736   0.04689   0.08644   0.04309   0.09987   0.07803   0.01268   0.09665   0.07584   0.09938   0.06184   0.02648   0.08495   0.09625   0.05114   0.06100   0.01005   0.10707   0.04834   0.03370   0.08104   0.04390   0.03174   0.06238   0.06407   0.10493   0.10366   0.05396   0.09101   0.09007   0.09948   0.08354   0.05868   0.10548   0.10948   0.07092   0.10257   0.83197   1.18263  
  1 99.0000  76819.606197  x:  0.13311   0.15770   0.64537   0.39414   0.23875   0.02319   0.04002   0.04087   0.01977   0.03580   0.03363   0.17283   0.11340   0.07733   0.11968   0.15090   0.21025   0.07038   0.09187   0.04274   0.03397   0.07116   0.05910   0.02997   0.16240   0.01699   0.09916   0.05103   0.07215   0.02726   0.04152   0.02612   0.06787   0.07723   0.07193   0.06478   0.02326   0.11004   0.15668   0.23271   0.06052   0.11465   0.12628   0.03532   0.06437   0.04649   0.15827   0.07067   0.04594   0.06228   0.06611   0.18777   0.09884   0.07185   0.06883   0.06551   0.12489   0.13998   0.20944   0.03406   0.05742   0.24210   0.36327   0.21538   0.15680   0.14907   0.06929   0.03387   0.13972   0.07052   0.09294   0.09911   0.03860   0.07627   0.13962   0.09375   0.13920   0.97881   1.08126  
  2 39543.3158  75623.318577  x:  0.11592   0.14210   0.66051   0.38951   0.23386   0.01820   0.00944   0.01551   0.01518   0.02970   0.01558   0.17828   0.10427   0.07290   0.11744   0.14444   0.20627   0.06156   0.09504   0.04062   0.00000   0.07596   0.03779   0.02455   0.14707   0.00894   0.10516   0.02864   0.05650   0.00347   0.03272   0.01991   0.04682   0.07276   0.07053   0.05651   0.00924   0.10863   0.15856   0.22038   0.04474   0.11571   0.13653   0.03077   0.04058   0.02484   0.14087   0.05543   0.03242   0.03925   0.06277   0.17919   0.10439   0.05834   0.07030   0.06585   0.10679   0.14719   0.21695   0.03324   0.04556   0.24710   0.36856   0.23358   0.16779   0.16016   0.04913   0.03036   0.14840   0.05891   0.09019   0.10376   0.02808   0.05650   0.15064   0.09843   0.15311   1.06851   0.99771  
  3 8523.3772  75281.582152  x:  0.10886   0.13573   0.66717   0.38770   0.23188   0.01730   0.00047   0.00797   0.01462   0.02808   0.01096   0.18056   0.10047   0.07107   0.11654   0.14182   0.20470   0.05827   0.09645   0.04046   0.01016   0.07805   0.02963   0.02299   0.14073   0.00734   0.10757   0.02034   0.05063   0.00467   0.02995   0.01855   0.03892   0.07117   0.07010   0.05355   0.00576   0.10814   0.15939   0.21533   0.03859   0.11628   0.14055   0.02931   0.03113   0.01688   0.13370   0.04966   0.02799   0.03055   0.06162   0.17574   0.10663   0.05326   0.07086   0.06596   0.09930   0.15007   0.22005   0.03308   0.04128   0.24925   0.37091   0.24102   0.17217   0.16455   0.04143   0.02955   0.15193   0.05450   0.08913   0.10556   0.02444   0.04856   0.15496   0.10021   0.15864   1.10554   0.96143  
  4 47283.2121  74958.042988  x:  0.10116   0.12880   0.67450   0.38576   0.22974   0.01641   0.00434   0.00068   0.01411   0.02640   0.00634   0.18305   0.09633   0.06907   0.11557   0.13898   0.20299   0.05472   0.09798   0.04034   0.01866   0.08033   0.02078   0.02124   0.13382   0.00574   0.11020   0.01146   0.04428   0.00593   0.02702   0.01717   0.03040   0.06946   0.06963   0.05037   0.00230   0.10761   0.16032   0.20983   0.03192   0.11690   0.14492   0.02777   0.02090   0.00839   0.12589   0.04342   0.02329   0.02121   0.06038   0.17200   0.10906   0.04778   0.07147   0.06608   0.09113   0.15322   0.22344   0.03292   0.03668   0.25160   0.37349   0.24913   0.17693   0.16932   0.03312   0.02873   0.15578   0.04974   0.08799   0.10750   0.02055   0.03994   0.15965   0.10215   0.16465   1.14594   0.92171  
  5 194958.3870  74696.035015  x:  0.09492   0.12319   0.68053   0.38421   0.22801   0.01575   0.00654   0.00412   0.01378   0.02511   0.00329   0.18508   0.09297   0.06746   0.11478   0.13668   0.20162   0.05188   0.09922   0.04028   0.02428   0.08217   0.01368   0.01978   0.12823   0.00462   0.11233   0.00454   0.03920   0.00677   0.02473   0.01613   0.02360   0.06810   0.06928   0.04784   0.00000   0.10720   0.16108   0.20538   0.02655   0.11743   0.14846   0.02656   0.01271   0.00184   0.11956   0.03843   0.01963   0.01381   0.05940   0.16899   0.11104   0.04339   0.07197   0.06618   0.08450   0.15577   0.22620   0.03281   0.03300   0.25354   0.37563   0.25574   0.18080   0.17318   0.02646   0.02811   0.15891   0.04591   0.08707   0.10907   0.01748   0.03299   0.16345   0.10372   0.16952   1.17880   0.88925  
  6 260999.5027  74244.286794  x:  0.08277   0.11232   0.69276   0.38118   0.22459   0.01580   0.00805   0.00546   0.01458   0.02403   0.01797   0.18907   0.08629   0.06429   0.11327   0.13221   0.19897   0.04699   0.10163   0.04104   0.02839   0.08580   0.00263   0.01661   0.11725   0.00596   0.11650   0.00173   0.03076   0.00923   0.02186   0.01574   0.01319   0.06590   0.06898   0.04401   0.01205   0.10672   0.16273   0.19666   0.01707   0.11866   0.15513   0.02505   0.00000   0.00479   0.10742   0.03008   0.01577   0.00473   0.05781   0.16333   0.11490   0.03616   0.07292   0.06632   0.07152   0.16068   0.23158   0.03287   0.02721   0.25739   0.37993   0.26860   0.18816   0.18053   0.01566   0.02803   0.16498   0.03933   0.08540   0.11199   0.01335   0.02034   0.17062   0.10662   0.17884   1.24358   0.82257  
  7 67593.7758  74148.902987  x:  0.07939   0.10930   0.69618   0.38035   0.22364   0.01581   0.00845   0.00581   0.01477   0.02372   0.02117   0.19019   0.08443   0.06342   0.11285   0.13096   0.19823   0.04565   0.10230   0.04125   0.02951   0.08682   0.00026   0.01573   0.11420   0.00628   0.11766   0.00138   0.02846   0.00983   0.02109   0.01563   0.01047   0.06530   0.06891   0.04293   0.01468   0.10657   0.16318   0.19423   0.01447   0.11901   0.15698   0.02466   0.00192   0.00538   0.10404   0.02780   0.01478   0.00282   0.05738   0.16176   0.11599   0.03422   0.07319   0.06635   0.06791   0.16204   0.23308   0.03290   0.02562   0.25847   0.38114   0.27218   0.19021   0.18257   0.01276   0.02802   0.16667   0.03752   0.08494   0.11280   0.01226   0.01688   0.17262   0.10743   0.18144   1.26163   0.80395  
  8 194677.8852  73876.120658  x:  0.06988   0.10081   0.70589   0.37800   0.22097   0.01582   0.00952   0.00673   0.01526   0.02286   0.02846   0.19333   0.07918   0.06094   0.11168   0.12746   0.19617   0.04190   0.10417   0.04188   0.03251   0.08973   0.00528   0.01328   0.10561   0.00708   0.12093   0.00171   0.02213   0.01126   0.01899   0.01535   0.00347   0.06362   0.06872   0.03991   0.02072   0.10614   0.16445   0.18736   0.00732   0.12000   0.16221   0.02360   0.00477   0.00638   0.09451   0.02153   0.01224   0.00049   0.05616   0.15732   0.11903   0.02885   0.07394   0.06646   0.05775   0.16590   0.23731   0.03297   0.02127   0.26151   0.38456   0.28231   0.19600   0.18833   0.00501   0.02808   0.17145   0.03250   0.08365   0.11508   0.00934   0.00729   0.17826   0.10972   0.18876   1.31262   0.75124  
  9 297555.4823  73774.707007  x:  0.06615   0.09747   0.70971   0.37708   0.21992   0.01580   0.00993   0.00707   0.01543   0.02251   0.03104   0.19457   0.07712   0.05996   0.11121   0.12609   0.19536   0.04043   0.10491   0.04212   0.03368   0.09087   0.00640   0.01233   0.10223   0.00735   0.12222   0.00178   0.01966   0.01177   0.01817   0.01523   0.00111   0.06296   0.06865   0.03872   0.02286   0.10597   0.16494   0.18467   0.00456   0.12040   0.16427   0.02318   0.00561   0.00658   0.09077   0.01910   0.01127   0.00217   0.05569   0.15557   0.12022   0.02674   0.07423   0.06651   0.05376   0.16742   0.23898   0.03300   0.01956   0.26271   0.38591   0.28629   0.19828   0.19060   0.00212   0.02811   0.17332   0.03054   0.08314   0.11598   0.00821   0.00358   0.18047   0.11062   0.19164   1.33266   0.73053  
 10 915763.7380  73623.049639  x:  0.06213   0.09389   0.71386   0.37609   0.21879   0.01580   0.01032   0.00740   0.01560   0.02215   0.03330   0.19591   0.07489   0.05891   0.11072   0.12461   0.19449   0.03890   0.10570   0.04238   0.03482   0.09209   0.00728   0.01135   0.09859   0.00762   0.12361   0.00221   0.01720   0.01226   0.01735   0.01513   0.00354   0.06227   0.06858   0.03744   0.02475   0.10578   0.16547   0.18175   0.00186   0.12083   0.16649   0.02274   0.00628   0.00662   0.08673   0.01663   0.01044   0.00289   0.05519   0.15368   0.12150   0.02457   0.07455   0.06655   0.04948   0.16906   0.24079   0.03305   0.01784   0.26401   0.38737   0.29059   0.20074   0.19306   0.00038   0.02824   0.17536   0.02851   0.08260   0.11695   0.00721   0.00000   0.18287   0.11160   0.19475   1.35437   0.70798  
 11 283764.0273  73623.049639  x:  0.06213   0.09389   0.71386   0.37609   0.21879   0.01580   0.01032   0.00740   0.01560   0.02215   0.03330   0.19591   0.07489   0.05891   0.11072   0.12461   0.19449   0.03890   0.10570   0.04238   0.03482   0.09209   0.00728   0.01135   0.09859   0.00762   0.12361   0.00221   0.01720   0.01226   0.01735   0.01513   0.00354   0.06227   0.06858   0.03744   0.02475   0.10578   0.16547   0.18175   0.00186   0.12083   0.16649   0.02274   0.00628   0.00662   0.08673   0.01663   0.01044   0.00289   0.05519   0.15368   0.12150   0.02457   0.07455   0.06655   0.04948   0.16906   0.24079   0.03305   0.01784   0.26401   0.38737   0.29059   0.20074   0.19306   0.00038   0.02824   0.17536   0.02851   0.08260   0.11695   0.00721   0.00000   0.18287   0.11160   0.19475   1.35437   0.70798  
 12 309963.4890  73078.111920  x:  0.06111   0.09303   0.71293   0.37375   0.21719   0.01770   0.01058   0.01453   0.01676   0.02454   0.03089   0.19581   0.07376   0.05855   0.11044   0.12372   0.19342   0.04130   0.10560   0.04376   0.03007   0.09212   0.01324   0.01317   0.09698   0.01057   0.12367   0.02405   0.02577   0.01251   0.02185   0.01790   0.04577   0.06341   0.06910   0.03906   0.02252   0.10576   0.16492   0.17947   0.01777   0.12118   0.16637   0.02456   0.01374   0.01346   0.08528   0.02488   0.02300   0.04635   0.05607   0.15246   0.12149   0.02970   0.07446   0.06651   0.04863   0.16923   0.24044   0.03386   0.02362   0.26347   0.38633   0.29101   0.20061   0.19348   0.09968   0.03507   0.17563   0.03274   0.08296   0.11679   0.01807   0.03145   0.18332   0.11220   0.19517   1.36173   0.69297  
 13 42462.2087  72329.263485  x:  0.05505   0.08789   0.70704   0.35902   0.20712   0.02458   0.01037   0.02051   0.02085   0.03504   0.01696   0.19528   0.06690   0.05629   0.10845   0.11790   0.18599   0.04875   0.10491   0.05041   0.00000   0.09171   0.02254   0.02045   0.08727   0.01619   0.12237   0.02198   0.04749   0.00840   0.03793   0.02661   0.04274   0.06852   0.06844   0.04705   0.01002   0.10563   0.16156   0.16509   0.02845   0.12153   0.16561   0.03163   0.02459   0.02393   0.07525   0.04956   0.03641   0.03898   0.06066   0.14445   0.12105   0.04971   0.07352   0.06628   0.04115   0.16990   0.23827   0.03668   0.04498   0.26011   0.37975   0.29372   0.19952   0.19377   0.09398   0.02982   0.17701   0.04499   0.08453   0.11567   0.03134   0.03342   0.18308   0.11029   0.19607   1.40770   0.59714  
 14 7088.1589  71499.381154  x:  0.04707   0.08166   0.69846   0.33733   0.19257   0.02834   0.01000   0.02303   0.02257   0.04340   0.00574   0.19478   0.05731   0.05336   0.10590   0.10982   0.17525   0.05639   0.10402   0.05732   0.03024   0.09100   0.03015   0.02790   0.07378   0.01921   0.12055   0.02040   0.06720   0.00940   0.04999   0.03155   0.04057   0.07410   0.06782   0.05587   0.00000   0.10572   0.15701   0.14436   0.03865   0.12157   0.16439   0.03768   0.03123   0.03061   0.06134   0.07116   0.04766   0.03109   0.06547   0.13308   0.12016   0.06823   0.07213   0.06584   0.03117   0.17097   0.23522   0.03783   0.06339   0.25533   0.37014   0.29782   0.19807   0.19441   0.08959   0.02466   0.17898   0.05702   0.08631   0.11409   0.04269   0.03602   0.18280   0.10763   0.19718   1.47507   0.45024  
 15 32382.5999  70494.519295  x:  0.03573   0.07409   0.68503   0.30283   0.16988   0.03020   0.00966   0.02318   0.02291   0.05168   0.02215   0.19455   0.04302   0.04943   0.10246   0.09779   0.15852   0.06538   0.10257   0.06503   0.05147   0.08939   0.03613   0.03361   0.05438   0.02056   0.11785   0.01902   0.09021   0.01163   0.06144   0.03409   0.03875   0.08097   0.06725   0.06773   0.03921   0.10690   0.15085   0.11252   0.05029   0.12128   0.16242   0.04372   0.03568   0.03557   0.04140   0.09611   0.05939   0.02190   0.07129   0.11584   0.11858   0.08992   0.07011   0.06513   0.01769   0.17286   0.23063   0.03733   0.08398   0.24802   0.35498   0.30464   0.19607   0.19584   0.08520   0.01990   0.18213   0.07116   0.08855   0.11173   0.05475   0.03927   0.18246   0.10368   0.19875   1.58212   0.20815  
 16 85355.1546  70355.913128  x:  0.03581   0.08064   0.68247   0.29195   0.16456   0.02378   0.01183   0.01717   0.01834   0.04373   0.01351   0.19722   0.04293   0.05137   0.10401   0.09728   0.15456   0.06236   0.10241   0.06174   0.03688   0.08848   0.02746   0.02509   0.05690   0.01504   0.11752   0.02005   0.08308   0.00828   0.05132   0.02566   0.04021   0.07898   0.06820   0.06449   0.01926   0.10659   0.14980   0.10432   0.04605   0.12093   0.16216   0.03881   0.02625   0.02734   0.04640   0.08859   0.05202   0.02916   0.06959   0.11368   0.11810   0.08334   0.07034   0.06519   0.02626   0.17470   0.23058   0.03293   0.07549   0.24710   0.35085   0.30911   0.19729   0.19869   0.08656   0.02801   0.18407   0.06624   0.08798   0.11163   0.04765   0.03731   0.18316   0.10330   0.19922   1.61829   0.16525  
 17 5019.1381  70227.712969  x:  0.02880   0.08681   0.67607   0.26379   0.15053   0.02522   0.00368   0.02302   0.02449   0.03885   0.03262   0.20335   0.04129   0.05399   0.10651   0.09447   0.14434   0.06115   0.10303   0.06217   0.02809   0.08910   0.01950   0.01878   0.05431   0.01554   0.11727   0.02020   0.07791   0.02296   0.04120   0.02391   0.04326   0.07853   0.06930   0.06448   0.00000   0.10735   0.14714   0.08512   0.04292   0.12076   0.16187   0.03612   0.01803   0.02135   0.04432   0.08244   0.04479   0.02695   0.06900   0.10621   0.11811   0.07916   0.07031   0.06528   0.02090   0.17796   0.22947   0.03110   0.06779   0.24456   0.34025   0.32047   0.19987   0.20508   0.08989   0.02381   0.18911   0.06340   0.08815   0.11120   0.04091   0.03758   0.18495   0.10206   0.20123   1.71291   0.16703  
 18 3087.4456  70027.428162  x:  0.01707   0.10092   0.66338   0.20612   0.12272   0.02722   0.02278   0.03120   0.03241   0.02997   0.01733   0.21651   0.03975   0.05971   0.11206   0.08971   0.12418   0.05927   0.10439   0.06380   0.01852   0.09075   0.00733   0.00925   0.05206   0.01719   0.11687   0.01978   0.06975   0.03671   0.02436   0.02174   0.04704   0.07771   0.07144   0.06429   0.00293   0.10887   0.14221   0.04942   0.03783   0.12084   0.16145   0.03195   0.00572   0.01300   0.04460   0.07318   0.03262   0.02577   0.06816   0.09255   0.11838   0.07305   0.07049   0.06555   0.01716   0.18501   0.22764   0.02844   0.05502   0.23977   0.31872   0.34424   0.20546   0.21860   0.09477   0.01913   0.19965   0.05878   0.08845   0.11051   0.02907   0.03730   0.18874   0.09975   0.20543   1.90921   0.18474  
 19 14754.6614  69837.020471  x:  0.02080   0.11659   0.65088   0.14826   0.09991   0.02109   0.00739   0.02344   0.02798   0.02488   0.00575   0.23119   0.04578   0.06521   0.11836   0.08853   0.10802   0.05520   0.10559   0.06363   0.01226   0.09329   0.03178   0.02158   0.05633   0.01419   0.11700   0.01922   0.05332   0.03134   0.01849   0.01966   0.04612   0.07500   0.07303   0.06198   0.00792   0.11059   0.13945   0.04381   0.02950   0.12157   0.16139   0.02920   0.02818   0.01922   0.05226   0.05496   0.02259   0.03067   0.06568   0.08636   0.11958   0.06103   0.07116   0.06561   0.02627   0.19219   0.22678   0.02890   0.03681   0.23635   0.29736   0.36892   0.21111   0.23249   0.09717   0.02447   0.21025   0.05080   0.08805   0.11036   0.01553   0.03460   0.19242   0.09860   0.20939   2.12086   0.20235  
 20 12497.3232  69708.491076  x:  0.02665   0.12582   0.64279   0.11335   0.09284   0.01782   0.02390   0.01324   0.01928   0.03129   0.02038   0.24198   0.05705   0.06825   0.12277   0.09127   0.10277   0.05320   0.10634   0.06123   0.01231   0.09372   0.03316   0.02451   0.06249   0.01257   0.11748   0.01950   0.04281   0.00926   0.03283   0.02233   0.04274   0.07301   0.07329   0.05961   0.00180   0.11088   0.13914   0.06356   0.02570   0.12256   0.16173   0.02859   0.03079   0.02206   0.06017   0.04344   0.02833   0.03679   0.06410   0.08919   0.12025   0.05204   0.07171   0.06574   0.03613   0.19640   0.22688   0.03283   0.03103   0.23559   0.28403   0.38579   0.21455   0.24153   0.09705   0.03039   0.21724   0.04746   0.08757   0.11082   0.01640   0.03293   0.19462   0.09910   0.21190   2.27615   0.21497  
 21 12000.2336  69606.906177  x:  0.02983   0.12784   0.63866   0.10424   0.10362   0.02217   0.00525   0.01685   0.01690   0.03506   0.01258   0.24930   0.07388   0.06870   0.12536   0.09821   0.10957   0.05208   0.10672   0.05523   0.01236   0.09198   0.01885   0.01850   0.06849   0.01318   0.11863   0.02143   0.03774   0.00376   0.03830   0.02196   0.04106   0.07143   0.07230   0.05601   0.00653   0.11063   0.14203   0.09147   0.02468   0.12351   0.16248   0.02889   0.01898   0.01814   0.06502   0.03696   0.03576   0.03976   0.06292   0.09992   0.12033   0.04402   0.07211   0.06592   0.04006   0.19719   0.22783   0.03641   0.03568   0.23779   0.27858   0.39582   0.21570   0.24594   0.09616   0.03247   0.22063   0.04640   0.08681   0.11193   0.02599   0.03271   0.19537   0.10130   0.21283   2.38786   0.22087  
 22 6676.4857  69568.370089  x:  0.03379   0.12703   0.63681   0.10654   0.11802   0.02234   0.00694   0.01652   0.01580   0.03574   0.00861   0.25401   0.08929   0.06779   0.12670   0.10544   0.11941   0.05102   0.10680   0.05060   0.01004   0.09086   0.01609   0.01774   0.07375   0.01258   0.11982   0.02265   0.03572   0.02592   0.03868   0.02072   0.04032   0.07017   0.07102   0.05220   0.00721   0.11011   0.14554   0.11542   0.02401   0.12434   0.16327   0.02986   0.01729   0.01861   0.06891   0.03380   0.03805   0.04181   0.06195   0.11101   0.12059   0.03918   0.07252   0.06601   0.04357   0.19653   0.22910   0.03765   0.03822   0.24082   0.27720   0.40163   0.21573   0.24782   0.09500   0.03475   0.22169   0.04452   0.08592   0.11307   0.03064   0.03208   0.19540   0.10357   0.21279   2.46763   0.22233  
 23 8498.8171  69508.315492  x:  0.03257   0.12007   0.63748   0.12900   0.14426   0.02102   0.01392   0.02111   0.02586   0.02678   0.01182   0.25701   0.10850   0.06382   0.12641   0.11616   0.13856   0.05034   0.10670   0.04780   0.00964   0.09003   0.02288   0.01772   0.07743   0.01364   0.12158   0.02273   0.04069   0.01930   0.01918   0.01617   0.04242   0.06981   0.06909   0.04667   0.00525   0.10880   0.15140   0.12986   0.02449   0.12507   0.16452   0.03080   0.02027   0.01786   0.06986   0.04067   0.02819   0.04074   0.06166   0.12477   0.12093   0.04226   0.07305   0.06620   0.04213   0.19270   0.23151   0.03260   0.03857   0.24686   0.28179   0.40477   0.21392   0.24677   0.09513   0.03337   0.21917   0.04093   0.08467   0.11473   0.02802   0.03174   0.19435   0.10671   0.21107   2.55428   0.22420  
 24 3907.1521  69481.687848  x:  0.02972   0.11429   0.64007   0.14961   0.15890   0.01533   0.01264   0.01278   0.02105   0.02553   0.01077   0.25615   0.11550   0.06002   0.12478   0.12153   0.15042   0.04957   0.10650   0.04897   0.00851   0.08991   0.02117   0.01908   0.07696   0.01233   0.12247   0.02176   0.04187   0.01744   0.02655   0.02449   0.04493   0.06979   0.06878   0.04530   0.00523   0.10804   0.15473   0.12410   0.02336   0.12496   0.16517   0.02895   0.01928   0.01608   0.06807   0.04217   0.02191   0.03971   0.06139   0.12899   0.12102   0.04501   0.07313   0.06616   0.03889   0.18894   0.23344   0.02864   0.03346   0.25107   0.28846   0.40392   0.21191   0.24407   0.09699   0.03162   0.21469   0.03881   0.08428   0.11549   0.01952   0.03179   0.19321   0.10791   0.20908   2.59685   0.22628  
 25 2603.7218  69465.936830  x:  0.03136   0.11133   0.64419   0.16865   0.16764   0.01939   0.01338   0.01619   0.01361   0.03069   0.01109   0.25315   0.11660   0.05678   0.12262   0.12444   0.15859   0.04857   0.10637   0.05087   0.00788   0.09036   0.02123   0.02030   0.07612   0.01135   0.12298   0.02075   0.03799   0.01620   0.02904   0.01889   0.04449   0.06931   0.06956   0.04643   0.00488   0.10759   0.15684   0.11212   0.02109   0.12467   0.16560   0.02679   0.02077   0.01813   0.06781   0.03764   0.02879   0.04083   0.06072   0.12903   0.12118   0.04403   0.07303   0.06595   0.03987   0.18545   0.23558   0.03112   0.02958   0.25454   0.29676   0.40117   0.20992   0.24056   0.09700   0.03319   0.20885   0.03962   0.08453   0.11581   0.01497   0.03139   0.19204   0.10820   0.20705   2.62457   0.22760  
 26 1815.8827  69458.792903  x:  0.03488   0.11124   0.64800   0.17984   0.17009   0.01978   0.01322   0.01186   0.01826   0.03133   0.01161   0.24989   0.11407   0.05545   0.12103   0.12500   0.16183   0.04832   0.10638   0.05137   0.00793   0.09077   0.02144   0.01974   0.07594   0.01248   0.12313   0.02123   0.03497   0.01595   0.02973   0.01856   0.04305   0.06895   0.07044   0.04812   0.00491   0.10750   0.15754   0.10444   0.02057   0.12457   0.16586   0.02670   0.02143   0.01843   0.06897   0.03399   0.03024   0.04246   0.06041   0.12716   0.12123   0.04145   0.07295   0.06582   0.04337   0.18344   0.23716   0.03439   0.03082   0.25639   0.30325   0.39838   0.20873   0.23784   0.09642   0.03577   0.20428   0.04211   0.08499   0.11577   0.01989   0.03156   0.19134   0.10802   0.20585   2.63858   0.22864  
 27 1364.4951  69455.546742  x:  0.03777   0.11200   0.65133   0.18592   0.16953   0.01681   0.01316   0.01580   0.01753   0.03016   0.01235   0.24696   0.11035   0.05536   0.11999   0.12449   0.16246   0.04840   0.10637   0.05097   0.00826   0.09102   0.02145   0.01942   0.07626   0.01227   0.12306   0.02193   0.03465   0.01606   0.03033   0.02113   0.04193   0.06886   0.07092   0.04909   0.00499   0.10759   0.15756   0.10239   0.02098   0.12459   0.16602   0.02758   0.02166   0.01803   0.07048   0.03370   0.02882   0.04374   0.06051   0.12523   0.12120   0.03967   0.07295   0.06582   0.04674   0.18234   0.23823   0.03521   0.03211   0.25728   0.30810   0.39590   0.20809   0.23581   0.09570   0.03764   0.20092   0.04286   0.08523   0.11555   0.02236   0.03142   0.19097   0.10766   0.20512   2.64594   0.22928  
 28 998.2524  69451.302926  x:  0.04081   0.11326   0.65857   0.19423   0.16534   0.01941   0.01203   0.01389   0.01469   0.02914   0.01318   0.24068   0.10055   0.05666   0.11825   0.12207   0.16106   0.04898   0.10636   0.04961   0.00870   0.09127   0.02014   0.01906   0.07700   0.01140   0.12264   0.02268   0.03785   0.01678   0.02913   0.01989   0.04136   0.06922   0.07112   0.04996   0.00529   0.10797   0.15689   0.10507   0.02252   0.12467   0.16615   0.02945   0.02075   0.01761   0.07283   0.03764   0.02743   0.04533   0.06125   0.12141   0.12110   0.03922   0.07301   0.06605   0.05116   0.18075   0.23991   0.03354   0.03319   0.25819   0.31734   0.39045   0.20730   0.23193   0.09498   0.03884   0.19477   0.04181   0.08536   0.11491   0.02198   0.03116   0.19054   0.10677   0.20400   2.65655   0.23098  
 29 742.6407  69448.247869  x:  0.04045   0.11326   0.66627   0.20083   0.16091   0.01883   0.01204   0.01507   0.01869   0.03045   0.01235   0.23488   0.09086   0.05871   0.11698   0.11942   0.15881   0.04875   0.10643   0.04900   0.00837   0.09128   0.01996   0.01907   0.07769   0.01206   0.12221   0.02187   0.03731   0.01692   0.02980   0.01978   0.04231   0.06917   0.07072   0.04915   0.00533   0.10829   0.15617   0.11123   0.02182   0.12446   0.16606   0.02855   0.01978   0.01778   0.07365   0.03647   0.02846   0.04560   0.06117   0.11939   0.12105   0.04025   0.07307   0.06625   0.05198   0.17949   0.24109   0.03185   0.03137   0.25874   0.32591   0.38479   0.20692   0.22843   0.09496   0.03804   0.18980   0.04008   0.08523   0.11448   0.01944   0.03136   0.19034   0.10627   0.20323   2.66467   0.23108  
 30 796.1446  69446.846043  x:  0.03828   0.11269   0.67130   0.20378   0.15868   0.01746   0.01238   0.01432   0.01676   0.02992   0.01184   0.23223   0.08588   0.06029   0.11666   0.11794   0.15721   0.04843   0.10650   0.04936   0.00783   0.09112   0.02047   0.01873   0.07779   0.01225   0.12205   0.02163   0.03593   0.01671   0.02811   0.01956   0.04307   0.06902   0.07039   0.04805   0.00513   0.10837   0.15578   0.11439   0.02101   0.12430   0.16595   0.02760   0.01971   0.01773   0.07301   0.03475   0.02854   0.04462   0.06084   0.11958   0.12108   0.04093   0.07306   0.06624   0.05016   0.17911   0.24140   0.03310   0.03199   0.25887   0.33035   0.38141   0.20712   0.22686   0.09521   0.03671   0.18813   0.04066   0.08517   0.11448   0.02092   0.03201   0.19039   0.10637   0.20318   2.66850   0.23124  
 31 587.6335  69446.450280  x:  0.03736   0.11287   0.67443   0.20452   0.15823   0.01911   0.01269   0.01464   0.01679   0.02916   0.01174   0.23187   0.08465   0.06126   0.11696   0.11754   0.15643   0.04820   0.10654   0.04962   0.00774   0.09097   0.02040   0.01912   0.07801   0.01150   0.12214   0.02212   0.03533   0.01657   0.02862   0.02006   0.04294   0.06882   0.07039   0.04744   0.00506   0.10828   0.15571   0.11487   0.02093   0.12432   0.16591   0.02758   0.02025   0.01756   0.07278   0.03455   0.02769   0.04434   0.06060   0.12085   0.12114   0.04011   0.07305   0.06611   0.04917   0.17940   0.24131   0.03366   0.03174   0.25885   0.33198   0.37976   0.20767   0.22668   0.09540   0.03703   0.18851   0.04103   0.08506   0.11471   0.02123   0.03181   0.19055   0.10666   0.20340   2.66960   0.23101  
 32 239.4832  69445.856314  x:  0.03637   0.11396   0.68194   0.20519   0.15796   0.01821   0.01259   0.01459   0.01694   0.02945   0.01180   0.23219   0.08342   0.06316   0.11799   0.11703   0.15488   0.04819   0.10674   0.04985   0.00785   0.09065   0.02015   0.01904   0.07845   0.01271   0.12249   0.02266   0.03568   0.01659   0.02915   0.01917   0.04222   0.06856   0.07050   0.04709   0.00512   0.10802   0.15569   0.11435   0.02166   0.12453   0.16585   0.02812   0.02081   0.01755   0.07253   0.03561   0.02786   0.04427   0.06036   0.12413   0.12125   0.03871   0.07308   0.06588   0.04765   0.18056   0.24091   0.03390   0.03141   0.25874   0.33473   0.37633   0.20930   0.22696   0.09562   0.03829   0.19053   0.04146   0.08479   0.11531   0.02092   0.03092   0.19101   0.10740   0.20412   2.67131   0.23091  
 33 255.3506  69445.444079  x:  0.03660   0.11509   0.68881   0.20522   0.15812   0.01808   0.01243   0.01440   0.01706   0.03011   0.01196   0.23297   0.08313   0.06401   0.11874   0.11678   0.15390   0.04822   0.10678   0.04967   0.00800   0.09060   0.02058   0.01872   0.07857   0.01131   0.12270   0.02200   0.03618   0.01667   0.02840   0.02013   0.04208   0.06859   0.07049   0.04748   0.00520   0.10788   0.15574   0.11367   0.02170   0.12465   0.16581   0.02812   0.02044   0.01765   0.07252   0.03539   0.02875   0.04456   0.06041   0.12606   0.12127   0.03954   0.07315   0.06592   0.04735   0.18162   0.24054   0.03347   0.03186   0.25866   0.33655   0.37349   0.21072   0.22743   0.09564   0.03865   0.19248   0.04140   0.08468   0.11563   0.02077   0.03067   0.19135   0.10786   0.20473   2.67248   0.23086  
 34 294.5153  69445.116654  x:  0.03726   0.11579   0.69578   0.20477   0.15859   0.01861   0.01244   0.01456   0.01675   0.02967   0.01207   0.23404   0.08341   0.06379   0.11913   0.11672   0.15348   0.04845   0.10679   0.04936   0.00805   0.09076   0.02067   0.01936   0.07838   0.01243   0.12280   0.02151   0.03608   0.01672   0.02876   0.01995   0.04248   0.06882   0.07046   0.04827   0.00521   0.10788   0.15585   0.11340   0.02139   0.12468   0.16578   0.02776   0.02006   0.01757   0.07256   0.03462   0.02816   0.04472   0.06065   0.12648   0.12123   0.04090   0.07319   0.06609   0.04788   0.18246   0.24019   0.03298   0.03218   0.25863   0.33770   0.37090   0.21191   0.22797   0.09549   0.03794   0.19419   0.04103   0.08472   0.11566   0.02103   0.03110   0.19156   0.10798   0.20520   2.67337   0.23067  
 35 262.8068  69444.818143  x:  0.03728   0.11551   0.70344   0.20374   0.15920   0.01812   0.01246   0.01461   0.01704   0.02955   0.01199   0.23527   0.08397   0.06242   0.11907   0.11676   0.15368   0.04860   0.10664   0.04929   0.00801   0.09095   0.02052   0.01917   0.07781   0.01147   0.12269   0.02224   0.03571   0.01669   0.02927   0.01909   0.04290   0.06911   0.07048   0.04841   0.00521   0.10804   0.15598   0.11354   0.02106   0.12465   0.16580   0.02780   0.02026   0.01773   0.07240   0.03522   0.02799   0.04441   0.06094   0.12512   0.12118   0.04069   0.07308   0.06616   0.04853   0.18288   0.23985   0.03338   0.03195   0.25865   0.33815   0.36848   0.21277   0.22850   0.09525   0.03652   0.19548   0.04074   0.08493   0.11536   0.02122   0.03174   0.19156   0.10763   0.20544   2.67415   0.23058  
 36 218.0837  69444.626718  x:  0.03695   0.11494   0.70898   0.20279   0.15962   0.01841   0.01251   0.01450   0.01690   0.02977   0.01194   0.23608   0.08442   0.06122   0.11886   0.11690   0.15414   0.04862   0.10658   0.04945   0.00797   0.09102   0.02054   0.01889   0.07756   0.01214   0.12256   0.02238   0.03564   0.01667   0.02861   0.02003   0.04292   0.06913   0.07045   0.04806   0.00518   0.10816   0.15605   0.11384   0.02118   0.12463   0.16584   0.02792   0.02049   0.01767   0.07233   0.03539   0.02837   0.04426   0.06090   0.12365   0.12114   0.03979   0.07300   0.06613   0.04892   0.18285   0.23967   0.03365   0.03162   0.25870   0.33805   0.36706   0.21311   0.22883   0.09525   0.03627   0.19600   0.04063   0.08507   0.11509   0.02092   0.03181   0.19145   0.10722   0.20541   2.67460   0.23040  
 37 258.9607  69444.507384  x:  0.03644   0.11431   0.71297   0.20189   0.15974   0.01830   0.01247   0.01454   0.01697   0.02973   0.01197   0.23641   0.08463   0.06056   0.11863   0.11709   0.15479   0.04842   0.10655   0.04981   0.00796   0.09097   0.02039   0.01929   0.07770   0.01197   0.12241   0.02170   0.03617   0.01670   0.02866   0.01973   0.04255   0.06891   0.07038   0.04753   0.00519   0.10819   0.15605   0.11398   0.02145   0.12458   0.16587   0.02798   0.02037   0.01761   0.07234   0.03495   0.02818   0.04425   0.06061   0.12255   0.12113   0.03981   0.07302   0.06606   0.04870   0.18234   0.23965   0.03344   0.03196   0.25876   0.33739   0.36659   0.21292   0.22896   0.09559   0.03727   0.19579   0.04103   0.08509   0.11494   0.02092   0.03142   0.19126   0.10692   0.20515   2.67487   0.23045  
 38 128.9292  69444.442992  x:  0.03649   0.11412   0.71548   0.20130   0.15969   0.01840   0.01244   0.01457   0.01693   0.02958   0.01198   0.23633   0.08468   0.06067   0.11853   0.11728   0.15535   0.04828   0.10659   0.04969   0.00801   0.09087   0.02070   0.01866   0.07794   0.01206   0.12239   0.02204   0.03590   0.01675   0.02883   0.01971   0.04233   0.06874   0.07046   0.04767   0.00520   0.10816   0.15600   0.11397   0.02130   0.12452   0.16588   0.02786   0.02029   0.01782   0.07242   0.03514   0.02815   0.04426   0.06055   0.12239   0.12116   0.04035   0.07310   0.06604   0.04822   0.18172   0.23975   0.03322   0.03188   0.25880   0.33649   0.36685   0.21242   0.22890   0.09565   0.03780   0.19517   0.04122   0.08500   0.11496   0.02099   0.03113   0.19109   0.10693   0.20483   2.67499   0.23045  
 39 80.1158  69444.371072  x:  0.03682   0.11415   0.71853   0.20069   0.15956   0.01829   0.01247   0.01453   0.01697   0.02970   0.01196   0.23599   0.08466   0.06124   0.11847   0.11755   0.15603   0.04831   0.10664   0.04948   0.00798   0.09080   0.02038   0.01936   0.07820   0.01202   0.12242   0.02236   0.03566   0.01672   0.02855   0.01983   0.04242   0.06871   0.07052   0.04805   0.00519   0.10809   0.15593   0.11382   0.02121   0.12447   0.16590   0.02782   0.02031   0.01764   0.07248   0.03537   0.02826   0.04428   0.06065   0.12271   0.12120   0.04047   0.07315   0.06603   0.04771   0.18091   0.23997   0.03338   0.03184   0.25883   0.33507   0.36766   0.21155   0.22872   0.09557   0.03775   0.19409   0.04117   0.08485   0.11508   0.02098   0.03112   0.19091   0.10715   0.20440   2.67509   0.23038  
 40 99.6080  69444.314387  x:  0.03691   0.11428   0.72097   0.20039   0.15947   0.01835   0.01251   0.01455   0.01696   0.02973   0.01195   0.23560   0.08463   0.06187   0.11847   0.11775   0.15645   0.04850   0.10667   0.04941   0.00798   0.09078   0.02063   0.01905   0.07820   0.01199   0.12246   0.02192   0.03603   0.01668   0.02874   0.01975   0.04271   0.06888   0.07047   0.04807   0.00519   0.10803   0.15589   0.11363   0.02143   0.12448   0.16591   0.02794   0.02033   0.01760   0.07245   0.03511   0.02814   0.04430   0.06074   0.12326   0.12123   0.03998   0.07311   0.06603   0.04771   0.18045   0.24020   0.03354   0.03188   0.25881   0.33377   0.36866   0.21076   0.22852   0.09546   0.03723   0.19312   0.04100   0.08480   0.11520   0.02096   0.03140   0.19082   0.10738   0.20411   2.67516   0.23030  
 41 99.8260  69444.282272  x:  0.03649   0.11442   0.72222   0.20061   0.15951   0.01834   0.01245   0.01455   0.01695   0.02958   0.01202   0.23531   0.08460   0.06215   0.11848   0.11777   0.15631   0.04846   0.10663   0.04969   0.00803   0.09086   0.02041   0.01908   0.07790   0.01203   0.12250   0.02195   0.03601   0.01672   0.02873   0.01980   0.04261   0.06897   0.07043   0.04766   0.00522   0.10805   0.15592   0.11354   0.02135   0.12452   0.16590   0.02794   0.02046   0.01793   0.07237   0.03515   0.02831   0.04431   0.06069   0.12361   0.12121   0.04009   0.07305   0.06608   0.04838   0.18066   0.24036   0.03323   0.03183   0.25872   0.33299   0.36966   0.21041   0.22845   0.09542   0.03708   0.19267   0.04104   0.08493   0.11522   0.02111   0.03153   0.19088   0.10738   0.20416   2.67521   0.23030  
 42 39.8484  69444.255724  x:  0.03621   0.11457   0.72311   0.20100   0.15961   0.01837   0.01243   0.01457   0.01696   0.02983   0.01205   0.23508   0.08457   0.06219   0.11848   0.11772   0.15599   0.04841   0.10658   0.04986   0.00804   0.09096   0.02063   0.01908   0.07761   0.01205   0.12253   0.02211   0.03591   0.01676   0.02877   0.01977   0.04250   0.06897   0.07041   0.04760   0.00523   0.10810   0.15596   0.11363   0.02127   0.12454   0.16588   0.02790   0.02041   0.01746   0.07220   0.03524   0.02824   0.04424   0.06066   0.12371   0.12116   0.04025   0.07301   0.06610   0.04878   0.18105   0.24045   0.03336   0.03201   0.25860   0.33244   0.37065   0.21025   0.22843   0.09551   0.03715   0.19245   0.04107   0.08504   0.11519   0.02099   0.03148   0.19098   0.10727   0.20432   2.67527   0.23030  
 43 48.9597  69444.203843  x:  0.03624   0.11487   0.72446   0.20204   0.15983   0.01834   0.01245   0.01455   0.01698   0.02974   0.01200   0.23472   0.08442   0.06182   0.11841   0.11759   0.15517   0.04842   0.10651   0.04960   0.00802   0.09105   0.02054   0.01910   0.07732   0.01201   0.12254   0.02197   0.03595   0.01672   0.02870   0.01980   0.04247   0.06884   0.07039   0.04822   0.00522   0.10822   0.15604   0.11400   0.02134   0.12460   0.16584   0.02792   0.02025   0.01793   0.07192   0.03518   0.02808   0.04398   0.06066   0.12348   0.12110   0.04018   0.07303   0.06605   0.04854   0.18192   0.24046   0.03378   0.03187   0.25836   0.33166   0.37273   0.21021   0.22848   0.09576   0.03740   0.19238   0.04117   0.08511   0.11505   0.02083   0.03119   0.19121   0.10696   0.20478   2.67540   0.23025  
 44 43.9279  69444.155878  x:  0.03653   0.11501   0.72534   0.20288   0.15993   0.01834   0.01249   0.01455   0.01693   0.02955   0.01198   0.23454   0.08417   0.06140   0.11837   0.11755   0.15459   0.04846   0.10654   0.04947   0.00800   0.09097   0.02057   0.01910   0.07758   0.01198   0.12249   0.02189   0.03603   0.01671   0.02878   0.01977   0.04252   0.06881   0.07045   0.04818   0.00522   0.10823   0.15606   0.11413   0.02138   0.12461   0.16583   0.02797   0.02053   0.01749   0.07198   0.03512   0.02844   0.04396   0.06072   0.12308   0.12110   0.04004   0.07309   0.06601   0.04788   0.18244   0.24037   0.03327   0.03162   0.25822   0.33128   0.37444   0.21035   0.22856   0.09570   0.03733   0.19259   0.04122   0.08502   0.11496   0.02118   0.03123   0.19137   0.10687   0.20513   2.67553   0.23022  
 45 52.7925  69444.085429  x:  0.03682   0.11491   0.72618   0.20371   0.15986   0.01839   0.01247   0.01455   0.01693   0.02995   0.01203   0.23453   0.08369   0.06094   0.11839   0.11765   0.15418   0.04849   0.10665   0.04958   0.00805   0.09074   0.02054   0.01909   0.07833   0.01204   0.12241   0.02212   0.03587   0.01670   0.02881   0.01978   0.04261   0.06886   0.07055   0.04748   0.00524   0.10813   0.15601   0.11404   0.02137   0.12458   0.16582   0.02788   0.02056   0.01783   0.07250   0.03510   0.02818   0.04429   0.06076   0.12263   0.12116   0.03995   0.07317   0.06603   0.04720   0.18272   0.24015   0.03314   0.03231   0.25820   0.33120   0.37646   0.21069   0.22871   0.09542   0.03712   0.19315   0.04092   0.08481   0.11494   0.02105   0.03147   0.19149   0.10701   0.20541   2.67572   0.23013  
 46 54.8709  69443.911153  x:  0.03649   0.11380   0.72707   0.20441   0.15923   0.01837   0.01229   0.01458   0.01702   0.02934   0.01217   0.23501   0.08248   0.06057   0.11855   0.11817   0.15447   0.04859   0.10687   0.04990   0.00812   0.09053   0.02090   0.01930   0.07906   0.01206   0.12231   0.02196   0.03602   0.01685   0.02892   0.01984   0.04258   0.06915   0.07042   0.04744   0.00533   0.10787   0.15575   0.11410   0.02165   0.12452   0.16589   0.02813   0.01990   0.01775   0.07323   0.03542   0.02854   0.04493   0.06066   0.12249   0.12133   0.04055   0.07307   0.06618   0.04746   0.18219   0.23964   0.03432   0.03161   0.25854   0.33198   0.37966   0.21150   0.22896   0.09496   0.03705   0.19469   0.04094   0.08469   0.11524   0.02098   0.03190   0.19136   0.10761   0.20529   2.67623   0.23006  
 47 41.1255  69443.521461  x:  0.03628   0.11173   0.72815   0.20491   0.15789   0.01846   0.01225   0.01466   0.01696   0.03059   0.01221   0.23623   0.08032   0.06030   0.11873   0.11900   0.15574   0.04847   0.10696   0.04939   0.00812   0.09057   0.02023   0.01890   0.07834   0.01199   0.12230   0.02205   0.03627   0.01686   0.02859   0.01982   0.04268   0.06932   0.07011   0.04877   0.00535   0.10767   0.15530   0.11449   0.02151   0.12438   0.16599   0.02820   0.02090   0.01766   0.07288   0.03502   0.02770   0.04461   0.06050   0.12293   0.12159   0.04055   0.07278   0.06619   0.04837   0.18044   0.23875   0.03365   0.03126   0.25939   0.33409   0.38464   0.21275   0.22920   0.09506   0.03704   0.19746   0.04149   0.08492   0.11576   0.02139   0.03190   0.19081   0.10827   0.20453   2.67743   0.22998  
 48 96.3861  69443.028100  x:  0.03724   0.11075   0.72889   0.20496   0.15670   0.01841   0.01231   0.01458   0.01706   0.02919   0.01224   0.23757   0.07867   0.06015   0.11862   0.11933   0.15711   0.04832   0.10679   0.04928   0.00804   0.09102   0.02060   0.01915   0.07670   0.01202   0.12238   0.02212   0.03584   0.01681   0.02886   0.01979   0.04274   0.06898   0.07010   0.04895   0.00536   0.10781   0.15506   0.11474   0.02111   0.12425   0.16603   0.02762   0.02052   0.01769   0.07142   0.03518   0.02878   0.04347   0.06069   0.12360   0.12158   0.03945   0.07272   0.06601   0.04875   0.17861   0.23806   0.03272   0.03307   0.26019   0.33651   0.38882   0.21352   0.22915   0.09578   0.03687   0.19966   0.04120   0.08518   0.11588   0.02062   0.03115   0.19018   0.10818   0.20354   2.67902   0.22996  
 49 152.2265  69441.713293  x:  0.04050   0.11267   0.72933   0.20404   0.15578   0.01850   0.01219   0.01468   0.01692   0.03037   0.01224   0.23998   0.07831   0.06000   0.11745   0.11804   0.15887   0.04873   0.10606   0.05055   0.00786   0.09181   0.02105   0.01945   0.07461   0.01221   0.12262   0.02160   0.03571   0.01684   0.02858   0.01976   0.04202   0.06802   0.07091   0.04524   0.00547   0.10880   0.15552   0.11493   0.02160   0.12445   0.16603   0.02840   0.01914   0.01808   0.06868   0.03572   0.02792   0.04135   0.06136   0.12465   0.12083   0.04037   0.07358   0.06581   0.04781   0.17649   0.23772   0.03350   0.03104   0.26110   0.34125   0.39352   0.21313   0.22811   0.09728   0.03629   0.20103   0.04041   0.08531   0.11482   0.02212   0.03053   0.18935   0.10634   0.20199   2.68339   0.22969  
 50 105.4935  69437.171102  x:  0.03837   0.11764   0.72875   0.20019   0.15606   0.01837   0.01152   0.01471   0.01756   0.02838   0.01341   0.24535   0.08232   0.05991   0.11327   0.11181   0.16070   0.04882   0.10478   0.05137   0.00829   0.09183   0.01794   0.01726   0.07516   0.01257   0.12338   0.02212   0.03839   0.01717   0.02885   0.02007   0.04037   0.06856   0.07204   0.04558   0.00593   0.11109   0.15761   0.11530   0.02122   0.12506   0.16573   0.02862   0.02513   0.01685   0.06733   0.03383   0.02907   0.04096   0.06100   0.12552   0.11906   0.04341   0.07486   0.06581   0.04412   0.17525   0.23878   0.03721   0.03232   0.26191   0.35343   0.40055   0.20909   0.22421   0.09739   0.03485   0.19930   0.03939   0.08499   0.11165   0.01990   0.03197   0.18868   0.10188   0.19955   2.69921   0.22923  
 51 193.9059  69428.237626  x:  0.02862   0.12220   0.72657   0.19349   0.15806   0.01886   0.01035   0.01509   0.01754   0.03052   0.01550   0.25241   0.09092   0.06010   0.10688   0.10185   0.16186   0.04885   0.10394   0.05148   0.00831   0.09164   0.02263   0.02037   0.07734   0.01233   0.12405   0.02140   0.03710   0.01795   0.02893   0.02020   0.04121   0.07025   0.07159   0.05167   0.00683   0.11295   0.16045   0.11521   0.02153   0.12572   0.16511   0.02640   0.02180   0.01869   0.06751   0.03640   0.02866   0.04098   0.06055   0.12503   0.11711   0.03952   0.07446   0.06568   0.03776   0.17626   0.24138   0.03332   0.03251   0.26218   0.37268   0.40886   0.20143   0.21784   0.09545   0.03270   0.19361   0.04256   0.08496   0.10867   0.02195   0.03553   0.18873   0.09827   0.19749   2.73017   0.22871  
 52 742.9411  69415.871385  x:  0.03098   0.11282   0.72129   0.18757   0.16146   0.01904   0.00893   0.01518   0.01775   0.03009   0.01795   0.24981   0.09839   0.06151   0.10699   0.10153   0.15768   0.05009   0.10728   0.04690   0.00789   0.08866   0.02328   0.02111   0.07182   0.01224   0.12189   0.02254   0.03209   0.01830   0.02916   0.02015   0.04845   0.07018   0.06660   0.04865   0.00805   0.10722   0.15844   0.11405   0.02628   0.12521   0.16532   0.03638   0.02216   0.01881   0.06277   0.03441   0.02967   0.03438   0.06181   0.11905   0.12164   0.04254   0.06938   0.06588   0.03209   0.18374   0.24377   0.03270   0.03396   0.25937   0.38355   0.40701   0.19605   0.21548   0.09479   0.03265   0.18377   0.04495   0.08592   0.11584   0.02001   0.03233   0.19129   0.10888   0.20153   2.77491   0.22882  
 53 456.9146  69405.245401  x:  0.03758   0.10100   0.71577   0.18551   0.16379   0.01930   0.00747   0.01571   0.01821   0.03037   0.02001   0.24221   0.10006   0.06217   0.11036   0.10679   0.15327   0.04869   0.10942   0.04927   0.00779   0.08776   0.02332   0.02122   0.06754   0.01294   0.12067   0.02341   0.04033   0.01898   0.02894   0.02057   0.04664   0.06952   0.06709   0.04775   0.00913   0.10403   0.15536   0.11412   0.02069   0.12291   0.16475   0.02586   0.02281   0.01912   0.05784   0.03587   0.02927   0.03306   0.06253   0.11602   0.12465   0.04112   0.07003   0.06551   0.02767   0.18879   0.24417   0.03558   0.03208   0.25645   0.38318   0.39965   0.19554   0.21717   0.09659   0.03006   0.17782   0.04398   0.08556   0.12049   0.02236   0.02954   0.19290   0.11537   0.20625   2.81292   0.22914  
 54 857.7299  69396.491103  x:  0.03919   0.09155   0.70984   0.18874   0.16507   0.01949   0.00638   0.01581   0.01832   0.03026   0.02145   0.23153   0.09449   0.06040   0.11415   0.11386   0.15187   0.05124   0.10812   0.05357   0.00736   0.09006   0.02236   0.02024   0.06786   0.01232   0.12122   0.01839   0.03427   0.01957   0.02842   0.02043   0.03918   0.06824   0.07207   0.05187   0.00974   0.10743   0.15341   0.11487   0.02431   0.12291   0.16500   0.02764   0.02446   0.01874   0.05511   0.03757   0.02854   0.03319   0.06231   0.11850   0.12336   0.04105   0.07559   0.06487   0.02471   0.18816   0.24208   0.03428   0.03302   0.25428   0.37087   0.38759   0.19987   0.22204   0.10013   0.02449   0.17848   0.04130   0.08365   0.11803   0.02241   0.03078   0.19228   0.11158   0.20902   2.84468   0.22926  
 55 646.0044  69390.604609  x:  0.03802   0.09065   0.70499   0.19451   0.16555   0.01957   0.00569   0.01582   0.01832   0.03042   0.02270   0.22375   0.08655   0.05785   0.11579   0.11736   0.15295   0.05165   0.10594   0.05201   0.00715   0.09169   0.02425   0.02162   0.06882   0.01256   0.12224   0.02406   0.03782   0.01959   0.02867   0.02053   0.04229   0.07006   0.07296   0.05159   0.01021   0.11135   0.15346   0.11459   0.02334   0.12358   0.16533   0.03128   0.02248   0.01947   0.05540   0.03353   0.02967   0.02816   0.06228   0.12164   0.12059   0.04100   0.07603   0.06460   0.02314   0.18413   0.23922   0.03371   0.03279   0.25340   0.35523   0.37631   0.20489   0.22645   0.09886   0.02494   0.18338   0.04241   0.08322   0.11370   0.02206   0.03260   0.19064   0.10519   0.20906   2.86706   0.22966  
 56 706.5792  69387.710088  x:  0.03725   0.09412   0.70232   0.19922   0.16556   0.01978   0.00513   0.01604   0.01846   0.03071   0.02361   0.22127   0.08120   0.05646   0.11548   0.11683   0.15448   0.05087   0.10523   0.04858   0.00748   0.09056   0.02374   0.02150   0.06773   0.01296   0.12237   0.02068   0.03638   0.01990   0.02920   0.02070   0.04632   0.07025   0.06978   0.04948   0.01063   0.11215   0.15441   0.11483   0.02221   0.12390   0.16523   0.02939   0.02426   0.01918   0.05450   0.03667   0.02965   0.02927   0.06284   0.12212   0.11949   0.04137   0.07322   0.06460   0.02216   0.18079   0.23735   0.03524   0.03306   0.25338   0.34440   0.36967   0.20748   0.22804   0.09718   0.02613   0.18811   0.04450   0.08417   0.11215   0.02222   0.03252   0.18952   0.10283   0.20772   2.87817   0.23019  
 57 582.1179  69386.703384  x:  0.03679   0.09706   0.70121   0.20270   0.16539   0.01977   0.00503   0.01601   0.01844   0.03062   0.02375   0.22258   0.07878   0.05656   0.11436   0.11398   0.15567   0.05113   0.10611   0.04977   0.00738   0.08836   0.02401   0.02165   0.06709   0.01269   0.12219   0.02221   0.03653   0.01996   0.02907   0.02066   0.04473   0.06931   0.06855   0.05018   0.01073   0.11066   0.15539   0.11589   0.02476   0.12413   0.16502   0.02830   0.02417   0.01935   0.05285   0.03553   0.02961   0.03040   0.06278   0.12062   0.12004   0.04150   0.07186   0.06484   0.02194   0.17931   0.23658   0.03494   0.03288   0.25371   0.33831   0.36653   0.20774   0.22712   0.09706   0.02463   0.19147   0.04428   0.08475   0.11318   0.02218   0.03157   0.18924   0.10465   0.20602   2.88222   0.23039  
 58 245.5480  69386.321203  x:  0.03647   0.09773   0.70075   0.20483   0.16497   0.01980   0.00498   0.01603   0.01843   0.03069   0.02379   0.22449   0.07785   0.05716   0.11374   0.11175   0.15606   0.05073   0.10678   0.05026   0.00736   0.08799   0.02399   0.02162   0.06711   0.01280   0.12198   0.02150   0.03659   0.01998   0.02911   0.02067   0.04400   0.06930   0.06924   0.05064   0.01076   0.10964   0.15588   0.11633   0.02307   0.12404   0.16492   0.02940   0.02414   0.01937   0.05339   0.03582   0.02968   0.02895   0.06295   0.11963   0.12064   0.04122   0.07255   0.06495   0.02210   0.17905   0.23641   0.03501   0.03299   0.25399   0.33515   0.36503   0.20734   0.22580   0.09815   0.02486   0.19329   0.04328   0.08461   0.11409   0.02246   0.03216   0.18934   0.10637   0.20499   2.88378   0.23037  
 59 168.2482  69386.210615  x:  0.03654   0.09667   0.70062   0.20589   0.16425   0.01981   0.00495   0.01604   0.01844   0.03069   0.02382   0.22629   0.07761   0.05768   0.11370   0.11077   0.15600   0.05116   0.10675   0.04941   0.00735   0.08914   0.02397   0.02166   0.06686   0.01277   0.12190   0.02158   0.03656   0.01999   0.02913   0.02067   0.04421   0.06972   0.07011   0.05021   0.01078   0.10971   0.15588   0.11640   0.02340   0.12394   0.16482   0.02909   0.02413   0.01934   0.05359   0.03573   0.02971   0.02930   0.06292   0.11956   0.12079   0.04128   0.07337   0.06472   0.02207   0.17960   0.23656   0.03507   0.03297   0.25420   0.33378   0.36441   0.20676   0.22447   0.09795   0.02492   0.19392   0.04348   0.08433   0.11426   0.02250   0.03175   0.18951   0.10647   0.20458   2.88429   0.23043  
 60 66.5847  69386.163568  x:  0.03720   0.09589   0.70057   0.20647   0.16347   0.01980   0.00493   0.01604   0.01845   0.03066   0.02380   0.22777   0.07747   0.05778   0.11396   0.11077   0.15585   0.05090   0.10656   0.05005   0.00734   0.08921   0.02386   0.02154   0.06724   0.01279   0.12189   0.02160   0.03654   0.01999   0.02907   0.02066   0.04449   0.06959   0.06962   0.05037   0.01077   0.11009   0.15569   0.11648   0.02334   0.12387   0.16482   0.02922   0.02407   0.01934   0.05338   0.03578   0.02965   0.02939   0.06281   0.11986   0.12070   0.04124   0.07297   0.06474   0.02200   0.18019   0.23679   0.03501   0.03297   0.25439   0.33309   0.36404   0.20635   0.22337   0.09775   0.02502   0.19396   0.04374   0.08431   0.11408   0.02237   0.03196   0.18965   0.10606   0.20454   2.88453   0.23046  
 61 38.2269  69386.141383  x:  0.03705   0.09583   0.70053   0.20673   0.16294   0.01981   0.00494   0.01605   0.01844   0.03068   0.02381   0.22860   0.07735   0.05753   0.11423   0.11133   0.15580   0.05093   0.10652   0.04966   0.00734   0.08872   0.02392   0.02161   0.06711   0.01278   0.12194   0.02162   0.03655   0.01999   0.02910   0.02066   0.04420   0.06944   0.06946   0.05030   0.01077   0.11016   0.15555   0.11640   0.02352   0.12389   0.16485   0.02905   0.02408   0.01932   0.05365   0.03577   0.02970   0.02914   0.06290   0.12004   0.12059   0.04127   0.07278   0.06488   0.02195   0.18040   0.23696   0.03504   0.03298   0.25453   0.33287   0.36389   0.20629   0.22280   0.09790   0.02506   0.19369   0.04338   0.08440   0.11394   0.02251   0.03209   0.18969   0.10589   0.20471   2.88463   0.23046  
 62 19.4627  69386.114611  x:  0.03679   0.09623   0.70050   0.20694   0.16248   0.01982   0.00495   0.01605   0.01845   0.03069   0.02380   0.22932   0.07726   0.05717   0.11450   0.11211   0.15575   0.05096   0.10659   0.04954   0.00734   0.08843   0.02399   0.02167   0.06700   0.01281   0.12200   0.02161   0.03663   0.01999   0.02911   0.02066   0.04417   0.06956   0.06969   0.05029   0.01078   0.11002   0.15547   0.11648   0.02313   0.12394   0.16491   0.02942   0.02401   0.01935   0.05337   0.03574   0.02970   0.02956   0.06289   0.12006   0.12054   0.04125   0.07296   0.06482   0.02186   0.18038   0.23711   0.03503   0.03301   0.25468   0.33274   0.36379   0.20646   0.22238   0.09788   0.02486   0.19328   0.04346   0.08449   0.11393   0.02253   0.03179   0.18968   0.10590   0.20496   2.88474   0.23044  
 63 18.0484  69386.056110  x:  0.03660   0.09714   0.70046   0.20723   0.16193   0.01982   0.00492   0.01606   0.01847   0.03068   0.02382   0.23021   0.07726   0.05683   0.11482   0.11316   0.15568   0.05128   0.10678   0.05001   0.00737   0.08864   0.02389   0.02156   0.06730   0.01276   0.12204   0.02153   0.03652   0.02001   0.02910   0.02067   0.04467   0.06986   0.07009   0.05039   0.01080   0.10972   0.15550   0.11671   0.02343   0.12404   0.16495   0.02903   0.02414   0.01934   0.05320   0.03584   0.02972   0.02902   0.06285   0.11991   0.12059   0.04130   0.07339   0.06459   0.02205   0.18010   0.23729   0.03504   0.03303   0.25486   0.33260   0.36370   0.20703   0.22199   0.09787   0.02500   0.19260   0.04393   0.08441   0.11404   0.02239   0.03176   0.18962   0.10622   0.20541   2.88500   0.23039  
 64 25.2635  69385.686804  x:  0.03624   0.09827   0.70039   0.20808   0.16113   0.01984   0.00496   0.01608   0.01850   0.03073   0.02378   0.23191   0.07807   0.05751   0.11494   0.11420   0.15504   0.05040   0.10661   0.05042   0.00734   0.09226   0.02374   0.02143   0.06604   0.01283   0.12186   0.02172   0.03672   0.01996   0.02913   0.02069   0.04399   0.06911   0.06894   0.05054   0.01079   0.10968   0.15634   0.11704   0.02375   0.12417   0.16497   0.02927   0.02417   0.01940   0.05407   0.03583   0.02976   0.02938   0.06309   0.11923   0.12096   0.04135   0.07272   0.06481   0.02112   0.17834   0.23744   0.03502   0.03313   0.25508   0.33208   0.36370   0.21021   0.22171   0.09756   0.02507   0.19054   0.04383   0.08374   0.11439   0.02238   0.03272   0.18915   0.10700   0.20661   2.88677   0.23024  
 65 20.9922  69383.328732  x:  0.03560   0.09531   0.70024   0.21034   0.16026   0.02005   0.00536   0.01622   0.01850   0.03108   0.02390   0.23570   0.08187   0.06188   0.11228   0.11081   0.15198   0.05123   0.10588   0.04867   0.00724   0.09115   0.02376   0.02161   0.07035   0.01293   0.12115   0.02154   0.03731   0.01960   0.02961   0.02078   0.04444   0.06805   0.06815   0.05041   0.01074   0.11115   0.15924   0.11574   0.02338   0.12394   0.16445   0.02944   0.02401   0.01958   0.05128   0.03647   0.03025   0.02864   0.06297   0.11870   0.12153   0.04186   0.07122   0.06551   0.02409   0.17306   0.23716   0.03534   0.03353   0.25492   0.32961   0.36423   0.22331   0.22141   0.09830   0.02364   0.18396   0.04232   0.08217   0.11445   0.02396   0.02977   0.18731   0.10588   0.20915   2.89857   0.23024  
 66 64.9373  69378.085493  x:  0.03908   0.09127   0.69965   0.21161   0.16050   0.02012   0.00634   0.01629   0.01877   0.03092   0.02369   0.23771   0.08465   0.06481   0.10802   0.10533   0.15114   0.05392   0.10533   0.05172   0.00639   0.08280   0.02329   0.02133   0.06322   0.01297   0.12120   0.02139   0.03706   0.01878   0.02925   0.02088   0.04404   0.07374   0.07069   0.05061   0.01059   0.11134   0.15964   0.11664   0.02359   0.12336   0.16401   0.02936   0.02288   0.01921   0.05521   0.03683   0.02998   0.02993   0.06358   0.12083   0.12073   0.04217   0.07275   0.06469   0.02280   0.17062   0.23612   0.03468   0.03394   0.25494   0.32561   0.36452   0.23839   0.22007   0.09614   0.02591   0.17746   0.04654   0.08758   0.11428   0.02194   0.03334   0.18632   0.10444   0.20948   2.92509   0.23091  
 67 236.2455  69351.172822  x:  0.03687   0.09492   0.69512   0.20866   0.16672   0.02139   0.01090   0.01714   0.01950   0.03254   0.02367   0.22681   0.07604   0.05549   0.10548   0.10632   0.16897   0.04173   0.10990   0.05164   0.00366   0.09194   0.02123   0.02051   0.06568   0.01405   0.12470   0.02074   0.04190   0.01434   0.03139   0.02167   0.04668   0.06469   0.07033   0.05194   0.01049   0.09970   0.14296   0.11422   0.02859   0.12325   0.16558   0.03065   0.02101   0.01939   0.05599   0.04188   0.03237   0.02979   0.06002   0.12581   0.11707   0.04643   0.07908   0.06113   0.02686   0.19299   0.23380   0.03489   0.03762   0.25728   0.31446   0.36259   0.24906   0.20780   0.09009   0.02279   0.18165   0.04896   0.09333   0.11080   0.02455   0.03484   0.19257   0.10564   0.19379   3.06294   0.23271  
 68 362.6982  69335.890905  x:  0.03277   0.09829   0.69249   0.20996   0.16938   0.02205   0.01359   0.01767   0.01983   0.03323   0.02335   0.22013   0.07214   0.05442   0.11272   0.11348   0.17475   0.05933   0.10878   0.05655   0.00171   0.09838   0.01942   0.01923   0.06598   0.01389   0.12373   0.02076   0.04259   0.01189   0.03191   0.02198   0.04394   0.07423   0.06663   0.05306   0.01009   0.10503   0.14381   0.11490   0.02414   0.12377   0.16639   0.03060   0.02025   0.01991   0.05178   0.04328   0.03323   0.03175   0.06658   0.12178   0.11956   0.04764   0.07019   0.06708   0.02670   0.19865   0.23410   0.03425   0.03950   0.25784   0.31063   0.36040   0.23723   0.20498   0.08825   0.02994   0.19312   0.04512   0.08610   0.11177   0.02768   0.03390   0.19449   0.10653   0.19056   3.14288   0.23412  
 69 1092.3481  69327.017985  x:  0.03347   0.10004   0.69129   0.21468   0.16844   0.02249   0.01512   0.01792   0.02020   0.03377   0.02334   0.21924   0.07258   0.05744   0.12145   0.11994   0.16934   0.05522   0.10418   0.05670   0.00098   0.09519   0.01897   0.01921   0.06385   0.01462   0.12114   0.01994   0.04409   0.01054   0.03258   0.02230   0.04330   0.07411   0.06858   0.05297   0.00981   0.11278   0.15438   0.11539   0.02533   0.12509   0.16606   0.03105   0.01897   0.01978   0.05853   0.04512   0.03390   0.03010   0.06288   0.11708   0.12263   0.04926   0.06855   0.06501   0.02938   0.19057   0.23610   0.03442   0.04075   0.25624   0.31028   0.35809   0.21563   0.21117   0.08929   0.02402   0.20505   0.05245   0.08267   0.11551   0.02652   0.03104   0.19240   0.10554   0.19773   3.18759   0.23422  
 70 653.5109  69324.482938  x:  0.03296   0.09842   0.69098   0.21752   0.16696   0.02265   0.01556   0.01806   0.02025   0.03392   0.02327   0.22137   0.07286   0.05578   0.12241   0.12024   0.16387   0.05292   0.10429   0.05622   0.00065   0.09490   0.01879   0.01915   0.06383   0.01466   0.12097   0.02042   0.04450   0.01014   0.03271   0.02236   0.04463   0.07269   0.06859   0.05346   0.00975   0.11092   0.15673   0.11550   0.02722   0.12520   0.16569   0.03113   0.01863   0.01997   0.05409   0.04549   0.03422   0.03147   0.06417   0.11774   0.12213   0.04948   0.07275   0.06508   0.03027   0.18401   0.23713   0.03436   0.04114   0.25504   0.31037   0.35678   0.20498   0.21829   0.08576   0.02746   0.20794   0.04935   0.08591   0.11521   0.02722   0.03536   0.19074   0.10602   0.20267   3.20059   0.23479  
 71 363.1967  69323.868686  x:  0.03317   0.09779   0.69089   0.21904   0.16621   0.02268   0.01558   0.01809   0.02027   0.03392   0.02328   0.22357   0.07269   0.05384   0.12090   0.11935   0.16148   0.05441   0.10580   0.05720   0.00058   0.09643   0.01854   0.01893   0.06400   0.01454   0.12168   0.02032   0.04447   0.01009   0.03268   0.02234   0.04481   0.07293   0.06804   0.05361   0.00982   0.10797   0.15482   0.11565   0.02680   0.12467   0.16568   0.03123   0.01869   0.01986   0.05599   0.04554   0.03421   0.03130   0.06406   0.11969   0.12109   0.04959   0.07132   0.06491   0.03035   0.18175   0.23751   0.03434   0.04119   0.25493   0.31039   0.35617   0.20107   0.22349   0.08643   0.02667   0.20751   0.04908   0.08718   0.11411   0.02759   0.03328   0.19012   0.10560   0.20366   3.20372   0.23477  
 72 152.2605  69323.756705  x:  0.03336   0.09807   0.69084   0.21983   0.16593   0.02268   0.01561   0.01808   0.02028   0.03392   0.02326   0.22486   0.07242   0.05415   0.12014   0.11935   0.16143   0.05421   0.10582   0.05658   0.00055   0.09631   0.01858   0.01900   0.06408   0.01457   0.12188   0.02029   0.04448   0.01007   0.03268   0.02236   0.04407   0.07343   0.06820   0.05336   0.00982   0.10829   0.15329   0.11583   0.02680   0.12446   0.16580   0.03121   0.01859   0.01988   0.05537   0.04558   0.03420   0.03116   0.06369   0.11960   0.12107   0.04956   0.07096   0.06532   0.03044   0.18214   0.23757   0.03433   0.04120   0.25541   0.31044   0.35599   0.20027   0.22656   0.08658   0.02650   0.20673   0.04993   0.08606   0.11391   0.02724   0.03403   0.19035   0.10594   0.20308   3.20428   0.23475  
 73 56.0533  69323.722360  x:  0.03313   0.09818   0.69081   0.22021   0.16574   0.02269   0.01560   0.01809   0.02028   0.03394   0.02328   0.22549   0.07225   0.05468   0.11993   0.11952   0.16173   0.05417   0.10557   0.05690   0.00058   0.09610   0.01858   0.01899   0.06388   0.01457   0.12184   0.02030   0.04451   0.01007   0.03271   0.02236   0.04450   0.07311   0.06815   0.05349   0.00983   0.10887   0.15298   0.11591   0.02686   0.12449   0.16587   0.03124   0.01866   0.01989   0.05559   0.04556   0.03424   0.03123   0.06410   0.11936   0.12121   0.04959   0.07128   0.06514   0.03035   0.18272   0.23755   0.03435   0.04123   0.25581   0.31050   0.35594   0.20007   0.22816   0.08642   0.02654   0.20629   0.04961   0.08600   0.11410   0.02747   0.03371   0.19052   0.10589   0.20255   3.20444   0.23471  
 74 37.0339  69323.715473  x:  0.03318   0.09817   0.69080   0.22027   0.16555   0.02270   0.01561   0.01809   0.02028   0.03395   0.02327   0.22559   0.07216   0.05478   0.11996   0.11957   0.16192   0.05427   0.10554   0.05683   0.00058   0.09621   0.01858   0.01899   0.06403   0.01457   0.12173   0.02030   0.04451   0.01007   0.03272   0.02236   0.04443   0.07319   0.06815   0.05348   0.00983   0.10883   0.15341   0.11591   0.02683   0.12459   0.16584   0.03123   0.01865   0.01989   0.05554   0.04559   0.03425   0.03120   0.06384   0.11932   0.12126   0.04960   0.07121   0.06507   0.03026   0.18302   0.23749   0.03435   0.04124   0.25599   0.31052   0.35593   0.20005   0.22859   0.08645   0.02652   0.20611   0.04954   0.08644   0.11425   0.02748   0.03377   0.19058   0.10580   0.20237   3.20447   0.23470  
 75 11.3981  69323.707759  x:  0.03321   0.09806   0.69080   0.22025   0.16526   0.02270   0.01560   0.01809   0.02028   0.03394   0.02327   0.22558   0.07212   0.05465   0.12006   0.11948   0.16210   0.05417   0.10563   0.05684   0.00058   0.09618   0.01857   0.01899   0.06402   0.01458   0.12167   0.02029   0.04451   0.01007   0.03271   0.02236   0.04441   0.07317   0.06819   0.05348   0.00983   0.10851   0.15406   0.11591   0.02684   0.12469   0.16577   0.03123   0.01864   0.01989   0.05554   0.04556   0.03424   0.03120   0.06417   0.11945   0.12123   0.04958   0.07123   0.06527   0.03028   0.18330   0.23736   0.03434   0.04124   0.25617   0.31053   0.35593   0.20004   0.22886   0.08647   0.02649   0.20594   0.04970   0.08620   0.11413   0.02744   0.03375   0.19063   0.10576   0.20229   3.20453   0.23469  
 76  5.4689  69323.669287  x:  0.03322   0.09800   0.69085   0.22027   0.16472   0.02270   0.01560   0.01810   0.02028   0.03395   0.02327   0.22541   0.07236   0.05428   0.12048   0.11902   0.16238   0.05436   0.10578   0.05692   0.00058   0.09597   0.01857   0.01899   0.06362   0.01456   0.12188   0.02033   0.04452   0.01007   0.03271   0.02236   0.04457   0.07309   0.06802   0.05354   0.00982   0.10841   0.15452   0.11587   0.02681   0.12464   0.16564   0.03126   0.01862   0.01988   0.05554   0.04564   0.03426   0.03127   0.06338   0.11958   0.12107   0.04964   0.07122   0.06457   0.03032   0.18350   0.23691   0.03432   0.04126   0.25662   0.31057   0.35599   0.20004   0.22907   0.08630   0.02664   0.20568   0.04934   0.08534   0.11375   0.02760   0.03381   0.19062   0.10604   0.20245   3.20489   0.23473  
 77  4.7195  69323.051634  x:  0.03291   0.09882   0.69162   0.22078   0.16159   0.02272   0.01546   0.01811   0.02030   0.03394   0.02327   0.22401   0.07591   0.05280   0.12528   0.11493   0.16415   0.05399   0.10569   0.05674   0.00061   0.09614   0.01850   0.01894   0.06446   0.01459   0.12387   0.02029   0.04462   0.01003   0.03270   0.02235   0.04421   0.07327   0.06785   0.05330   0.00983   0.11059   0.15252   0.11557   0.02694   0.12320   0.16507   0.03135   0.01850   0.01986   0.05588   0.04565   0.03426   0.03128   0.06388   0.11940   0.12049   0.04961   0.07170   0.06603   0.03044   0.18342   0.23245   0.03430   0.04134   0.26094   0.31131   0.35705   0.20007   0.22946   0.08643   0.02646   0.20416   0.04967   0.08714   0.11401   0.02747   0.03307   0.18997   0.10771   0.20492   3.21074   0.23470  
 78 15.4492  69319.725846  x:  0.03186   0.10038   0.69471   0.21795   0.16362   0.02269   0.01463   0.01813   0.02035   0.03387   0.02341   0.22593   0.07925   0.05601   0.12964   0.11181   0.16241   0.05292   0.10497   0.05610   0.00070   0.09487   0.01847   0.01891   0.06601   0.01471   0.11870   0.02031   0.04514   0.00987   0.03256   0.02237   0.04226   0.07258   0.07195   0.05344   0.01012   0.10473   0.14793   0.11357   0.02705   0.12568   0.16640   0.03132   0.01749   0.01974   0.05640   0.04537   0.03417   0.03226   0.06741   0.11871   0.12335   0.05047   0.06729   0.06001   0.03150   0.18250   0.22784   0.03399   0.04145   0.26869   0.31570   0.36273   0.20211   0.22896   0.08490   0.02774   0.20090   0.04894   0.08628   0.11592   0.02733   0.03511   0.18958   0.10133   0.20793   3.24194   0.23508  
 79 63.9503  69312.289234  x:  0.03233   0.10280   0.70150   0.20899   0.17032   0.02268   0.01296   0.01820   0.02036   0.03386   0.02360   0.23261   0.08089   0.06001   0.12677   0.11140   0.15489   0.05380   0.10574   0.05623   0.00097   0.09158   0.01814   0.01869   0.06616   0.01471   0.11346   0.02141   0.04606   0.00922   0.03258   0.02238   0.04192   0.07221   0.06799   0.05390   0.01050   0.10072   0.14794   0.10749   0.02701   0.12946   0.16854   0.03147   0.01564   0.01932   0.06079   0.04659   0.03424   0.03397   0.05905   0.11940   0.12499   0.05049   0.07451   0.07117   0.03256   0.18142   0.22792   0.03320   0.04195   0.27638   0.32570   0.37531   0.20811   0.22786   0.08161   0.02944   0.19476   0.04756   0.08368   0.11646   0.02819   0.03315   0.19054   0.09783   0.20904   3.31314   0.23588  
 80 485.5523  69305.486818  x:  0.03239   0.10299   0.70770   0.20059   0.17194   0.02265   0.01150   0.01825   0.02048   0.03368   0.02365   0.23812   0.08193   0.05901   0.11563   0.11404   0.14849   0.05212   0.10782   0.05479   0.00109   0.09022   0.01761   0.01837   0.07042   0.01468   0.12150   0.02161   0.04720   0.00866   0.03228   0.02235   0.03823   0.07256   0.06866   0.05290   0.01051   0.10873   0.15564   0.10210   0.02736   0.12735   0.16759   0.03166   0.01359   0.01892   0.06342   0.04668   0.03403   0.03573   0.06290   0.12170   0.12065   0.05165   0.07287   0.06551   0.03406   0.18215   0.23564   0.03257   0.04220   0.27345   0.33492   0.38629   0.21467   0.22763   0.07993   0.03101   0.19059   0.04748   0.08611   0.11400   0.02794   0.03188   0.19226   0.10895   0.20692   3.37774   0.23667  
 81 669.9573  69304.388114  x:  0.03194   0.10366   0.70896   0.20192   0.16625   0.02269   0.01125   0.01829   0.02051   0.03368   0.02365   0.23742   0.08656   0.06053   0.11383   0.11514   0.15179   0.05171   0.10700   0.05520   0.00116   0.08959   0.01753   0.01828   0.07017   0.01468   0.12383   0.02137   0.04742   0.00861   0.03225   0.02234   0.03916   0.07155   0.07228   0.05315   0.01061   0.10671   0.15547   0.10184   0.02790   0.12377   0.16556   0.03200   0.01340   0.01894   0.06370   0.04689   0.03410   0.03613   0.06161   0.12102   0.12051   0.05180   0.07053   0.06779   0.03364   0.18312   0.23965   0.03248   0.04234   0.26509   0.33700   0.38803   0.21658   0.22869   0.07875   0.03172   0.19195   0.04640   0.08590   0.11466   0.02838   0.03206   0.19149   0.10758   0.20644   3.38826   0.23676  
 82 166.4922  69304.091314  x:  0.03190   0.10398   0.70933   0.20279   0.16376   0.02269   0.01116   0.01828   0.02052   0.03367   0.02366   0.23720   0.08835   0.06077   0.11377   0.11501   0.15381   0.05219   0.10705   0.05480   0.00115   0.08939   0.01754   0.01831   0.07061   0.01471   0.12298   0.02160   0.04737   0.00860   0.03224   0.02234   0.03824   0.07216   0.06980   0.05294   0.01063   0.10606   0.15485   0.10157   0.02754   0.12364   0.16519   0.03202   0.01323   0.01889   0.06385   0.04679   0.03409   0.03605   0.06226   0.12100   0.12091   0.05176   0.07228   0.06651   0.03378   0.18342   0.24082   0.03246   0.04233   0.26053   0.33771   0.38850   0.21715   0.22923   0.07910   0.03144   0.19235   0.04696   0.08573   0.11496   0.02814   0.03216   0.19119   0.10678   0.20653   3.39111   0.23677  
 83 117.9334  69304.037752  x:  0.03191   0.10398   0.70936   0.20291   0.16355   0.02269   0.01115   0.01828   0.02052   0.03367   0.02366   0.23760   0.08817   0.06025   0.11430   0.11440   0.15470   0.05200   0.10740   0.05486   0.00115   0.08943   0.01752   0.01830   0.07058   0.01473   0.12190   0.02159   0.04740   0.00859   0.03224   0.02234   0.03834   0.07216   0.07022   0.05300   0.01063   0.10675   0.15460   0.10154   0.02750   0.12503   0.16577   0.03190   0.01322   0.01887   0.06388   0.04681   0.03408   0.03610   0.06217   0.12136   0.12106   0.05178   0.07200   0.06669   0.03379   0.18336   0.24052   0.03247   0.04232   0.25828   0.33789   0.38861   0.21721   0.22944   0.07905   0.03150   0.19191   0.04682   0.08580   0.11476   0.02820   0.03201   0.19133   0.10727   0.20677   3.39164   0.23680  
 84 34.9724  69304.029612  x:  0.03193   0.10397   0.70934   0.20287   0.16392   0.02269   0.01115   0.01828   0.02052   0.03367   0.02366   0.23795   0.08777   0.06037   0.11474   0.11425   0.15492   0.05217   0.10719   0.05484   0.00115   0.08942   0.01753   0.01830   0.07060   0.01473   0.12233   0.02158   0.04741   0.00859   0.03224   0.02234   0.03832   0.07196   0.07020   0.05297   0.01063   0.10659   0.15470   0.10154   0.02743   0.12493   0.16593   0.03191   0.01322   0.01888   0.06391   0.04680   0.03408   0.03611   0.06217   0.12122   0.12092   0.05177   0.07203   0.06669   0.03384   0.18333   0.24007   0.03246   0.04233   0.25753   0.33795   0.38865   0.21716   0.22949   0.07904   0.03150   0.19164   0.04691   0.08580   0.11479   0.02816   0.03207   0.19144   0.10724   0.20686   3.39173   0.23681  
 85 11.4340  69304.027638  x:  0.03193   0.10398   0.70934   0.20285   0.16401   0.02269   0.01115   0.01828   0.02051   0.03368   0.02366   0.23803   0.08767   0.06038   0.11481   0.11425   0.15494   0.05199   0.10722   0.05486   0.00115   0.08943   0.01753   0.01830   0.07060   0.01473   0.12237   0.02158   0.04738   0.00859   0.03225   0.02234   0.03832   0.07222   0.07017   0.05299   0.01063   0.10658   0.15473   0.10154   0.02751   0.12477   0.16587   0.03192   0.01322   0.01888   0.06390   0.04680   0.03409   0.03610   0.06217   0.12121   0.12094   0.05177   0.07202   0.06668   0.03383   0.18333   0.23991   0.03247   0.04232   0.25738   0.33797   0.38866   0.21714   0.22948   0.07905   0.03151   0.19157   0.04681   0.08578   0.11479   0.02821   0.03200   0.19144   0.10718   0.20686   3.39176   0.23681  
 86  5.2419  69304.017172  x:  0.03190   0.10407   0.70933   0.20283   0.16411   0.02269   0.01115   0.01828   0.02051   0.03367   0.02366   0.23815   0.08757   0.06034   0.11464   0.11442   0.15488   0.05212   0.10765   0.05483   0.00115   0.08944   0.01753   0.01830   0.07058   0.01471   0.12197   0.02159   0.04741   0.00859   0.03225   0.02234   0.03832   0.07198   0.07023   0.05298   0.01063   0.10682   0.15480   0.10153   0.02750   0.12417   0.16533   0.03197   0.01322   0.01887   0.06391   0.04680   0.03408   0.03612   0.06217   0.12135   0.12120   0.05177   0.07202   0.06668   0.03389   0.18338   0.23925   0.03246   0.04233   0.25713   0.33799   0.38864   0.21702   0.22940   0.07901   0.03151   0.19144   0.04690   0.08580   0.11479   0.02817   0.03210   0.19133   0.10710   0.20680   3.39189   0.23682  
 87  2.5146  69303.834854  x:  0.03193   0.10405   0.70946   0.20296   0.16322   0.02267   0.01115   0.01827   0.02050   0.03365   0.02369   0.23801   0.08841   0.06088   0.11239   0.11601   0.15388   0.05216   0.10560   0.05488   0.00120   0.08944   0.01754   0.01829   0.07067   0.01477   0.12165   0.02156   0.04735   0.00864   0.03223   0.02234   0.03831   0.07217   0.07020   0.05298   0.01067   0.10627   0.15452   0.10150   0.02734   0.12579   0.16368   0.03194   0.01334   0.01886   0.06391   0.04677   0.03405   0.03610   0.06217   0.12121   0.12009   0.05173   0.07198   0.06670   0.03398   0.18365   0.23511   0.03246   0.04231   0.25630   0.33801   0.38844   0.21609   0.22871   0.07893   0.03156   0.19149   0.04686   0.08578   0.11456   0.02816   0.03192   0.19051   0.10802   0.20620   3.39405   0.23691  
 88  4.3084  69302.082595  x:  0.03236   0.10369   0.71041   0.20181   0.15888   0.02255   0.01123   0.01816   0.02040   0.03357   0.02390   0.23720   0.09049   0.06277   0.10833   0.11836   0.15124   0.05187   0.11284   0.05445   0.00169   0.08955   0.01782   0.01848   0.07006   0.01440   0.12805   0.02125   0.04718   0.00907   0.03234   0.02235   0.03845   0.07229   0.06983   0.05245   0.01099   0.10748   0.15543   0.10152   0.02700   0.12949   0.17066   0.03114   0.01440   0.01879   0.06321   0.04675   0.03393   0.03565   0.06233   0.11989   0.12320   0.05169   0.07212   0.06657   0.03391   0.18328   0.22895   0.03264   0.04221   0.25492   0.33737   0.38810   0.21296   0.22792   0.07739   0.03172   0.19312   0.04689   0.08555   0.11551   0.02793   0.03233   0.19034   0.10464   0.20603   3.41440   0.23677  
 89 23.8090  69294.904431  x:  0.03343   0.10495   0.71349   0.19199   0.15213   0.02200   0.01147   0.01768   0.01994   0.03317   0.02500   0.23821   0.08517   0.05857   0.11265   0.11310   0.14763   0.05276   0.10382   0.05347   0.00397   0.09016   0.01913   0.01905   0.06978   0.01455   0.11846   0.02039   0.04666   0.01093   0.03276   0.02248   0.03856   0.07276   0.07030   0.05189   0.01252   0.10687   0.15696   0.10120   0.02664   0.11881   0.17486   0.03020   0.01956   0.01867   0.06047   0.04648   0.03341   0.03370   0.06340   0.11972   0.12076   0.05141   0.07215   0.06557   0.03283   0.18000   0.23790   0.03350   0.04148   0.25385   0.33377   0.38861   0.20599   0.23098   0.07195   0.03186   0.19668   0.04707   0.08551   0.11307   0.02690   0.03041   0.19344   0.10759   0.21005   3.49888   0.23664  
 90 177.9907  69293.754494  x:  0.03386   0.10458   0.71389   0.19021   0.15316   0.02191   0.01154   0.01761   0.01985   0.03313   0.02516   0.23920   0.08303   0.05874   0.11664   0.11150   0.14755   0.05270   0.10658   0.05323   0.00430   0.09020   0.01935   0.01919   0.06954   0.01440   0.12095   0.02022   0.04652   0.01118   0.03286   0.02250   0.03863   0.07288   0.07015   0.05162   0.01274   0.10731   0.15572   0.10126   0.02622   0.12411   0.16393   0.03029   0.02037   0.01864   0.06008   0.04642   0.03332   0.03343   0.06358   0.11821   0.11978   0.05137   0.07210   0.06556   0.03241   0.17960   0.24259   0.03363   0.04137   0.25384   0.33330   0.38895   0.20546   0.23208   0.07104   0.03187   0.19705   0.04713   0.08532   0.11373   0.02675   0.03043   0.19115   0.10658   0.21049   3.51189   0.23656  
 91 172.4749  69293.746782  x:  0.03387   0.10459   0.71389   0.19017   0.15319   0.02191   0.01153   0.01761   0.01985   0.03313   0.02516   0.23922   0.08297   0.05850   0.11670   0.11142   0.14743   0.05271   0.10623   0.05323   0.00430   0.09019   0.01936   0.01919   0.06957   0.01441   0.12118   0.02022   0.04652   0.01118   0.03286   0.02250   0.03863   0.07287   0.07014   0.05162   0.01274   0.10729   0.15571   0.10125   0.02621   0.12419   0.16388   0.03028   0.02035   0.01862   0.06009   0.04642   0.03331   0.03343   0.06357   0.11834   0.12057   0.05137   0.07211   0.06556   0.03240   0.17970   0.24267   0.03363   0.04136   0.25380   0.33329   0.38895   0.20547   0.23209   0.07103   0.03187   0.19698   0.04713   0.08534   0.11359   0.02675   0.03044   0.19064   0.10665   0.21034   3.51199   0.23657  
 92 12.9739  69293.743322  x:  0.03386   0.10460   0.71389   0.19019   0.15324   0.02191   0.01153   0.01760   0.01985   0.03313   0.02516   0.23923   0.08300   0.05850   0.11690   0.11141   0.14727   0.05271   0.10632   0.05322   0.00430   0.09019   0.01936   0.01919   0.06957   0.01441   0.12109   0.02022   0.04652   0.01118   0.03286   0.02250   0.03863   0.07287   0.07015   0.05162   0.01274   0.10729   0.15573   0.10126   0.02622   0.12412   0.16409   0.03027   0.02036   0.01863   0.06008   0.04642   0.03331   0.03343   0.06357   0.11830   0.12035   0.05137   0.07211   0.06556   0.03238   0.17985   0.24271   0.03363   0.04136   0.25376   0.33329   0.38896   0.20549   0.23210   0.07102   0.03187   0.19697   0.04714   0.08532   0.11364   0.02675   0.03046   0.18994   0.10669   0.21007   3.51204   0.23657  
 93  2.9244  69292.636711  x:  0.03358   0.10455   0.71387   0.19045   0.15206   0.02179   0.01135   0.01752   0.01975   0.03298   0.02488   0.23863   0.08619   0.05695   0.12222   0.11184   0.14201   0.05270   0.10642   0.05333   0.00380   0.09015   0.01936   0.01919   0.06880   0.01430   0.12116   0.02015   0.04614   0.01123   0.03261   0.02238   0.03902   0.07257   0.07012   0.05162   0.01281   0.10745   0.15525   0.10139   0.02611   0.12444   0.16399   0.03019   0.02031   0.01861   0.05975   0.04606   0.03311   0.03292   0.06361   0.11767   0.12091   0.05109   0.07224   0.06534   0.03223   0.17749   0.24127   0.03367   0.04107   0.25280   0.33247   0.38895   0.20730   0.23154   0.06941   0.03175   0.19626   0.04712   0.08594   0.11336   0.02671   0.03044   0.19568   0.10609   0.19864   3.52812   0.23662  
 94  0.4204  69285.974096  x:  0.03321   0.10461   0.71219   0.18295   0.14925   0.02106   0.01040   0.01696   0.01911   0.03205   0.02331   0.23869   0.08204   0.06084   0.11581   0.11118   0.14826   0.05305   0.10598   0.05448   0.00086   0.09110   0.01921   0.01906   0.06552   0.01380   0.12268   0.01964   0.04403   0.01132   0.03124   0.02168   0.04080   0.07102   0.07002   0.05164   0.01310   0.11016   0.15211   0.10122   0.02417   0.12513   0.16721   0.02953   0.02032   0.01841   0.05859   0.04386   0.03186   0.03057   0.06394   0.11541   0.12141   0.04928   0.07295   0.06466   0.03045   0.18574   0.23568   0.03386   0.03923   0.25605   0.32500   0.38848   0.21216   0.22778   0.06102   0.03174   0.19564   0.04571   0.08671   0.11699   0.02545   0.02859   0.19325   0.10355   0.20252   3.61912   0.23720  
 95 116.6051  69285.903376  x:  0.03321   0.10458   0.71217   0.18303   0.14937   0.02105   0.01039   0.01695   0.01911   0.03205   0.02330   0.23873   0.08216   0.06218   0.11616   0.11150   0.14853   0.05308   0.10644   0.05448   0.00083   0.09107   0.01923   0.01908   0.06547   0.01378   0.12250   0.01963   0.04400   0.01131   0.03125   0.02168   0.04081   0.07102   0.07002   0.05165   0.01312   0.10986   0.15203   0.10124   0.02415   0.12508   0.16728   0.02953   0.02033   0.01843   0.05857   0.04382   0.03186   0.03051   0.06396   0.11478   0.12169   0.04925   0.07296   0.06466   0.03039   0.18592   0.23565   0.03387   0.03921   0.25616   0.32497   0.38853   0.21221   0.22776   0.06099   0.03170   0.19590   0.04580   0.08736   0.11448   0.02540   0.02841   0.19316   0.10406   0.20269   3.62014   0.23717  
 96 45.5278  69276.757578  x:  0.03261   0.10280   0.70286   0.19345   0.15435   0.02105   0.01031   0.01679   0.01909   0.03233   0.01751   0.23558   0.07533   0.05993   0.11783   0.11389   0.15233   0.05274   0.10661   0.05579   0.00347   0.09360   0.01944   0.01928   0.06580   0.01359   0.12169   0.01966   0.04283   0.00900   0.03051   0.02134   0.03655   0.07262   0.06995   0.05318   0.01334   0.10830   0.15130   0.10294   0.02422   0.12602   0.16600   0.03087   0.01612   0.01985   0.05772   0.04266   0.03165   0.02839   0.06288   0.11554   0.12149   0.04839   0.07136   0.06573   0.03026   0.18621   0.23650   0.03359   0.03876   0.25793   0.31606   0.37807   0.20535   0.22891   0.04484   0.03452   0.20290   0.04800   0.08588   0.11410   0.02387   0.02865   0.19112   0.10597   0.20789   3.66704   0.23762  
 97  0.0350  69270.436672  x:  0.03316   0.10295   0.70415   0.20014   0.15899   0.02167   0.00955   0.01712   0.01968   0.03323   0.01396   0.23514   0.08089   0.05816   0.11775   0.11473   0.15251   0.05284   0.10685   0.05497   0.00224   0.09109   0.01792   0.01881   0.06964   0.01391   0.12187   0.01841   0.04269   0.01163   0.03110   0.02170   0.03255   0.07170   0.06987   0.05314   0.01249   0.10742   0.15370   0.10247   0.02401   0.12515   0.16512   0.03087   0.01693   0.01861   0.06058   0.04250   0.03192   0.02770   0.06240   0.11884   0.12115   0.04844   0.07221   0.06544   0.03041   0.18383   0.24017   0.03367   0.03880   0.25524   0.32852   0.37799   0.20967   0.22912   0.03689   0.03776   0.19994   0.04809   0.08472   0.11513   0.02492   0.02434   0.19272   0.10775   0.20636   3.56598   0.23696  
 98  0.0600  69267.235133  x:  0.03373   0.10298   0.70873   0.19888   0.15804   0.02185   0.01062   0.01718   0.01992   0.03305   0.01811   0.23536   0.08170   0.05871   0.11712   0.11474   0.15213   0.05336   0.10621   0.05340   0.00156   0.09076   0.01938   0.01953   0.06742   0.01416   0.12198   0.01792   0.04375   0.01193   0.03150   0.02213   0.03454   0.07200   0.06961   0.05200   0.01220   0.10787   0.15477   0.10165   0.02270   0.12466   0.16562   0.03021   0.01786   0.01821   0.06008   0.04368   0.03157   0.02614   0.06377   0.11884   0.12076   0.04895   0.07236   0.06541   0.03246   0.18202   0.23976   0.03363   0.03939   0.25529   0.32909   0.38066   0.20996   0.22937   0.03464   0.03777   0.19668   0.04685   0.08662   0.11400   0.02544   0.02458   0.19168   0.10674   0.20727   3.46881   0.23660  
 99  0.0614  69266.513235  x:  0.03309   0.10315   0.70748   0.19598   0.15665   0.02161   0.01093   0.01700   0.01976   0.03270   0.01894   0.23559   0.08047   0.05938   0.11684   0.11370   0.15214   0.05300   0.10649   0.05420   0.00181   0.09127   0.01885   0.01916   0.06769   0.01403   0.12194   0.01799   0.04385   0.01096   0.03120   0.02195   0.03187   0.07201   0.07025   0.05218   0.01224   0.10806   0.15380   0.10252   0.02269   0.12503   0.16574   0.03029   0.01747   0.01856   0.05950   0.04381   0.03140   0.02575   0.06324   0.11765   0.12110   0.04921   0.07220   0.06555   0.03153   0.18313   0.23858   0.03356   0.03950   0.25606   0.32609   0.38085   0.20800   0.22823   0.03190   0.03842   0.19758   0.04734   0.08596   0.11410   0.02485   0.02347   0.19135   0.10665   0.20737   3.46891   0.23672  
100  0.0070  69266.444432  x:  0.03305   0.10327   0.70633   0.19555   0.15658   0.02155   0.01079   0.01696   0.01967   0.03269   0.01943   0.23593   0.08061   0.05937   0.11684   0.11364   0.15207   0.05290   0.10657   0.05461   0.00187   0.09142   0.01847   0.01896   0.06779   0.01399   0.12192   0.01784   0.04370   0.01062   0.03115   0.02184   0.03242   0.07219   0.07000   0.05235   0.01222   0.10795   0.15351   0.10287   0.02268   0.12515   0.16565   0.03052   0.01696   0.01855   0.05975   0.04361   0.03149   0.02600   0.06310   0.11780   0.12117   0.04919   0.07214   0.06553   0.03158   0.18353   0.23866   0.03355   0.03943   0.25599   0.32644   0.38084   0.20841   0.22817   0.03220   0.03835   0.19789   0.04733   0.08590   0.11431   0.02471   0.02380   0.19159   0.10691   0.20716   3.46578   0.23675  
101  0.0034  69266.437461  x:  0.03308   0.10331   0.70643   0.19566   0.15667   0.02156   0.01070   0.01695   0.01963   0.03274   0.01960   0.23590   0.08064   0.05930   0.11692   0.11375   0.15208   0.05292   0.10654   0.05453   0.00184   0.09135   0.01855   0.01900   0.06773   0.01398   0.12195   0.01792   0.04359   0.01063   0.03123   0.02184   0.03228   0.07213   0.07001   0.05236   0.01224   0.10799   0.15358   0.10290   0.02267   0.12515   0.16561   0.03053   0.01694   0.01849   0.05978   0.04346   0.03156   0.02587   0.06312   0.11790   0.12112   0.04913   0.07215   0.06553   0.03156   0.18351   0.23879   0.03358   0.03938   0.25596   0.32661   0.38079   0.20845   0.22832   0.03227   0.03837   0.19794   0.04729   0.08598   0.11432   0.02474   0.02365   0.19163   0.10688   0.20709   3.46526   0.23669  
102  0.0007  69266.436406  x:  0.03310   0.10331   0.70653   0.19570   0.15669   0.02156   0.01068   0.01695   0.01962   0.03276   0.01962   0.23589   0.08064   0.05929   0.11693   0.11377   0.15210   0.05294   0.10654   0.05450   0.00183   0.09133   0.01855   0.01900   0.06775   0.01398   0.12195   0.01792   0.04357   0.01063   0.03126   0.02185   0.03233   0.07213   0.07002   0.05235   0.01225   0.10800   0.15362   0.10294   0.02268   0.12514   0.16561   0.03052   0.01697   0.01849   0.05977   0.04344   0.03157   0.02588   0.06313   0.11790   0.12112   0.04913   0.07216   0.06553   0.03155   0.18349   0.23881   0.03359   0.03937   0.25595   0.32663   0.38079   0.20840   0.22833   0.03211   0.03838   0.19796   0.04728   0.08597   0.11431   0.02476   0.02372   0.19162   0.10689   0.20710   3.46568   0.23667  
103  0.0008  69266.436127  x:  0.03310   0.10330   0.70660   0.19572   0.15672   0.02157   0.01068   0.01695   0.01962   0.03277   0.01963   0.23588   0.08065   0.05928   0.11692   0.11377   0.15213   0.05295   0.10654   0.05449   0.00184   0.09135   0.01854   0.01900   0.06777   0.01398   0.12195   0.01789   0.04357   0.01062   0.03128   0.02185   0.03233   0.07213   0.07003   0.05234   0.01225   0.10800   0.15364   0.10301   0.02268   0.12513   0.16563   0.03051   0.01700   0.01850   0.05976   0.04344   0.03158   0.02589   0.06313   0.11790   0.12112   0.04913   0.07216   0.06553   0.03154   0.18347   0.23879   0.03359   0.03939   0.25596   0.32661   0.38078   0.20833   0.22832   0.03215   0.03839   0.19797   0.04730   0.08595   0.11429   0.02478   0.02371   0.19160   0.10690   0.20713   3.46570   0.23666  
104  0.0002  69266.436092  x:  0.03311   0.10329   0.70658   0.19572   0.15672   0.02157   0.01067   0.01695   0.01962   0.03277   0.01962   0.23587   0.08065   0.05928   0.11693   0.11378   0.15213   0.05294   0.10654   0.05450   0.00184   0.09136   0.01855   0.01900   0.06776   0.01398   0.12195   0.01790   0.04357   0.01062   0.03128   0.02185   0.03233   0.07214   0.07002   0.05234   0.01225   0.10800   0.15364   0.10303   0.02267   0.12514   0.16563   0.03051   0.01700   0.01850   0.05975   0.04345   0.03158   0.02590   0.06313   0.11790   0.12112   0.04913   0.07215   0.06553   0.03155   0.18347   0.23878   0.03359   0.03939   0.25597   0.32660   0.38076   0.20833   0.22831   0.03215   0.03839   0.19797   0.04730   0.08595   0.11430   0.02478   0.02371   0.19160   0.10689   0.20713   3.46571   0.23665  
105  0.0001  69266.436084  x:  0.03311   0.10329   0.70657   0.19571   0.15672   0.02157   0.01067   0.01695   0.01962   0.03277   0.01962   0.23587   0.08065   0.05928   0.11693   0.11377   0.15213   0.05294   0.10654   0.05450   0.00184   0.09135   0.01855   0.01900   0.06777   0.01398   0.12195   0.01790   0.04357   0.01062   0.03128   0.02185   0.03233   0.07214   0.07002   0.05234   0.01225   0.10800   0.15363   0.10303   0.02267   0.12514   0.16563   0.03051   0.01700   0.01850   0.05975   0.04345   0.03158   0.02589   0.06313   0.11790   0.12112   0.04913   0.07216   0.06553   0.03155   0.18347   0.23878   0.03359   0.03939   0.25596   0.32660   0.38076   0.20833   0.22831   0.03215   0.03839   0.19798   0.04730   0.08595   0.11430   0.02478   0.02371   0.19160   0.10689   0.20713   3.46569   0.23665  
106  0.0000  69266.436079  x:  0.03311   0.10330   0.70657   0.19571   0.15671   0.02157   0.01066   0.01695   0.01962   0.03277   0.01962   0.23588   0.08065   0.05928   0.11693   0.11378   0.15212   0.05294   0.10654   0.05450   0.00184   0.09135   0.01855   0.01900   0.06777   0.01398   0.12195   0.01790   0.04357   0.01062   0.03128   0.02185   0.03232   0.07213   0.07002   0.05234   0.01224   0.10800   0.15363   0.10303   0.02267   0.12514   0.16563   0.03051   0.01700   0.01850   0.05975   0.04346   0.03158   0.02590   0.06313   0.11790   0.12112   0.04913   0.07216   0.06553   0.03155   0.18347   0.23879   0.03359   0.03939   0.25596   0.32659   0.38076   0.20833   0.22832   0.03215   0.03839   0.19798   0.04730   0.08595   0.11430   0.02478   0.02371   0.19160   0.10689   0.20713   3.46568   0.23665  
107  0.0000  69266.436075  x:  0.03311   0.10330   0.70657   0.19571   0.15671   0.02157   0.01066   0.01695   0.01962   0.03277   0.01962   0.23588   0.08064   0.05928   0.11693   0.11378   0.15212   0.05294   0.10654   0.05450   0.00184   0.09135   0.01855   0.01900   0.06777   0.01398   0.12195   0.01790   0.04357   0.01062   0.03128   0.02185   0.03233   0.07213   0.07002   0.05234   0.01224   0.10800   0.15364   0.10303   0.02267   0.12514   0.16563   0.03051   0.01700   0.01850   0.05975   0.04345   0.03158   0.02590   0.06313   0.11790   0.12112   0.04913   0.07216   0.06553   0.03155   0.18347   0.23879   0.03359   0.03939   0.25596   0.32660   0.38076   0.20833   0.22832   0.03215   0.03839   0.19798   0.04730   0.08595   0.11430   0.02478   0.02371   0.19160   0.10689   0.20713   3.46569   0.23665  
108  0.0000  69266.436074  x:  0.03311   0.10329   0.70657   0.19571   0.15671   0.02157   0.01066   0.01695   0.01962   0.03277   0.01962   0.23587   0.08065   0.05928   0.11693   0.11378   0.15212   0.05294   0.10654   0.05450   0.00184   0.09135   0.01855   0.01900   0.06777   0.01398   0.12195   0.01790   0.04357   0.01062   0.03128   0.02185   0.03233   0.07214   0.07002   0.05234   0.01223   0.10800   0.15364   0.10303   0.02267   0.12514   0.16563   0.03051   0.01700   0.01850   0.05975   0.04345   0.03158   0.02589   0.06313   0.11790   0.12112   0.04913   0.07216   0.06553   0.03155   0.18347   0.23878   0.03359   0.03939   0.25596   0.32660   0.38076   0.20833   0.22832   0.03215   0.03839   0.19798   0.04730   0.08595   0.11430   0.02478   0.02371   0.19160   0.10689   0.20713   3.46570   0.23665  
109  0.0000  69266.436074  x:  0.03311   0.10329   0.70657   0.19571   0.15671   0.02157   0.01066   0.01695   0.01962   0.03277   0.01962   0.23587   0.08065   0.05928   0.11693   0.11378   0.15212   0.05294   0.10654   0.05450   0.00184   0.09135   0.01855   0.01900   0.06777   0.01398   0.12195   0.01790   0.04357   0.01062   0.03128   0.02185   0.03233   0.07214   0.07002   0.05234   0.01223   0.10800   0.15363   0.10303   0.02267   0.12514   0.16563   0.03051   0.01700   0.01850   0.05975   0.04345   0.03158   0.02590   0.06313   0.11790   0.12112   0.04913   0.07216   0.06553   0.03155   0.18347   0.23878   0.03359   0.03939   0.25596   0.32660   0.38076   0.20833   0.22832   0.03215   0.03839   0.19798   0.04730   0.08595   0.11430   0.02478   0.02371   0.19160   0.10689   0.20713   3.46572   0.23665  
110  0.0000  69266.436074  x:  0.03311   0.10329   0.70657   0.19571   0.15671   0.02157   0.01066   0.01695   0.01962   0.03277   0.01962   0.23587   0.08065   0.05928   0.11693   0.11378   0.15212   0.05294   0.10654   0.05450   0.00184   0.09135   0.01855   0.01900   0.06777   0.01398   0.12195   0.01790   0.04357   0.01062   0.03128   0.02185   0.03233   0.07214   0.07002   0.05234   0.01223   0.10800   0.15363   0.10303   0.02267   0.12514   0.16563   0.03051   0.01700   0.01850   0.05975   0.04345   0.03158   0.02589   0.06313   0.11790   0.12112   0.04913   0.07216   0.06553   0.03155   0.18347   0.23878   0.03359   0.03939   0.25596   0.32660   0.38076   0.20833   0.22832   0.03215   0.03839   0.19798   0.04730   0.08595   0.11430   0.02478   0.02371   0.19160   0.10689   0.20713   3.46572   0.23665  
111  0.0000  69266.436074  x:  0.03311   0.10329   0.70657   0.19571   0.15671   0.02157   0.01066   0.01695   0.01962   0.03277   0.01962   0.23587   0.08065   0.05928   0.11693   0.11378   0.15212   0.05294   0.10654   0.05450   0.00184   0.09135   0.01855   0.01900   0.06777   0.01398   0.12195   0.01790   0.04357   0.01062   0.03128   0.02185   0.03233   0.07214   0.07002   0.05234   0.01223   0.10800   0.15364   0.10303   0.02267   0.12514   0.16563   0.03051   0.01700   0.01850   0.05975   0.04345   0.03158   0.02589   0.06313   0.11790   0.12112   0.04913   0.07216   0.06553   0.03155   0.18347   0.23878   0.03359   0.03939   0.25596   0.32660   0.38076   0.20833   0.22832   0.03215   0.03839   0.19798   0.04730   0.08595   0.11430   0.02478   0.02371   0.19160   0.10689   0.20713   3.46572   0.23665  