

TREE # 1

  0  0.0000  24303.763280  x:  0.06106   0.01080   0.06441   0.06348   0.05608   0.05346   0.07958   0.04631   0.07784   0.02868   0.05940   0.05604   0.03043   0.10110   0.04826   0.01077   0.01753   0.10788   0.07055   0.07272   0.06821   0.05363   0.09565   0.07838   0.02650   0.01291   0.05931   0.03502   0.10905   0.10154   0.03387   0.08187   0.01086   0.05239   0.01438   0.08957   0.01357   0.10672   0.06275   0.04618   0.02610   0.10702   0.02732   0.05327   0.06235   0.05222   0.02978   0.03051   0.03549   0.05125   0.08687   0.10215   0.02376   0.08585   0.10886   0.81593   0.90894  
  1 99.0000  22826.611648  x:  0.05590   0.06295   0.04297   0.03985   0.03198   0.03404   0.14007   0.08341   0.09431   0.02212   0.06557   0.05168   0.04458   0.08168   0.03900   0.00000   0.01116   0.09050   0.05123   0.04935   0.04641   0.02984   0.07478   0.05974   0.04040   0.02921   0.04522   0.13422   0.09267   0.10140   0.02465   0.06992   0.04560   0.03117   0.00517   0.07059   0.01107   0.08889   0.04174   0.02373   0.03319   0.09630   0.02364   0.03429   0.04488   0.03963   0.02618   0.04231   0.04147   0.02643   0.06189   0.09355   0.24443   0.07223   0.09202   0.84134   0.89239  
  2 14655.8367  22499.003366  x:  0.05285   0.09310   0.03034   0.02594   0.01779   0.02265   0.17531   0.10498   0.10390   0.01828   0.06917   0.04913   0.05281   0.07025   0.03361   0.01609   0.00763   0.08028   0.03987   0.03560   0.03359   0.01584   0.06249   0.04877   0.04847   0.03860   0.03695   0.19183   0.08303   0.10132   0.01925   0.06290   0.06566   0.01870   0.00000   0.05942   0.00964   0.07840   0.02939   0.01053   0.03731   0.08999   0.02151   0.02314   0.03462   0.03226   0.02409   0.04915   0.04496   0.01182   0.04718   0.08849   0.37240   0.06419   0.08209   0.85629   0.88265  
  3 801695.3873  22329.688550  x:  0.05040   0.11663   0.02019   0.01475   0.00638   0.01358   0.20311   0.12193   0.11146   0.01524   0.07203   0.04709   0.05925   0.06107   0.02935   0.02848   0.00506   0.07208   0.03077   0.02454   0.02330   0.00460   0.05263   0.03999   0.05478   0.04586   0.03034   0.23713   0.07526   0.10126   0.01499   0.05727   0.08126   0.00887   0.01761   0.05052   0.00856   0.06997   0.01950   0.00000   0.04054   0.08495   0.01986   0.01425   0.02642   0.02641   0.02247   0.05449   0.04771   0.00007   0.03533   0.08444   0.47289   0.05770   0.07409   0.86830   0.87480  
  4 529587.6260  22322.420223  x:  0.05038   0.11680   0.02010   0.01466   0.00628   0.01351   0.20333   0.12205   0.11152   0.01521   0.07206   0.04707   0.05930   0.06099   0.02932   0.02857   0.00506   0.07201   0.03069   0.02444   0.02321   0.00451   0.05254   0.03992   0.05483   0.04591   0.03029   0.23747   0.07519   0.10126   0.01496   0.05722   0.08137   0.00879   0.01774   0.05044   0.00856   0.06989   0.01942   0.00037   0.04056   0.08491   0.01985   0.01418   0.02636   0.02636   0.02246   0.05453   0.04773   0.00000   0.03523   0.08440   0.47365   0.05764   0.07402   0.86841   0.87473  
  5 73687.0540  22243.685350  x:  0.04883   0.11454   0.01469   0.00838   0.00020   0.01282   0.20715   0.12265   0.11195   0.01495   0.07262   0.04650   0.05877   0.05574   0.02923   0.02910   0.01514   0.06765   0.02659   0.01804   0.01829   0.00000   0.04696   0.03580   0.05423   0.04318   0.02824   0.24062   0.07039   0.10147   0.01546   0.05453   0.07856   0.00704   0.01855   0.04580   0.01089   0.06503   0.01583   0.00103   0.04026   0.08257   0.02081   0.01269   0.02383   0.02591   0.02341   0.05364   0.04805   0.01718   0.02764   0.08235   0.47983   0.05336   0.06880   0.87558   0.86957  
  6 6678.9872  22172.233177  x:  0.04672   0.11099   0.00746   0.00000   0.00534   0.01215   0.21207   0.12321   0.11245   0.01466   0.07335   0.04575   0.05795   0.04852   0.02915   0.02967   0.02609   0.06166   0.02112   0.00930   0.01179   0.00792   0.03936   0.03031   0.05329   0.03924   0.02557   0.24433   0.06375   0.10176   0.01619   0.05086   0.07436   0.00508   0.01943   0.03947   0.01367   0.05834   0.01115   0.00172   0.03979   0.07939   0.02210   0.01091   0.02053   0.02540   0.02469   0.05233   0.04843   0.03447   0.01706   0.07955   0.48694   0.04748   0.06160   0.88552   0.86238  
  7 23223.9966  22134.410761  x:  0.04495   0.10762   0.00214   0.00649   0.00882   0.01175   0.21617   0.12354   0.11281   0.01445   0.07396   0.04512   0.05718   0.04222   0.02913   0.03008   0.03405   0.05644   0.01655   0.00186   0.00647   0.01360   0.03273   0.02564   0.05242   0.03575   0.02338   0.24721   0.05793   0.10202   0.01683   0.04771   0.07050   0.00395   0.02007   0.03400   0.01572   0.05250   0.00749   0.00222   0.03936   0.07663   0.02317   0.00965   0.01787   0.02504   0.02575   0.05116   0.04872   0.04679   0.00771   0.07712   0.49237   0.04238   0.05531   0.89427   0.85604  
  8 27579.4657  22082.190203  x:  0.04368   0.10401   0.00675   0.00678   0.00855   0.01220   0.21875   0.12324   0.11283   0.01450   0.07434   0.04477   0.05641   0.03736   0.02931   0.03010   0.03474   0.05246   0.01446   0.00218   0.00606   0.01454   0.02772   0.02279   0.05159   0.03293   0.02242   0.24824   0.05327   0.10223   0.01727   0.04549   0.06679   0.00633   0.02010   0.03015   0.01573   0.04801   0.00779   0.00225   0.03897   0.07460   0.02370   0.01012   0.01695   0.02513   0.02630   0.05017   0.04884   0.04749   0.00000   0.07529   0.49392   0.03863   0.05037   0.90153   0.85069  
  9 6621.8512  22082.190203  x:  0.04368   0.10401   0.00675   0.00678   0.00855   0.01220   0.21875   0.12324   0.11283   0.01450   0.07434   0.04477   0.05641   0.03736   0.02931   0.03010   0.03474   0.05246   0.01446   0.00218   0.00606   0.01454   0.02772   0.02279   0.05159   0.03293   0.02242   0.24824   0.05327   0.10223   0.01727   0.04549   0.06679   0.00633   0.02010   0.03015   0.01573   0.04801   0.00779   0.00225   0.03897   0.07460   0.02370   0.01012   0.01695   0.02513   0.02630   0.05017   0.04884   0.04749   0.00000   0.07529   0.49392   0.03863   0.05037   0.90153   0.85069  
 10 8988.7753  22009.508575  x:  0.04273   0.09818   0.00628   0.00175   0.00000   0.01350   0.22041   0.12186   0.11239   0.01494   0.07455   0.04468   0.05529   0.03240   0.02984   0.02192   0.02835   0.04840   0.01569   0.00934   0.01190   0.00627   0.02303   0.02170   0.05044   0.02997   0.02291   0.24713   0.04800   0.10249   0.01764   0.04369   0.06149   0.00768   0.01487   0.02714   0.01344   0.04345   0.01233   0.01445   0.03852   0.07265   0.02373   0.01234   0.01824   0.02584   0.02633   0.04904   0.04896   0.03734   0.00697   0.07349   0.49075   0.03525   0.04512   0.91040   0.84396  
 11 4167.7154  21993.319806  x:  0.04242   0.09629   0.00614   0.00014   0.00014   0.01392   0.22094   0.12141   0.11225   0.01508   0.07462   0.04465   0.05493   0.03079   0.03001   0.01927   0.02628   0.04709   0.01609   0.01165   0.01378   0.00359   0.02150   0.02135   0.05007   0.02901   0.02307   0.24677   0.04629   0.10258   0.01776   0.04310   0.05976   0.00812   0.01317   0.02616   0.01270   0.04197   0.01379   0.01838   0.03837   0.07202   0.02374   0.01306   0.01866   0.02606   0.02635   0.04868   0.04900   0.03404   0.00920   0.07291   0.48971   0.03415   0.04341   0.91329   0.84178  
 12 55687.9698  21971.415130  x:  0.04205   0.09380   0.00623   0.00281   0.00024   0.01439   0.22165   0.12082   0.11206   0.01525   0.07471   0.04461   0.05446   0.02871   0.03023   0.01581   0.02360   0.04538   0.01653   0.01394   0.01577   0.00029   0.01958   0.02092   0.04958   0.02779   0.02327   0.24629   0.04405   0.10269   0.01791   0.04235   0.05751   0.00857   0.01107   0.02493   0.01181   0.04005   0.01534   0.02251   0.03819   0.07119   0.02376   0.01386   0.01915   0.02634   0.02636   0.04821   0.04905   0.02966   0.01124   0.07215   0.48835   0.03275   0.04120   0.91710   0.83888  
 13 27226.6480  21914.694644  x:  0.04072   0.08392   0.00677   0.00793   0.00045   0.01568   0.22446   0.11848   0.11134   0.01588   0.07503   0.04448   0.05275   0.02089   0.03095   0.00263   0.01350   0.03892   0.01772   0.01822   0.02043   0.01027   0.01281   0.01951   0.04776   0.02331   0.02402   0.24440   0.03530   0.10314   0.01844   0.03956   0.04874   0.00945   0.00419   0.02059   0.00915   0.03273   0.01876   0.03215   0.03754   0.06802   0.02382   0.01592   0.02065   0.02728   0.02636   0.04653   0.04919   0.01199   0.01366   0.06920   0.48287   0.02762   0.03269   0.93239   0.82723  
 14 12121.0260  21865.509907  x:  0.04009   0.07750   0.00666   0.00753   0.00043   0.01570   0.22634   0.11694   0.11089   0.01618   0.07521   0.04445   0.05185   0.01698   0.03133   0.00323   0.00914   0.03530   0.01773   0.01669   0.02005   0.00980   0.01072   0.01916   0.04674   0.02136   0.02432   0.24317   0.02996   0.10344   0.01868   0.03813   0.04343   0.00905   0.00745   0.01901   0.00935   0.02871   0.01824   0.03270   0.03727   0.06613   0.02387   0.01589   0.02095   0.02760   0.02632   0.04574   0.04927   0.00000   0.01049   0.06743   0.47915   0.02528   0.02789   0.94272   0.81928  
 15 6467.6614  21829.325166  x:  0.03906   0.06649   0.00650   0.00674   0.00038   0.01567   0.22957   0.11429   0.11014   0.01669   0.07551   0.04441   0.05034   0.01068   0.03196   0.00388   0.00270   0.02925   0.01771   0.01384   0.01923   0.00879   0.00770   0.01864   0.04503   0.01823   0.02482   0.24106   0.02091   0.10396   0.01909   0.03575   0.03445   0.00838   0.01139   0.01652   0.00975   0.02204   0.01722   0.03333   0.03684   0.06292   0.02395   0.01577   0.02141   0.02812   0.02624   0.04446   0.04944   0.00146   0.00493   0.06443   0.47273   0.02152   0.01990   0.96057   0.80553  
 16 7267.0900  21797.985154  x:  0.03830   0.05662   0.00645   0.00590   0.00034   0.01564   0.23252   0.11188   0.10947   0.01715   0.07576   0.04441   0.04912   0.00689   0.03248   0.00292   0.00750   0.02437   0.01770   0.01131   0.01853   0.00762   0.00696   0.01836   0.04359   0.01606   0.02523   0.23914   0.01334   0.10444   0.01943   0.03382   0.02689   0.00801   0.01147   0.01489   0.00999   0.01694   0.01638   0.03385   0.03652   0.06015   0.02404   0.01566   0.02173   0.02852   0.02618   0.04352   0.04962   0.00179   0.00000   0.06182   0.46682   0.01899   0.01369   0.97699   0.79283  
 17 13834.2891  21791.322653  x:  0.03795   0.05182   0.00644   0.00573   0.00033   0.01556   0.23397   0.11071   0.10915   0.01737   0.07588   0.04442   0.04854   0.00523   0.03272   0.00294   0.00986   0.02206   0.01763   0.00965   0.01788   0.00738   0.00680   0.01827   0.04290   0.01510   0.02541   0.23820   0.00971   0.10468   0.01960   0.03292   0.02327   0.00776   0.01188   0.01421   0.01023   0.01455   0.01572   0.03352   0.03638   0.05881   0.02408   0.01549   0.02184   0.02869   0.02615   0.04310   0.04970   0.00196   0.00046   0.06057   0.46392   0.01787   0.01078   0.98503   0.78661  
 18 42687.6913  21748.502525  x:  0.03741   0.03483   0.00673   0.00489   0.00029   0.01535   0.23948   0.10628   0.10804   0.01823   0.07624   0.04462   0.04702   0.01479   0.03348   0.00373   0.00868   0.01712   0.01753   0.00469   0.01616   0.00611   0.01177   0.01848   0.04081   0.01465   0.02595   0.23473   0.00242   0.10563   0.02021   0.03060   0.01405   0.00800   0.00646   0.01439   0.01055   0.01216   0.01410   0.03274   0.03612   0.05444   0.02429   0.01508   0.02197   0.02909   0.02611   0.04265   0.05011   0.00166   0.00043   0.05638   0.45268   0.01847   0.00836   1.01627   0.76221  
 19 7246.5457  21695.460001  x:  0.03741   0.01452   0.00690   0.00400   0.00024   0.01512   0.24691   0.10040   0.10668   0.01903   0.07672   0.04483   0.04514   0.01520   0.03430   0.00196   0.00829   0.01421   0.01745   0.00079   0.01424   0.00471   0.01249   0.01874   0.03841   0.01502   0.02652   0.23021   0.01115   0.10700   0.02119   0.02837   0.00935   0.00832   0.00397   0.01523   0.01091   0.01311   0.01246   0.03131   0.03597   0.04924   0.02461   0.01461   0.02201   0.02949   0.02611   0.04326   0.05069   0.00150   0.00045   0.05135   0.43736   0.02043   0.00993   1.05888   0.72868  
 20 9759.5220  21672.879855  x:  0.03779   0.00605   0.00705   0.00433   0.00026   0.01502   0.25106   0.09719   0.10595   0.01942   0.07697   0.04495   0.04424   0.01542   0.03471   0.00364   0.00878   0.01381   0.01743   0.00537   0.01336   0.00527   0.01276   0.01891   0.03725   0.01540   0.02678   0.22771   0.01269   0.10773   0.02161   0.02742   0.00962   0.00848   0.00417   0.01577   0.01104   0.01409   0.01174   0.03025   0.03592   0.04666   0.02479   0.01441   0.02200   0.02967   0.02613   0.04348   0.05101   0.00159   0.00046   0.04882   0.42880   0.02149   0.01083   1.08272   0.70982  
 21 20415.8957  21541.161483  x:  0.04177   0.00639   0.00723   0.00391   0.00024   0.01503   0.26769   0.08476   0.10321   0.02085   0.07795   0.04541   0.04121   0.01604   0.03610   0.00000   0.00925   0.01585   0.01770   0.00536   0.01178   0.00460   0.01278   0.01934   0.03336   0.01681   0.02765   0.21788   0.01032   0.11049   0.02288   0.02477   0.01695   0.00928   0.00691   0.01741   0.01085   0.01775   0.01113   0.02837   0.03580   0.03779   0.02552   0.01436   0.02206   0.03030   0.02623   0.04396   0.05229   0.00175   0.00051   0.03999   0.39470   0.02473   0.01302   1.17805   0.63399  
 22 14517.7235  21316.771303  x:  0.05234   0.00946   0.00784   0.00376   0.00023   0.01561   0.31204   0.05165   0.09589   0.02470   0.08059   0.04661   0.03302   0.01588   0.03990   0.00077   0.01111   0.02086   0.01891   0.00250   0.00993   0.00461   0.01112   0.02008   0.02290   0.01993   0.03007   0.19169   0.00601   0.11785   0.02636   0.01751   0.03559   0.01205   0.00879   0.02095   0.00913   0.02697   0.01148   0.02752   0.03540   0.01410   0.02748   0.01518   0.02265   0.03216   0.02655   0.04515   0.05573   0.00212   0.00059   0.01643   0.30381   0.03272   0.01848   1.43215   0.43188  
 23 843216.7011  21145.283738  x:  0.05863   0.01695   0.00702   0.00322   0.00021   0.01521   0.34488   0.03494   0.09333   0.02582   0.08234   0.04764   0.03433   0.01670   0.04084   0.00084   0.01077   0.02277   0.01846   0.00749   0.01062   0.00372   0.01423   0.02105   0.02663   0.02015   0.03018   0.17535   0.01143   0.12294   0.02729   0.02399   0.03188   0.00938   0.00575   0.02126   0.01236   0.02543   0.01084   0.02018   0.03748   0.04051   0.02974   0.01501   0.02199   0.03250   0.02704   0.04831   0.05882   0.00199   0.00059   0.03441   0.23866   0.03348   0.01572   1.62366   0.27898  
 24 20934.9539  21105.734833  x:  0.05661   0.01503   0.00932   0.00400   0.00024   0.01682   0.35475   0.06046   0.10127   0.02202   0.08293   0.04845   0.04702   0.01986   0.03792   0.00085   0.01291   0.02828   0.01890   0.00586   0.01815   0.00516   0.01158   0.02087   0.04151   0.01977   0.02804   0.18047   0.01023   0.12336   0.02327   0.03316   0.02710   0.01120   0.01368   0.02064   0.00720   0.02482   0.01897   0.01939   0.03956   0.03318   0.02781   0.01670   0.02262   0.03135   0.02850   0.05099   0.05873   0.00257   0.00066   0.03970   0.23256   0.03065   0.02172   1.68588   0.24947  
 25 2805.1298  21079.693753  x:  0.05491   0.01694   0.00591   0.00307   0.00019   0.01614   0.36141   0.08097   0.10914   0.01773   0.08345   0.04886   0.05264   0.01546   0.03559   0.00083   0.01077   0.02902   0.01864   0.00750   0.01564   0.00337   0.01325   0.02145   0.04648   0.01974   0.02722   0.18861   0.00957   0.12328   0.02046   0.03464   0.02878   0.01007   0.00460   0.02067   0.01917   0.02502   0.01642   0.01459   0.04073   0.02894   0.02671   0.01602   0.02271   0.03068   0.02904   0.05295   0.05820   0.00194   0.00059   0.03827   0.23487   0.02785   0.02167   1.73397   0.24313  
 26 2683.4152  21023.849752  x:  0.05086   0.02233   0.01311   0.00320   0.00022   0.01489   0.37666   0.11781   0.12777   0.01155   0.08472   0.04941   0.05040   0.01902   0.03322   0.00094   0.01133   0.02003   0.01991   0.01009   0.00876   0.00394   0.01889   0.02155   0.03860   0.01996   0.02935   0.21464   0.01554   0.12280   0.02024   0.02300   0.03398   0.00885   0.00702   0.02220   0.01427   0.02756   0.00593   0.02155   0.04142   0.04414   0.02801   0.01661   0.02368   0.03157   0.02835   0.05627   0.05715   0.00214   0.00062   0.02909   0.25113   0.02618   0.01472   1.86615   0.26084  
 27 2723.6441  20977.862205  x:  0.04911   0.02065   0.00319   0.00344   0.00021   0.01382   0.38757   0.13408   0.13922   0.01768   0.08532   0.04954   0.04017   0.01760   0.03474   0.00105   0.01160   0.02343   0.01816   0.00823   0.00535   0.00378   0.01704   0.02112   0.02715   0.02165   0.03045   0.23730   0.01194   0.12198   0.02303   0.02054   0.03809   0.00783   0.00685   0.02318   0.01048   0.02860   0.02217   0.01672   0.04087   0.05384   0.02932   0.01297   0.02179   0.03189   0.02687   0.05618   0.05726   0.00216   0.00063   0.03586   0.26939   0.03241   0.01722   1.99003   0.29034  
 28 4854.7066  20953.160134  x:  0.04946   0.01981   0.01491   0.00219   0.00016   0.01427   0.39291   0.13553   0.14326   0.02347   0.08504   0.04926   0.03317   0.01584   0.03672   0.00111   0.01139   0.02783   0.01674   0.00720   0.01598   0.00272   0.01425   0.02078   0.02380   0.02241   0.02995   0.25180   0.00920   0.12103   0.02501   0.02593   0.03960   0.00928   0.00502   0.02295   0.01396   0.02823   0.02360   0.00890   0.03989   0.05577   0.02946   0.01186   0.02012   0.03155   0.02626   0.05478   0.05741   0.00205   0.00062   0.04274   0.28381   0.03680   0.01943   2.07859   0.31590  
 29 6565.7659  20910.071835  x:  0.05361   0.02375   0.00412   0.00315   0.00019   0.01743   0.39358   0.11778   0.13941   0.02820   0.08263   0.04798   0.03746   0.02064   0.03855   0.00112   0.01272   0.03135   0.01788   0.00967   0.02170   0.00347   0.01215   0.02107   0.03882   0.02037   0.02657   0.26745   0.01359   0.11863   0.02461   0.03823   0.03487   0.01084   0.00779   0.01990   0.01551   0.02512   0.01056   0.00929   0.03745   0.04840   0.02700   0.01932   0.02071   0.03001   0.02744   0.05126   0.05692   0.00232   0.00069   0.05114   0.30691   0.03723   0.01914   2.20006   0.35690  
 30 3930.5901  20892.314239  x:  0.05447   0.02588   0.01047   0.00236   0.00017   0.01490   0.38857   0.10408   0.13264   0.02288   0.08040   0.04694   0.04865   0.01785   0.03619   0.00111   0.01174   0.03280   0.01758   0.01131   0.01235   0.00267   0.01548   0.02147   0.04733   0.02080   0.02482   0.27199   0.01417   0.11650   0.02022   0.04150   0.03235   0.00660   0.00500   0.02084   0.01031   0.02562   0.01384   0.00967   0.03739   0.04419   0.02505   0.01626   0.02117   0.02858   0.02783   0.04982   0.05572   0.00210   0.00065   0.05541   0.32040   0.03313   0.02076   2.25551   0.37552  
 31 2846.1302  20886.616859  x:  0.05309   0.02578   0.01080   0.00273   0.00019   0.01415   0.38305   0.09878   0.12785   0.01640   0.07928   0.04657   0.05352   0.01777   0.03366   0.00113   0.01207   0.03226   0.01728   0.01092   0.01262   0.00327   0.01585   0.02089   0.04839   0.02181   0.02522   0.27204   0.01359   0.11523   0.01778   0.04067   0.03174   0.01248   0.00660   0.02204   0.01373   0.02720   0.01647   0.01128   0.03834   0.04537   0.02498   0.01293   0.02116   0.02835   0.02767   0.05017   0.05478   0.00221   0.00066   0.05610   0.32731   0.02998   0.02269   2.27499   0.38098  
 32 1608.0887  20882.326719  x:  0.05025   0.02501   0.00890   0.00256   0.00017   0.01527   0.37397   0.09673   0.12202   0.01063   0.07844   0.04665   0.05662   0.01815   0.03113   0.00114   0.01227   0.03205   0.01702   0.01012   0.01658   0.00288   0.01309   0.02026   0.04800   0.02238   0.02606   0.27011   0.01201   0.11384   0.01733   0.03887   0.03298   0.00960   0.00592   0.02242   0.01253   0.02854   0.01588   0.00870   0.03985   0.04761   0.02556   0.01281   0.02075   0.02857   0.02759   0.05168   0.05373   0.00219   0.00067   0.05509   0.33522   0.02713   0.02516   2.28852   0.38282  
 33 939.6768  20876.512135  x:  0.04447   0.02500   0.00872   0.00280   0.00018   0.01448   0.34970   0.09854   0.10991   0.01716   0.07780   0.04769   0.05961   0.01729   0.02932   0.00116   0.01230   0.03243   0.01742   0.00962   0.01889   0.00321   0.01664   0.02140   0.04798   0.02139   0.02645   0.26364   0.01168   0.11120   0.01927   0.03594   0.03449   0.00757   0.00690   0.02137   0.01438   0.02807   0.01687   0.00890   0.04221   0.04985   0.02593   0.01530   0.02058   0.02901   0.02759   0.05566   0.05226   0.00225   0.00067   0.05317   0.35335   0.02425   0.02779   2.30921   0.38142  
 34 783.3918  20872.031572  x:  0.04310   0.02604   0.00901   0.00231   0.00016   0.01488   0.32697   0.10238   0.10121   0.01932   0.07765   0.04806   0.05895   0.01764   0.03135   0.00115   0.01215   0.03289   0.01723   0.01031   0.01608   0.00254   0.01380   0.02134   0.04736   0.02098   0.02602   0.25764   0.01187   0.10965   0.02002   0.03610   0.03416   0.01192   0.00519   0.02118   0.01177   0.02661   0.01473   0.00713   0.04248   0.04994   0.02568   0.01395   0.02059   0.02894   0.02749   0.05748   0.05215   0.00215   0.00067   0.05329   0.36919   0.02608   0.02725   2.32491   0.37864  
 35 1246.0164  20868.400534  x:  0.04547   0.02664   0.00954   0.00262   0.00018   0.01543   0.30566   0.10597   0.09594   0.01671   0.07785   0.04771   0.05518   0.01865   0.03409   0.00115   0.01245   0.03309   0.01695   0.01071   0.01483   0.00305   0.01315   0.02064   0.04551   0.02184   0.02562   0.25220   0.01276   0.10920   0.01935   0.03838   0.03283   0.00893   0.00627   0.02211   0.01378   0.02630   0.01461   0.01020   0.04118   0.04830   0.02539   0.01253   0.02071   0.02867   0.02749   0.05697   0.05304   0.00223   0.00068   0.05503   0.38307   0.02972   0.02527   2.33789   0.37560  
 36 1240.1292  20867.300134  x:  0.04777   0.02648   0.00920   0.00259   0.00018   0.01466   0.29760   0.10655   0.09676   0.01503   0.07821   0.04730   0.05310   0.01777   0.03367   0.00115   0.01215   0.03266   0.01723   0.01069   0.01556   0.00302   0.01562   0.02080   0.04540   0.02198   0.02575   0.25033   0.01308   0.10986   0.01866   0.03909   0.03302   0.00975   0.00623   0.02197   0.01272   0.02750   0.01524   0.00917   0.04013   0.04776   0.02558   0.01462   0.02084   0.02868   0.02770   0.05510   0.05363   0.00220   0.00066   0.05560   0.38761   0.02967   0.02376   2.34194   0.37442  
 37 527.0426  20866.562015  x:  0.04983   0.02608   0.00937   0.00251   0.00017   0.01468   0.29072   0.10574   0.10127   0.01622   0.07881   0.04702   0.05238   0.01862   0.03162   0.00116   0.01232   0.03198   0.01742   0.01047   0.01550   0.00294   0.01443   0.02111   0.04681   0.02161   0.02600   0.24897   0.01322   0.11142   0.01859   0.03863   0.03378   0.00951   0.00617   0.02162   0.01300   0.02854   0.01568   0.00894   0.03947   0.04817   0.02579   0.01358   0.02088   0.02880   0.02762   0.05218   0.05405   0.00222   0.00067   0.05534   0.39065   0.02817   0.02345   2.34465   0.37341  
 38 270.5893  20866.235888  x:  0.04957   0.02601   0.00938   0.00253   0.00017   0.01520   0.28681   0.10446   0.10576   0.01594   0.07909   0.04703   0.05303   0.01798   0.03213   0.00116   0.01226   0.03254   0.01697   0.01037   0.01539   0.00296   0.01480   0.02080   0.04691   0.02177   0.02593   0.24829   0.01277   0.11266   0.01919   0.03814   0.03359   0.00966   0.00616   0.02205   0.01295   0.02731   0.01518   0.00933   0.03986   0.04860   0.02562   0.01386   0.02071   0.02878   0.02760   0.05141   0.05404   0.00221   0.00067   0.05503   0.39189   0.02864   0.02505   2.34590   0.37291  
 39 168.5229  20866.128515  x:  0.04874   0.02625   0.00935   0.00253   0.00017   0.01444   0.28533   0.10368   0.10791   0.01581   0.07907   0.04715   0.05341   0.01830   0.03282   0.00115   0.01230   0.03269   0.01740   0.01052   0.01558   0.00296   0.01461   0.02091   0.04643   0.02175   0.02584   0.24799   0.01302   0.11305   0.01897   0.03821   0.03335   0.00957   0.00622   0.02179   0.01300   0.02715   0.01537   0.00906   0.04016   0.04831   0.02559   0.01387   0.02082   0.02877   0.02761   0.05220   0.05392   0.00222   0.00067   0.05494   0.39218   0.02861   0.02470   2.34633   0.37279  
 40 108.1490  20866.097646  x:  0.04832   0.02628   0.00935   0.00254   0.00017   0.01501   0.28486   0.10340   0.10868   0.01590   0.07899   0.04722   0.05348   0.01827   0.03281   0.00115   0.01229   0.03262   0.01724   0.01053   0.01556   0.00297   0.01471   0.02096   0.04626   0.02176   0.02584   0.24786   0.01303   0.11306   0.01878   0.03845   0.03334   0.00959   0.00623   0.02179   0.01295   0.02750   0.01541   0.00905   0.04019   0.04816   0.02562   0.01382   0.02082   0.02876   0.02762   0.05283   0.05386   0.00221   0.00067   0.05505   0.39218   0.02862   0.02434   2.34647   0.37279  
 41 63.4941  20866.087321  x:  0.04823   0.02623   0.00934   0.00254   0.00017   0.01479   0.28469   0.10334   0.10894   0.01593   0.07889   0.04723   0.05344   0.01818   0.03256   0.00115   0.01228   0.03253   0.01715   0.01047   0.01551   0.00297   0.01463   0.02089   0.04631   0.02177   0.02586   0.24776   0.01288   0.11291   0.01881   0.03861   0.03340   0.00960   0.00621   0.02190   0.01291   0.02766   0.01529   0.00919   0.04010   0.04815   0.02564   0.01388   0.02079   0.02875   0.02763   0.05321   0.05384   0.00221   0.00067   0.05515   0.39210   0.02877   0.02433   2.34653   0.37283  
 42 25.5448  20866.072621  x:  0.04838   0.02624   0.00936   0.00254   0.00017   0.01488   0.28448   0.10337   0.10917   0.01581   0.07867   0.04722   0.05327   0.01817   0.03230   0.00115   0.01227   0.03245   0.01746   0.01049   0.01549   0.00297   0.01470   0.02090   0.04646   0.02171   0.02589   0.24748   0.01289   0.11243   0.01898   0.03859   0.03343   0.00961   0.00622   0.02179   0.01292   0.02741   0.01536   0.00913   0.03986   0.04814   0.02561   0.01377   0.02083   0.02878   0.02761   0.05366   0.05382   0.00221   0.00067   0.05514   0.39177   0.02888   0.02444   2.34664   0.37300  
 43 13.8434  20866.029739  x:  0.04881   0.02623   0.00942   0.00253   0.00017   0.01483   0.28393   0.10367   0.10953   0.01578   0.07827   0.04718   0.05311   0.01829   0.03258   0.00115   0.01229   0.03260   0.01684   0.01051   0.01548   0.00297   0.01460   0.02099   0.04674   0.02180   0.02585   0.24662   0.01296   0.11114   0.01885   0.03830   0.03341   0.00960   0.00622   0.02183   0.01301   0.02719   0.01552   0.00902   0.03967   0.04826   0.02562   0.01395   0.02081   0.02877   0.02764   0.05401   0.05377   0.00221   0.00067   0.05499   0.39067   0.02857   0.02445   2.34700   0.37357  
 44 24.9044  20865.937713  x:  0.04895   0.02609   0.00929   0.00255   0.00018   0.01479   0.28290   0.10448   0.10988   0.01598   0.07801   0.04719   0.05326   0.01800   0.03320   0.00115   0.01225   0.03291   0.01743   0.01039   0.01557   0.00298   0.01477   0.02085   0.04676   0.02186   0.02575   0.24492   0.01275   0.10941   0.01868   0.03832   0.03333   0.00955   0.00619   0.02202   0.01290   0.02782   0.01515   0.00911   0.04011   0.04847   0.02565   0.01354   0.02068   0.02868   0.02764   0.05354   0.05372   0.00221   0.00067   0.05509   0.38834   0.02830   0.02453   2.34777   0.37475  
 45 55.8106  20865.752228  x:  0.04817   0.02632   0.00951   0.00253   0.00018   0.01495   0.28112   0.10588   0.10987   0.01576   0.07836   0.04725   0.05395   0.01823   0.03259   0.00115   0.01232   0.03246   0.01741   0.01049   0.01500   0.00297   0.01447   0.02085   0.04603   0.02155   0.02585   0.24213   0.01294   0.10844   0.01926   0.03884   0.03329   0.00956   0.00628   0.02163   0.01327   0.02800   0.01528   0.00878   0.04089   0.04831   0.02554   0.01430   0.02088   0.02872   0.02762   0.05219   0.05371   0.00221   0.00067   0.05553   0.38412   0.02879   0.02449   2.34926   0.37692  
 46 86.0401  20865.549910  x:  0.04737   0.02662   0.00920   0.00258   0.00018   0.01461   0.27950   0.10716   0.10944   0.01582   0.07899   0.04727   0.05420   0.01820   0.03181   0.00115   0.01226   0.03225   0.01667   0.01065   0.01553   0.00301   0.01503   0.02104   0.04584   0.02188   0.02590   0.23996   0.01335   0.10930   0.01909   0.03905   0.03345   0.00946   0.00628   0.02181   0.01294   0.02715   0.01503   0.00851   0.04068   0.04797   0.02549   0.01325   0.02073   0.02874   0.02750   0.05171   0.05366   0.00221   0.00067   0.05576   0.38030   0.02904   0.02420   2.35077   0.37886  
 47 126.3740  20865.162362  x:  0.04688   0.02630   0.00945   0.00258   0.00018   0.01485   0.27697   0.10895   0.10824   0.01583   0.07990   0.04713   0.05397   0.01817   0.03193   0.00116   0.01227   0.03301   0.01751   0.01037   0.01497   0.00302   0.01465   0.02093   0.04670   0.02241   0.02561   0.23756   0.01302   0.11303   0.01787   0.03857   0.03390   0.00944   0.00630   0.02256   0.01332   0.02679   0.01502   0.00822   0.03923   0.04854   0.02572   0.01394   0.02035   0.02861   0.02765   0.05273   0.05348   0.00220   0.00067   0.05598   0.37457   0.02872   0.02418   2.35342   0.38170  
 48 135.8833  20864.792163  x:  0.04776   0.02617   0.00950   0.00258   0.00018   0.01462   0.27524   0.11000   0.10733   0.01533   0.07979   0.04697   0.05364   0.01786   0.03295   0.00116   0.01229   0.03324   0.01678   0.01025   0.01470   0.00303   0.01490   0.02089   0.04752   0.02133   0.02556   0.23713   0.01253   0.11610   0.01911   0.03860   0.03361   0.00935   0.00638   0.02133   0.01344   0.02812   0.01490   0.00796   0.03932   0.04895   0.02553   0.01336   0.02091   0.02855   0.02761   0.05426   0.05343   0.00220   0.00067   0.05582   0.37108   0.02830   0.02480   2.35566   0.38322  
 49 130.9619  20863.746693  x:  0.05090   0.02663   0.00949   0.00265   0.00018   0.01470   0.27286   0.11036   0.10624   0.01622   0.07698   0.04710   0.05356   0.01741   0.03270   0.00115   0.01226   0.03154   0.01710   0.01062   0.01436   0.00313   0.01455   0.02140   0.04717   0.02333   0.02666   0.24123   0.01233   0.11835   0.01959   0.03936   0.03220   0.00916   0.00661   0.02303   0.01351   0.02810   0.01496   0.00643   0.04314   0.04858   0.02515   0.01357   0.02003   0.02861   0.02738   0.05592   0.05357   0.00219   0.00066   0.05550   0.36783   0.02798   0.02533   2.36095   0.38327  
 50 74.9082  20861.137060  x:  0.05246   0.02454   0.00965   0.00277   0.00019   0.01447   0.26939   0.10936   0.10490   0.01640   0.07227   0.04772   0.05373   0.01749   0.03105   0.00117   0.01233   0.03412   0.01659   0.00918   0.01277   0.00327   0.01496   0.02119   0.04497   0.02100   0.02486   0.25296   0.01162   0.11758   0.01612   0.04041   0.03572   0.00892   0.00718   0.02116   0.01358   0.02583   0.01302   0.00497   0.04562   0.04861   0.02603   0.01320   0.02005   0.02856   0.02745   0.05548   0.05386   0.00217   0.00065   0.05732   0.36457   0.02887   0.02497   2.37323   0.38044  
 51 218.8444  20859.141500  x:  0.04978   0.02389   0.00983   0.00290   0.00020   0.01432   0.26871   0.10792   0.10468   0.01575   0.07357   0.04787   0.05417   0.01729   0.03218   0.00117   0.01232   0.03557   0.01650   0.00853   0.01185   0.00343   0.01495   0.02210   0.04595   0.02297   0.02532   0.26042   0.01122   0.11451   0.01993   0.04053   0.03672   0.00871   0.00763   0.02226   0.01397   0.02664   0.01260   0.00320   0.04148   0.04846   0.02546   0.01279   0.02016   0.02817   0.02764   0.05381   0.05372   0.00216   0.00064   0.05837   0.36472   0.02877   0.02315   2.38239   0.37750  
 52 299.3037  20858.695361  x:  0.04944   0.02423   0.00990   0.00294   0.00020   0.01425   0.27005   0.10745   0.10509   0.01555   0.07646   0.04764   0.05311   0.01703   0.03245   0.00117   0.01239   0.03486   0.01643   0.00868   0.01131   0.00347   0.01487   0.02359   0.04619   0.02288   0.02604   0.25991   0.01096   0.11352   0.01873   0.04087   0.03597   0.00860   0.00779   0.02115   0.01397   0.02698   0.01223   0.00291   0.04121   0.04836   0.02571   0.01273   0.01863   0.02836   0.02737   0.05408   0.05337   0.00217   0.00064   0.05846   0.36624   0.02876   0.02474   2.38455   0.37681  
 53 138.3719  20858.354257  x:  0.05011   0.02400   0.00993   0.00295   0.00021   0.01422   0.27268   0.10709   0.10586   0.01542   0.07943   0.04741   0.05207   0.01710   0.03219   0.00117   0.01240   0.03502   0.01640   0.00855   0.01086   0.00349   0.01495   0.02321   0.04616   0.02279   0.02554   0.25684   0.01088   0.11323   0.01857   0.04167   0.03639   0.00858   0.00785   0.02197   0.01392   0.02640   0.01204   0.00266   0.04273   0.04833   0.02577   0.01267   0.02025   0.02842   0.02733   0.05505   0.05313   0.00216   0.00064   0.05867   0.36895   0.02773   0.02507   2.38630   0.37642  
 54 126.3749  20858.152746  x:  0.05093   0.02348   0.01000   0.00296   0.00021   0.01421   0.27497   0.10703   0.10652   0.01515   0.07979   0.04742   0.05230   0.01724   0.03201   0.00117   0.01237   0.03570   0.01641   0.00825   0.01062   0.00351   0.01499   0.02330   0.04607   0.02327   0.02534   0.25370   0.01085   0.11369   0.01929   0.04185   0.03728   0.00867   0.00785   0.02149   0.01391   0.02601   0.01194   0.00282   0.04368   0.04837   0.02549   0.01268   0.01898   0.02811   0.02747   0.05555   0.05317   0.00216   0.00064   0.05897   0.37122   0.02751   0.02423   2.38737   0.37625  
 55 137.1514  20857.968242  x:  0.05155   0.02345   0.00998   0.00297   0.00021   0.01421   0.27762   0.10707   0.10726   0.01538   0.07859   0.04753   0.05322   0.01712   0.03207   0.00118   0.01236   0.03561   0.01636   0.00824   0.01090   0.00352   0.01497   0.02303   0.04612   0.02299   0.02545   0.24990   0.01084   0.11447   0.01903   0.04118   0.03725   0.00858   0.00790   0.02153   0.01403   0.02628   0.01203   0.00244   0.04352   0.04855   0.02544   0.01265   0.01890   0.02809   0.02755   0.05551   0.05333   0.00216   0.00064   0.05899   0.37384   0.02872   0.02373   2.38837   0.37610  
 56 148.3858  20857.904717  x:  0.05146   0.02339   0.00997   0.00298   0.00021   0.01420   0.27862   0.10717   0.10755   0.01536   0.07747   0.04763   0.05321   0.01704   0.03212   0.00118   0.01236   0.03577   0.01640   0.00818   0.01079   0.00353   0.01491   0.02392   0.04592   0.02328   0.02575   0.24842   0.01073   0.11492   0.01900   0.04129   0.03728   0.00859   0.00791   0.02145   0.01401   0.02628   0.01179   0.00252   0.04330   0.04853   0.02564   0.01265   0.01943   0.02828   0.02740   0.05530   0.05336   0.00215   0.00064   0.05927   0.37480   0.02861   0.02393   2.38874   0.37603  
 57 100.4076  20857.881584  x:  0.05109   0.02352   0.00998   0.00298   0.00021   0.01419   0.27899   0.10723   0.10766   0.01532   0.07676   0.04768   0.05283   0.01711   0.03215   0.00118   0.01238   0.03566   0.01639   0.00826   0.01064   0.00353   0.01496   0.02371   0.04579   0.02311   0.02560   0.24788   0.01082   0.11513   0.01908   0.04157   0.03717   0.00859   0.00793   0.02161   0.01399   0.02626   0.01177   0.00249   0.04308   0.04843   0.02568   0.01265   0.01920   0.02827   0.02735   0.05509   0.05332   0.00216   0.00064   0.05928   0.37515   0.02810   0.02421   2.38889   0.37598  
 58 39.8590  20857.870426  x:  0.05089   0.02353   0.00998   0.00298   0.00021   0.01419   0.27906   0.10721   0.10767   0.01533   0.07658   0.04769   0.05260   0.01709   0.03217   0.00118   0.01238   0.03555   0.01638   0.00825   0.01060   0.00353   0.01498   0.02350   0.04596   0.02343   0.02558   0.24779   0.01081   0.11516   0.01896   0.04168   0.03721   0.00858   0.00793   0.02133   0.01399   0.02626   0.01181   0.00248   0.04315   0.04853   0.02547   0.01263   0.01931   0.02813   0.02750   0.05499   0.05325   0.00216   0.00064   0.05914   0.37520   0.02813   0.02426   2.38900   0.37597  
 59  9.0094  20857.760216  x:  0.05014   0.02345   0.00999   0.00299   0.00021   0.01414   0.27921   0.10710   0.10768   0.01498   0.07622   0.04765   0.05174   0.01706   0.03231   0.00118   0.01236   0.03553   0.01639   0.00816   0.01061   0.00353   0.01496   0.02432   0.04711   0.02283   0.02553   0.24769   0.01079   0.11520   0.01886   0.04202   0.03755   0.00856   0.00791   0.02191   0.01401   0.02618   0.01220   0.00250   0.04393   0.04900   0.02511   0.01255   0.01920   0.02798   0.02770   0.05465   0.05288   0.00215   0.00064   0.05843   0.37520   0.02877   0.02383   2.39023   0.37594  
 60  9.6063  20855.527149  x:  0.04795   0.02422   0.01034   0.00294   0.00021   0.01405   0.28119   0.10693   0.10816   0.01421   0.07576   0.04730   0.04911   0.01695   0.03148   0.00116   0.01235   0.03849   0.01615   0.00853   0.00981   0.00346   0.01529   0.02162   0.05122   0.02391   0.02735   0.24763   0.01138   0.11513   0.01932   0.04054   0.03608   0.00847   0.00809   0.02100   0.01412   0.02654   0.01250   0.00257   0.04657   0.04867   0.03036   0.01255   0.01889   0.03144   0.02374   0.05392   0.05208   0.00211   0.00063   0.05795   0.37473   0.03057   0.02177   2.41546   0.37502  
 61 43.1746  20823.341490  x:  0.04503   0.03172   0.00985   0.00257   0.00019   0.01409   0.30858   0.10758   0.11526   0.01439   0.07874   0.04536   0.04326   0.01472   0.02725   0.00101   0.01338   0.04000   0.01568   0.01071   0.00904   0.00266   0.01410   0.02072   0.05333   0.02241   0.02046   0.24831   0.01291   0.11348   0.02098   0.02398   0.02929   0.00748   0.01151   0.02347   0.01245   0.03106   0.00882   0.00459   0.04667   0.04683   0.03120   0.01141   0.01962   0.02743   0.04152   0.05318   0.05379   0.00160   0.00053   0.06939   0.36692   0.03447   0.02146   2.78457   0.36099  
 62 841.1116  20792.838217  x:  0.04989   0.03240   0.00795   0.00206   0.00017   0.01399   0.33407   0.10836   0.12144   0.01776   0.08348   0.04591   0.05355   0.01315   0.03730   0.00095   0.01413   0.02996   0.01531   0.00858   0.00821   0.00164   0.01416   0.01403   0.05085   0.01839   0.02966   0.24879   0.01270   0.11148   0.01767   0.03854   0.04000   0.00643   0.01392   0.02583   0.01083   0.02815   0.00989   0.00650   0.03471   0.05716   0.02533   0.01155   0.02011   0.02809   0.03295   0.05287   0.05527   0.00106   0.00044   0.06403   0.35959   0.03541   0.02126   3.13373   0.34812  
 63 6098.8286  20790.561463  x:  0.05078   0.03286   0.00758   0.00208   0.00017   0.01402   0.33587   0.10835   0.12181   0.01803   0.08399   0.04661   0.05464   0.01249   0.03599   0.00093   0.01413   0.03031   0.01519   0.00878   0.00847   0.00164   0.01373   0.01557   0.04966   0.01992   0.02288   0.24878   0.01243   0.11126   0.01764   0.04043   0.03820   0.00634   0.01412   0.02546   0.01076   0.02916   0.01024   0.00654   0.03303   0.05935   0.02443   0.01200   0.02023   0.02717   0.02791   0.05280   0.05540   0.00102   0.00042   0.06068   0.35912   0.03635   0.02118   3.15800   0.34722  
 64 1018.3084  20790.476173  x:  0.05095   0.03299   0.00754   0.00208   0.00017   0.01402   0.33595   0.10833   0.12181   0.01809   0.08408   0.04694   0.05469   0.01243   0.03533   0.00092   0.01412   0.03152   0.01518   0.00892   0.00837   0.00164   0.01371   0.01556   0.04921   0.01979   0.02341   0.24876   0.01249   0.11124   0.01757   0.04107   0.03732   0.00633   0.01412   0.02547   0.01076   0.02924   0.01023   0.00653   0.03275   0.05978   0.02435   0.01196   0.02026   0.02689   0.02840   0.05280   0.05555   0.00101   0.00042   0.05964   0.35910   0.03633   0.02106   3.15897   0.34722  
 65 80.6048  20790.473482  x:  0.05096   0.03299   0.00754   0.00208   0.00017   0.01401   0.33596   0.10833   0.12181   0.01808   0.08409   0.04701   0.05472   0.01242   0.03535   0.00092   0.01411   0.03149   0.01518   0.00892   0.00837   0.00164   0.01371   0.01557   0.04922   0.01983   0.02332   0.24876   0.01249   0.11123   0.01758   0.04116   0.03733   0.00633   0.01412   0.02545   0.01077   0.02923   0.01025   0.00653   0.03274   0.05983   0.02448   0.01194   0.02024   0.02708   0.02858   0.05280   0.05568   0.00101   0.00042   0.05955   0.35910   0.03634   0.02106   3.15901   0.34723  
 66 10.0807  20790.458561  x:  0.05079   0.03300   0.00754   0.00209   0.00017   0.01401   0.33596   0.10830   0.12180   0.01804   0.08412   0.04733   0.05464   0.01242   0.03537   0.00092   0.01411   0.03146   0.01518   0.00891   0.00836   0.00164   0.01372   0.01559   0.04936   0.01982   0.02338   0.24875   0.01248   0.11121   0.01754   0.04109   0.03737   0.00633   0.01412   0.02546   0.01077   0.02922   0.01027   0.00653   0.03284   0.05983   0.02446   0.01195   0.02025   0.02688   0.02844   0.05286   0.05679   0.00101   0.00042   0.05953   0.35908   0.03629   0.02110   3.15925   0.34725  
 67  3.1064  20790.103212  x:  0.05043   0.03307   0.00751   0.00211   0.00017   0.01402   0.33577   0.10836   0.12172   0.01806   0.08395   0.04586   0.05443   0.01260   0.03504   0.00092   0.01414   0.03219   0.01522   0.00890   0.00841   0.00166   0.01374   0.01570   0.04922   0.01982   0.02351   0.24890   0.01256   0.11125   0.01726   0.04080   0.03727   0.00638   0.01413   0.02545   0.01076   0.02941   0.01013   0.00651   0.03312   0.05998   0.02201   0.01205   0.02011   0.02928   0.02810   0.05302   0.05801   0.00101   0.00043   0.05968   0.35859   0.03599   0.02106   3.16510   0.34720  
 68  5.8493  20784.446226  x:  0.04932   0.03411   0.00694   0.00252   0.00019   0.01414   0.33266   0.10963   0.12058   0.01812   0.08200   0.03316   0.05550   0.01483   0.03464   0.00092   0.01437   0.03322   0.01584   0.00867   0.00954   0.00208   0.01414   0.01931   0.04842   0.02108   0.02486   0.25135   0.01384   0.11231   0.01806   0.04247   0.03922   0.00729   0.01397   0.02442   0.01071   0.02858   0.01086   0.00611   0.03595   0.06213   0.02559   0.01262   0.02026   0.02679   0.02872   0.05396   0.06066   0.00103   0.00047   0.05868   0.35097   0.03447   0.02166   3.25562   0.34646  
 69 250.2870  20774.589253  x:  0.05126   0.03586   0.00622   0.00327   0.00023   0.01434   0.32645   0.11159   0.11822   0.01592   0.08056   0.04992   0.05441   0.01902   0.03420   0.00092   0.01486   0.03458   0.01707   0.00814   0.01162   0.00290   0.01515   0.02511   0.04876   0.02273   0.02803   0.25621   0.01643   0.11487   0.01910   0.04153   0.04348   0.00919   0.01379   0.02286   0.01056   0.02790   0.01186   0.00558   0.04098   0.06430   0.02507   0.01396   0.02034   0.02866   0.02812   0.05442   0.05310   0.00110   0.00055   0.06194   0.33583   0.03109   0.02271   3.43224   0.34533  
 70 1821.3552  20768.173592  x:  0.04915   0.03808   0.00679   0.00385   0.00028   0.01448   0.30838   0.10748   0.11198   0.01409   0.07823   0.04723   0.05543   0.01861   0.03135   0.00104   0.01455   0.03594   0.01685   0.00651   0.00942   0.00308   0.01581   0.02212   0.05124   0.02316   0.02435   0.24838   0.01712   0.11590   0.01863   0.04114   0.03986   0.00812   0.01358   0.02205   0.01514   0.02886   0.01189   0.00566   0.04190   0.06804   0.02587   0.01376   0.02015   0.02839   0.02629   0.05476   0.05457   0.00049   0.00052   0.06606   0.34984   0.02976   0.02400   3.69405   0.34385  
 71  0.1724  20764.836367  x:  0.04811   0.03902   0.00637   0.00378   0.00030   0.01429   0.31014   0.10737   0.11237   0.01467   0.07927   0.04606   0.05303   0.01809   0.03287   0.00121   0.01604   0.03439   0.01640   0.00433   0.01261   0.00211   0.01574   0.02083   0.05178   0.02236   0.02551   0.24763   0.01776   0.11429   0.01808   0.04106   0.03501   0.00803   0.01243   0.02268   0.01272   0.02842   0.01070   0.00560   0.03915   0.06972   0.02597   0.01293   0.01990   0.02834   0.02908   0.05404   0.05405   0.00093   0.00047   0.06889   0.34204   0.03048   0.02370   3.85367   0.35030  
 72  0.0775  20763.323921  x:  0.04948   0.03899   0.00772   0.00394   0.00032   0.01441   0.31656   0.10703   0.11391   0.01561   0.07991   0.04710   0.05386   0.01864   0.03329   0.00137   0.01524   0.03297   0.01661   0.00336   0.01024   0.00197   0.01528   0.02170   0.05036   0.02188   0.02597   0.25133   0.01853   0.11421   0.01844   0.04042   0.03249   0.00886   0.01086   0.02298   0.01171   0.02799   0.01208   0.00538   0.03937   0.06903   0.02547   0.01318   0.02022   0.02820   0.02814   0.05371   0.05313   0.00084   0.00049   0.06875   0.34334   0.03211   0.02270   3.87532   0.35016  
 73  0.0156  20762.278125  x:  0.04889   0.03896   0.00698   0.00428   0.00036   0.01429   0.31966   0.10655   0.11443   0.01538   0.07975   0.04830   0.05347   0.01977   0.03253   0.00154   0.01372   0.03293   0.01675   0.00350   0.01108   0.00218   0.01580   0.02161   0.04883   0.02253   0.02539   0.25071   0.01948   0.11487   0.01894   0.04096   0.03177   0.00781   0.00908   0.02284   0.01247   0.02785   0.01162   0.00517   0.04087   0.06705   0.02553   0.01334   0.02012   0.02832   0.02682   0.05352   0.05399   0.00071   0.00056   0.06553   0.34898   0.03192   0.02296   3.82717   0.34936  
 74  0.0300  20761.396196  x:  0.04769   0.03805   0.00659   0.00421   0.00039   0.01424   0.31443   0.10674   0.11246   0.01491   0.07879   0.04752   0.05349   0.01953   0.03256   0.00179   0.01306   0.03281   0.01662   0.00279   0.01086   0.00181   0.01618   0.02230   0.04976   0.02263   0.02569   0.24836   0.01942   0.11485   0.01872   0.03985   0.03406   0.00873   0.00874   0.02250   0.01298   0.02772   0.01107   0.00496   0.03992   0.06442   0.02563   0.01330   0.01994   0.02854   0.02806   0.05374   0.05452   0.00081   0.00061   0.06405   0.34246   0.03004   0.02308   3.80042   0.35124  
 75  0.0115  20760.250912  x:  0.04806   0.03939   0.00682   0.00438   0.00045   0.01436   0.31163   0.10660   0.11199   0.01492   0.07933   0.04626   0.05343   0.01907   0.03245   0.00219   0.01316   0.03271   0.01652   0.00449   0.01051   0.00199   0.01602   0.02170   0.04998   0.02223   0.02544   0.24564   0.02005   0.11445   0.01788   0.03888   0.03281   0.00902   0.00981   0.02272   0.01284   0.02862   0.01161   0.00525   0.03887   0.06114   0.02568   0.01317   0.02010   0.02842   0.02866   0.05390   0.05393   0.00116   0.00068   0.06076   0.34040   0.03004   0.02380   3.78537   0.35108  
 76  0.0081  20758.774826  x:  0.04971   0.03907   0.00698   0.00464   0.00054   0.01445   0.31525   0.10585   0.11339   0.01512   0.08014   0.04624   0.05291   0.01774   0.03258   0.00287   0.01315   0.03350   0.01670   0.00318   0.01144   0.00196   0.01492   0.02132   0.04960   0.02208   0.02545   0.24906   0.01947   0.11442   0.01840   0.03911   0.03298   0.00751   0.01116   0.02298   0.01197   0.02847   0.01133   0.00559   0.04016   0.06025   0.02617   0.01325   0.02016   0.02846   0.02751   0.05354   0.05348   0.00122   0.00074   0.06046   0.34497   0.03153   0.02291   3.88640   0.34809  
 77  0.0541  20757.748669  x:  0.04850   0.03956   0.00690   0.00460   0.00064   0.01422   0.31824   0.10824   0.11360   0.01530   0.07897   0.04824   0.05403   0.01774   0.03225   0.00367   0.01229   0.03340   0.01686   0.00367   0.01045   0.00174   0.01508   0.02223   0.04893   0.02268   0.02558   0.25105   0.01961   0.11535   0.01914   0.04023   0.03420   0.00901   0.01106   0.02242   0.01275   0.02759   0.01138   0.00551   0.04078   0.05972   0.02557   0.01347   0.02018   0.02812   0.02741   0.05332   0.05491   0.00107   0.00086   0.06163   0.34370   0.03114   0.02302   3.92309   0.35459  
 78  0.0163  20756.700801  x:  0.04793   0.03879   0.00673   0.00476   0.00078   0.01447   0.31544   0.10851   0.11322   0.01513   0.07932   0.04829   0.05293   0.01893   0.03264   0.00482   0.01291   0.03371   0.01638   0.00356   0.01108   0.00228   0.01562   0.02150   0.04941   0.02234   0.02564   0.24884   0.01854   0.11416   0.01814   0.03993   0.03553   0.00811   0.01067   0.02269   0.01302   0.02891   0.01194   0.00551   0.03895   0.06251   0.02560   0.01320   0.02000   0.02875   0.02818   0.05396   0.05385   0.00120   0.00104   0.06327   0.35076   0.03063   0.02415   3.91971   0.35203  
 79  0.0034  20755.971860  x:  0.04877   0.03820   0.00664   0.00410   0.00086   0.01447   0.31353   0.10776   0.11284   0.01519   0.07926   0.04736   0.05266   0.01822   0.03241   0.00573   0.01296   0.03372   0.01662   0.00405   0.01137   0.00164   0.01524   0.02145   0.04935   0.02206   0.02558   0.24972   0.01752   0.11449   0.01824   0.04004   0.03369   0.00793   0.01022   0.02245   0.01211   0.02796   0.01170   0.00523   0.04028   0.06379   0.02577   0.01329   0.01996   0.02865   0.02781   0.05413   0.05351   0.00093   0.00112   0.06340   0.34417   0.03044   0.02295   3.89047   0.35112  
 80  0.0202  20755.753733  x:  0.04915   0.03775   0.00699   0.00409   0.00092   0.01428   0.31630   0.10624   0.11353   0.01534   0.07957   0.04739   0.05354   0.01845   0.03250   0.00620   0.01326   0.03347   0.01668   0.00404   0.01067   0.00201   0.01549   0.02153   0.04949   0.02235   0.02543   0.24990   0.01714   0.11473   0.01868   0.04023   0.03378   0.00837   0.01008   0.02281   0.01246   0.02794   0.01132   0.00522   0.04021   0.06423   0.02572   0.01325   0.02010   0.02823   0.02751   0.05401   0.05410   0.00092   0.00119   0.06354   0.34299   0.03137   0.02280   3.86065   0.34965  
 81  0.0247  20755.666727  x:  0.04901   0.03781   0.00702   0.00380   0.00095   0.01434   0.31695   0.10535   0.11354   0.01508   0.07946   0.04745   0.05354   0.01868   0.03242   0.00653   0.01349   0.03312   0.01666   0.00392   0.01101   0.00189   0.01563   0.02195   0.04951   0.02239   0.02579   0.24821   0.01737   0.11493   0.01869   0.04004   0.03368   0.00833   0.01027   0.02266   0.01263   0.02784   0.01175   0.00527   0.03986   0.06392   0.02559   0.01335   0.02018   0.02834   0.02777   0.05396   0.05420   0.00085   0.00122   0.06370   0.34469   0.03096   0.02288   3.85539   0.34969  
 82  0.0031  20755.597779  x:  0.04893   0.03823   0.00691   0.00362   0.00097   0.01440   0.31593   0.10596   0.11313   0.01512   0.07933   0.04740   0.05321   0.01897   0.03241   0.00672   0.01379   0.03333   0.01665   0.00373   0.01095   0.00198   0.01568   0.02170   0.04943   0.02242   0.02536   0.24881   0.01795   0.11484   0.01856   0.04022   0.03347   0.00829   0.01050   0.02264   0.01244   0.02812   0.01144   0.00536   0.04017   0.06344   0.02570   0.01333   0.02008   0.02844   0.02767   0.05395   0.05398   0.00082   0.00124   0.06323   0.34337   0.03105   0.02311   3.85642   0.35054  
 83  0.0013  20755.570202  x:  0.04894   0.03853   0.00696   0.00354   0.00097   0.01431   0.31563   0.10651   0.11331   0.01526   0.07946   0.04744   0.05335   0.01867   0.03257   0.00668   0.01382   0.03333   0.01669   0.00374   0.01083   0.00209   0.01557   0.02179   0.04940   0.02239   0.02570   0.24973   0.01827   0.11468   0.01861   0.03998   0.03355   0.00832   0.01046   0.02276   0.01250   0.02796   0.01150   0.00539   0.04010   0.06311   0.02573   0.01327   0.02008   0.02838   0.02766   0.05386   0.05406   0.00076   0.00120   0.06304   0.34425   0.03117   0.02292   3.85086   0.35006  
 84  0.0030  20755.549040  x:  0.04891   0.03889   0.00701   0.00342   0.00096   0.01433   0.31580   0.10670   0.11351   0.01518   0.07950   0.04741   0.05350   0.01849   0.03235   0.00656   0.01399   0.03348   0.01667   0.00374   0.01086   0.00208   0.01554   0.02163   0.04950   0.02240   0.02552   0.24916   0.01844   0.11479   0.01863   0.04001   0.03373   0.00831   0.01026   0.02274   0.01255   0.02812   0.01158   0.00536   0.04011   0.06339   0.02569   0.01334   0.02012   0.02829   0.02767   0.05385   0.05413   0.00081   0.00116   0.06309   0.34430   0.03115   0.02314   3.84842   0.35015  
 85  0.0010  20755.531274  x:  0.04879   0.03913   0.00697   0.00333   0.00096   0.01438   0.31615   0.10621   0.11334   0.01511   0.07940   0.04747   0.05337   0.01834   0.03247   0.00658   0.01385   0.03343   0.01663   0.00373   0.01096   0.00209   0.01549   0.02179   0.04958   0.02239   0.02549   0.24897   0.01841   0.11476   0.01854   0.04027   0.03385   0.00828   0.01017   0.02269   0.01243   0.02812   0.01143   0.00530   0.04003   0.06362   0.02566   0.01328   0.02008   0.02841   0.02772   0.05382   0.05395   0.00076   0.00111   0.06344   0.34371   0.03100   0.02315   3.84755   0.34986  
 86  0.0006  20755.488244  x:  0.04893   0.03969   0.00706   0.00332   0.00099   0.01431   0.31622   0.10527   0.11298   0.01527   0.07939   0.04752   0.05334   0.01859   0.03266   0.00666   0.01351   0.03353   0.01669   0.00367   0.01085   0.00215   0.01545   0.02173   0.04940   0.02247   0.02558   0.24941   0.01836   0.11464   0.01853   0.04034   0.03385   0.00828   0.01033   0.02274   0.01252   0.02810   0.01161   0.00524   0.04000   0.06355   0.02572   0.01325   0.02006   0.02848   0.02753   0.05388   0.05405   0.00088   0.00100   0.06362   0.34380   0.03112   0.02303   3.84972   0.34913  
 87  0.0005  20755.453360  x:  0.04873   0.03999   0.00697   0.00329   0.00103   0.01435   0.31567   0.10619   0.11341   0.01525   0.07953   0.04742   0.05340   0.01857   0.03238   0.00679   0.01328   0.03341   0.01665   0.00369   0.01091   0.00215   0.01550   0.02161   0.04939   0.02229   0.02556   0.24865   0.01819   0.11484   0.01865   0.04018   0.03363   0.00834   0.01044   0.02272   0.01253   0.02796   0.01155   0.00526   0.04015   0.06363   0.02567   0.01336   0.02011   0.02824   0.02775   0.05382   0.05410   0.00087   0.00090   0.06339   0.34377   0.03117   0.02300   3.84353   0.35042  
 88  0.0026  20755.421667  x:  0.04862   0.03974   0.00695   0.00333   0.00106   0.01437   0.31561   0.10697   0.11364   0.01504   0.07941   0.04736   0.05331   0.01872   0.03249   0.00684   0.01351   0.03333   0.01667   0.00370   0.01084   0.00206   0.01556   0.02183   0.04961   0.02243   0.02559   0.24979   0.01788   0.11476   0.01860   0.03987   0.03374   0.00822   0.01042   0.02264   0.01251   0.02803   0.01140   0.00534   0.04003   0.06383   0.02570   0.01328   0.02011   0.02845   0.02764   0.05393   0.05400   0.00088   0.00081   0.06325   0.34432   0.03099   0.02305   3.83998   0.34993  
 89  0.0012  20755.395805  x:  0.04879   0.03953   0.00700   0.00347   0.00108   0.01431   0.31624   0.10646   0.11338   0.01514   0.07942   0.04746   0.05345   0.01876   0.03242   0.00681   0.01371   0.03337   0.01668   0.00368   0.01094   0.00207   0.01558   0.02172   0.04957   0.02243   0.02546   0.24943   0.01788   0.11470   0.01855   0.04004   0.03364   0.00838   0.01030   0.02269   0.01246   0.02808   0.01155   0.00540   0.04011   0.06373   0.02572   0.01330   0.02009   0.02841   0.02766   0.05400   0.05404   0.00082   0.00073   0.06313   0.34416   0.03096   0.02297   3.84793   0.34971  
 90  0.0033  20755.387176  x:  0.04885   0.03937   0.00700   0.00348   0.00108   0.01435   0.31591   0.10623   0.11328   0.01517   0.07945   0.04746   0.05342   0.01882   0.03245   0.00682   0.01380   0.03345   0.01667   0.00374   0.01087   0.00205   0.01558   0.02177   0.04949   0.02241   0.02556   0.24908   0.01804   0.11478   0.01861   0.04016   0.03378   0.00827   0.01029   0.02275   0.01251   0.02808   0.01151   0.00540   0.04012   0.06333   0.02570   0.01333   0.02010   0.02834   0.02772   0.05392   0.05407   0.00081   0.00073   0.06321   0.34377   0.03113   0.02310   3.84652   0.34997  
 91  0.0011  20755.382132  x:  0.04880   0.03922   0.00695   0.00347   0.00109   0.01435   0.31562   0.10622   0.11341   0.01522   0.07945   0.04741   0.05332   0.01872   0.03246   0.00685   0.01376   0.03353   0.01666   0.00375   0.01094   0.00203   0.01557   0.02168   0.04942   0.02240   0.02558   0.24919   0.01811   0.11478   0.01861   0.04014   0.03383   0.00835   0.01033   0.02271   0.01248   0.02810   0.01151   0.00534   0.04003   0.06327   0.02570   0.01330   0.02010   0.02838   0.02759   0.05386   0.05407   0.00081   0.00070   0.06327   0.34410   0.03116   0.02318   3.84508   0.34999  
 92  0.0006  20755.376437  x:  0.04890   0.03884   0.00697   0.00349   0.00111   0.01434   0.31592   0.10631   0.11342   0.01519   0.07944   0.04742   0.05335   0.01865   0.03246   0.00688   0.01374   0.03346   0.01666   0.00374   0.01089   0.00204   0.01552   0.02170   0.04942   0.02241   0.02554   0.24930   0.01827   0.11475   0.01856   0.04014   0.03376   0.00829   0.01033   0.02270   0.01249   0.02816   0.01158   0.00525   0.04007   0.06345   0.02567   0.01329   0.02009   0.02838   0.02770   0.05387   0.05402   0.00082   0.00072   0.06332   0.34398   0.03115   0.02316   3.84744   0.35013  
 93  0.0009  20755.372567  x:  0.04893   0.03881   0.00699   0.00346   0.00112   0.01435   0.31610   0.10633   0.11328   0.01517   0.07946   0.04747   0.05345   0.01868   0.03247   0.00688   0.01372   0.03340   0.01667   0.00375   0.01088   0.00206   0.01553   0.02176   0.04953   0.02241   0.02553   0.24907   0.01848   0.11474   0.01859   0.04012   0.03375   0.00830   0.01034   0.02277   0.01250   0.02813   0.01149   0.00527   0.04010   0.06356   0.02571   0.01332   0.02010   0.02835   0.02769   0.05385   0.05406   0.00083   0.00069   0.06320   0.34414   0.03111   0.02316   3.84831   0.34985  
 94  0.0004  20755.366229  x:  0.04891   0.03855   0.00698   0.00343   0.00112   0.01435   0.31589   0.10629   0.11329   0.01515   0.07945   0.04743   0.05343   0.01873   0.03242   0.00683   0.01368   0.03341   0.01668   0.00378   0.01094   0.00206   0.01559   0.02169   0.04957   0.02241   0.02556   0.24911   0.01862   0.11478   0.01862   0.04005   0.03371   0.00834   0.01037   0.02273   0.01249   0.02810   0.01148   0.00537   0.04005   0.06356   0.02571   0.01332   0.02012   0.02837   0.02759   0.05381   0.05406   0.00082   0.00073   0.06321   0.34376   0.03104   0.02318   3.84948   0.34981  
 95  0.0003  20755.354547  x:  0.04896   0.03840   0.00699   0.00336   0.00114   0.01434   0.31560   0.10624   0.11344   0.01515   0.07941   0.04738   0.05332   0.01869   0.03243   0.00672   0.01354   0.03342   0.01667   0.00378   0.01087   0.00208   0.01554   0.02170   0.04946   0.02240   0.02559   0.24936   0.01851   0.11480   0.01857   0.04014   0.03366   0.00827   0.01032   0.02265   0.01250   0.02812   0.01154   0.00551   0.04010   0.06360   0.02563   0.01330   0.02011   0.02838   0.02772   0.05381   0.05399   0.00084   0.00069   0.06353   0.34357   0.03109   0.02314   3.84954   0.35011  
 96  0.0003  20755.334837  x:  0.04911   0.03806   0.00699   0.00328   0.00120   0.01434   0.31605   0.10606   0.11320   0.01531   0.07945   0.04750   0.05335   0.01870   0.03254   0.00670   0.01366   0.03347   0.01665   0.00372   0.01086   0.00211   0.01545   0.02184   0.04930   0.02243   0.02546   0.24901   0.01818   0.11469   0.01861   0.04027   0.03366   0.00838   0.01021   0.02278   0.01244   0.02813   0.01149   0.00555   0.04017   0.06355   0.02577   0.01330   0.02005   0.02836   0.02769   0.05392   0.05418   0.00085   0.00072   0.06328   0.34504   0.03126   0.02319   3.85022   0.34999  
 97  0.0004  20755.291918  x:  0.04894   0.03835   0.00702   0.00319   0.00133   0.01437   0.31618   0.10650   0.11298   0.01516   0.07942   0.04748   0.05335   0.01868   0.03247   0.00659   0.01368   0.03349   0.01668   0.00378   0.01093   0.00220   0.01550   0.02178   0.04938   0.02251   0.02547   0.24935   0.01784   0.11469   0.01871   0.03994   0.03377   0.00827   0.01021   0.02280   0.01255   0.02804   0.01157   0.00534   0.03992   0.06309   0.02582   0.01332   0.02011   0.02837   0.02752   0.05397   0.05411   0.00084   0.00072   0.06290   0.34312   0.03105   0.02315   3.86270   0.35074  
 98  0.0032  20755.269152  x:  0.04895   0.03844   0.00703   0.00318   0.00140   0.01432   0.31584   0.10628   0.11350   0.01517   0.07947   0.04742   0.05325   0.01881   0.03241   0.00644   0.01365   0.03333   0.01665   0.00385   0.01082   0.00214   0.01563   0.02167   0.04942   0.02237   0.02556   0.24917   0.01792   0.11483   0.01854   0.04001   0.03372   0.00832   0.01026   0.02270   0.01247   0.02816   0.01147   0.00524   0.04015   0.06303   0.02563   0.01327   0.02011   0.02835   0.02781   0.05390   0.05395   0.00083   0.00075   0.06300   0.34455   0.03115   0.02310   3.86783   0.35012  
 99  0.0026  20755.241075  x:  0.04908   0.03856   0.00703   0.00325   0.00149   0.01435   0.31625   0.10629   0.11368   0.01521   0.07948   0.04740   0.05360   0.01894   0.03253   0.00626   0.01378   0.03338   0.01666   0.00373   0.01088   0.00207   0.01563   0.02162   0.04955   0.02233   0.02561   0.24901   0.01802   0.11476   0.01854   0.04016   0.03375   0.00827   0.01038   0.02270   0.01248   0.02807   0.01154   0.00524   0.04009   0.06349   0.02567   0.01334   0.02007   0.02841   0.02751   0.05395   0.05427   0.00080   0.00075   0.06323   0.34401   0.03118   0.02304   3.85338   0.35021  
100  0.0034  20755.225734  x:  0.04886   0.03885   0.00698   0.00334   0.00155   0.01435   0.31578   0.10636   0.11320   0.01517   0.07943   0.04744   0.05335   0.01877   0.03246   0.00628   0.01376   0.03341   0.01668   0.00373   0.01092   0.00209   0.01557   0.02174   0.04949   0.02244   0.02555   0.24935   0.01817   0.11473   0.01864   0.04021   0.03361   0.00832   0.01040   0.02276   0.01251   0.02807   0.01153   0.00526   0.04005   0.06348   0.02568   0.01332   0.02010   0.02832   0.02773   0.05389   0.05395   0.00082   0.00077   0.06330   0.34402   0.03111   0.02314   3.84362   0.34994  
101  0.0048  20755.221034  x:  0.04889   0.03894   0.00700   0.00336   0.00160   0.01434   0.31586   0.10636   0.11332   0.01518   0.07945   0.04745   0.05338   0.01868   0.03246   0.00635   0.01371   0.03342   0.01666   0.00375   0.01089   0.00205   0.01554   0.02175   0.04950   0.02240   0.02552   0.24910   0.01825   0.11479   0.01857   0.04010   0.03369   0.00831   0.01033   0.02271   0.01249   0.02811   0.01153   0.00533   0.04010   0.06347   0.02571   0.01330   0.02011   0.02839   0.02766   0.05387   0.05406   0.00082   0.00078   0.06332   0.34396   0.03112   0.02313   3.84688   0.34998  
102  0.0016  20755.220787  x:  0.04889   0.03894   0.00700   0.00336   0.00161   0.01434   0.31590   0.10632   0.11336   0.01518   0.07945   0.04744   0.05339   0.01868   0.03246   0.00636   0.01372   0.03343   0.01667   0.00374   0.01090   0.00206   0.01555   0.02173   0.04949   0.02241   0.02554   0.24920   0.01824   0.11476   0.01860   0.04012   0.03374   0.00830   0.01033   0.02272   0.01249   0.02810   0.01152   0.00533   0.04008   0.06349   0.02570   0.01331   0.02010   0.02837   0.02767   0.05388   0.05405   0.00082   0.00078   0.06329   0.34400   0.03111   0.02312   3.84761   0.34997  
103  0.0006  20755.220781  x:  0.04889   0.03894   0.00700   0.00336   0.00161   0.01434   0.31589   0.10631   0.11335   0.01518   0.07945   0.04744   0.05339   0.01868   0.03246   0.00636   0.01372   0.03343   0.01667   0.00374   0.01090   0.00206   0.01555   0.02172   0.04949   0.02240   0.02555   0.24920   0.01824   0.11476   0.01859   0.04013   0.03374   0.00831   0.01033   0.02272   0.01249   0.02810   0.01152   0.00533   0.04008   0.06349   0.02569   0.01331   0.02010   0.02837   0.02767   0.05387   0.05405   0.00082   0.00078   0.06329   0.34400   0.03111   0.02312   3.84760   0.34999  
104  0.0000  20755.220780  x:  0.04889   0.03894   0.00700   0.00336   0.00161   0.01434   0.31588   0.10631   0.11335   0.01518   0.07945   0.04744   0.05339   0.01868   0.03246   0.00636   0.01372   0.03343   0.01667   0.00374   0.01090   0.00206   0.01555   0.02172   0.04948   0.02240   0.02555   0.24920   0.01824   0.11476   0.01859   0.04013   0.03374   0.00831   0.01033   0.02272   0.01249   0.02810   0.01152   0.00533   0.04008   0.06350   0.02569   0.01331   0.02010   0.02837   0.02767   0.05387   0.05405   0.00082   0.00078   0.06329   0.34400   0.03111   0.02311   3.84759   0.34999  
105  0.0000  20755.220780  x:  0.04889   0.03894   0.00700   0.00336   0.00161   0.01434   0.31588   0.10631   0.11335   0.01518   0.07945   0.04744   0.05339   0.01868   0.03246   0.00636   0.01372   0.03343   0.01667   0.00374   0.01090   0.00206   0.01555   0.02172   0.04948   0.02240   0.02555   0.24920   0.01824   0.11476   0.01859   0.04012   0.03374   0.00831   0.01033   0.02272   0.01249   0.02810   0.01152   0.00533   0.04008   0.06350   0.02569   0.01331   0.02010   0.02837   0.02767   0.05387   0.05405   0.00082   0.00078   0.06329   0.34400   0.03111   0.02312   3.84759   0.34999  
106  0.0000  20755.220780  x:  0.04889   0.03894   0.00700   0.00336   0.00161   0.01434   0.31588   0.10631   0.11335   0.01518   0.07945   0.04744   0.05339   0.01868   0.03246   0.00636   0.01372   0.03343   0.01667   0.00374   0.01090   0.00206   0.01555   0.02172   0.04948   0.02240   0.02555   0.24920   0.01824   0.11476   0.01859   0.04012   0.03374   0.00831   0.01033   0.02272   0.01249   0.02810   0.01152   0.00533   0.04008   0.06350   0.02569   0.01331   0.02010   0.02837   0.02767   0.05387   0.05405   0.00082   0.00078   0.06329   0.34400   0.03111   0.02312   3.84760   0.34999  
107  0.0000  20755.220780  x:  0.04889   0.03894   0.00700   0.00336   0.00161   0.01434   0.31589   0.10631   0.11335   0.01518   0.07945   0.04744   0.05339   0.01868   0.03246   0.00636   0.01372   0.03343   0.01667   0.00374   0.01090   0.00206   0.01555   0.02172   0.04948   0.02240   0.02555   0.24920   0.01824   0.11476   0.01859   0.04012   0.03374   0.00831   0.01033   0.02272   0.01249   0.02810   0.01152   0.00533   0.04008   0.06350   0.02569   0.01331   0.02010   0.02837   0.02767   0.05387   0.05405   0.00082   0.00078   0.06329   0.34400   0.03111   0.02312   3.84760   0.34999  