

TREE # 1

  0  0.0000  14478.941413  x:  0.07185   0.05510   0.09258   0.10454   0.07573   0.10543   0.08907   0.10472   0.04599   0.01133   0.02702   0.07303   0.10121   0.07935   0.07799   0.08378   0.07742   0.06439   0.10719   0.07779   0.09655   0.04800   0.03005   0.06591   0.06548   1.15183   1.08039  
  1 99.0000  12131.581026  x:  0.31224   0.21606   0.06505   0.05306   0.03422   0.08371   0.29426   0.22207   0.32258   0.91117   0.86624   0.15737   0.18291   0.03334   0.03684   0.36760   0.18823   0.05457   0.08586   0.14869   0.06481   0.05509   0.60100   0.61517   0.36854   1.18246   1.03022  
  2 12915.6144  12051.606110  x:  0.33075   0.21870   0.04561   0.00907   0.01175   0.06827   0.31770   0.23006   0.31629   0.89134   0.85511   0.13709   0.18957   0.00000   0.01356   0.40238   0.20377   0.05021   0.07293   0.15378   0.04117   0.05707   0.58605   0.63846   0.38877   1.21151   0.97502  
  3 970.2016  12043.718227  x:  0.33358   0.21911   0.04275   0.00291   0.00895   0.06599   0.32129   0.23128   0.31534   0.88835   0.85346   0.13399   0.19059   0.00158   0.01110   0.40770   0.20613   0.04958   0.07101   0.15454   0.03764   0.05740   0.58378   0.64207   0.39188   1.21597   0.96650  
  4 6280.0380  11954.924988  x:  0.36663   0.22375   0.01347   0.01380   0.00828   0.04234   0.36287   0.24549   0.30450   0.85392   0.83500   0.09757   0.20187   0.00428   0.01003   0.46944   0.23294   0.04376   0.05045   0.16300   0.00000   0.06219   0.55762   0.68509   0.42814   1.26854   0.86465  
  5 3406.7375  11908.703754  x:  0.38710   0.22656   0.00177   0.01554   0.01181   0.03048   0.38855   0.25424   0.29784   0.83265   0.82383   0.07491   0.20862   0.00475   0.01263   0.50759   0.24942   0.04096   0.03911   0.16831   0.00681   0.06696   0.54141   0.71211   0.45061   1.30138   0.80031  
  6 8849.6412  11788.225010  x:  0.44517   0.23455   0.01774   0.01779   0.02120   0.00500   0.46124   0.27900   0.27901   0.77237   0.79244   0.01062   0.22752   0.00540   0.02040   0.61569   0.29576   0.03426   0.00966   0.18294   0.01384   0.07999   0.49540   0.78916   0.51430   1.39482   0.61632  
  7 25393.5580  11756.084680  x:  0.45481   0.23581   0.01854   0.01806   0.02232   0.00895   0.47333   0.28310   0.27589   0.76230   0.78729   0.00000   0.23061   0.00548   0.02145   0.63369   0.30336   0.03412   0.00934   0.18527   0.01440   0.08198   0.48769   0.80214   0.52491   1.41049   0.58507  
  8 19428.1060  11613.235808  x:  0.53631   0.24500   0.02741   0.02051   0.02939   0.00352   0.57596   0.31768   0.24962   0.67568   0.74490   0.00000   0.25583   0.00603   0.03054   0.78707   0.36578   0.04808   0.07269   0.20295   0.01907   0.09672   0.42084   0.91549   0.61518   1.54615   0.30768  
  9 21007.7593  11605.444787  x:  0.53570   0.23524   0.02924   0.03089   0.01226   0.00354   0.57904   0.31956   0.25325   0.66458   0.75104   0.00000   0.24994   0.00843   0.02026   0.79619   0.35066   0.05210   0.07130   0.18468   0.02526   0.07709   0.40736   0.93964   0.61905   1.56027   0.30224  
 10 274.6597  11596.243518  x:  0.53332   0.21806   0.02939   0.03011   0.02294   0.00364   0.58279   0.32227   0.26025   0.64623   0.76303   0.00000   0.23917   0.00910   0.01095   0.81001   0.32296   0.05698   0.07032   0.15266   0.02687   0.04647   0.38448   0.98103   0.62437   1.58307   0.30091  
 11 819.3847  11590.628539  x:  0.53080   0.20377   0.02853   0.02535   0.02157   0.00363   0.58523   0.32423   0.26636   0.63077   0.77363   0.00000   0.23004   0.00720   0.02614   0.82092   0.29975   0.05882   0.06996   0.12717   0.02576   0.03390   0.36530   1.01584   0.62813   1.60172   0.30394  
 12 1082.5268  11581.574172  x:  0.52480   0.17912   0.02847   0.02491   0.02246   0.00359   0.58733   0.32653   0.27746   0.60301   0.79341   0.00000   0.21390   0.00720   0.02545   0.83793   0.26031   0.05789   0.07184   0.08874   0.02471   0.05755   0.33166   1.07725   0.63252   1.63363   0.31607  
 13 757.3154  11575.626941  x:  0.51017   0.16120   0.02936   0.02588   0.02190   0.00345   0.57591   0.32054   0.29005   0.56667   0.82021   0.00000   0.19794   0.00750   0.02464   0.84328   0.25002   0.04185   0.07808   0.13103   0.02522   0.05637   0.29801   1.14643   0.62256   1.66639   0.33733  
 14 177.2045  11571.767045  x:  0.49815   0.16050   0.02845   0.02455   0.02259   0.00350   0.56102   0.31185   0.29723   0.54538   0.83834   0.03470   0.19302   0.00714   0.02580   0.83496   0.24550   0.06556   0.07150   0.15083   0.02376   0.06014   0.28707   1.18525   0.60773   1.68319   0.33409  
 15 215.2040  11569.443175  x:  0.48969   0.17377   0.02775   0.02368   0.02288   0.00351   0.54502   0.30216   0.30190   0.52974   0.84937   0.05611   0.18998   0.00690   0.02618   0.81801   0.24289   0.04966   0.07130   0.14759   0.02296   0.06119   0.29270   1.21004   0.59105   1.69190   0.31645  
 16 131.0682  11567.342402  x:  0.48773   0.21016   0.02750   0.02358   0.02274   0.00334   0.52797   0.29076   0.30801   0.48625   0.85604   0.04641   0.18620   0.00688   0.02607   0.79666   0.26331   0.05403   0.07080   0.14028   0.02277   0.06159   0.31004   1.26748   0.57097   1.71567   0.32399  
 17 83.5044  11566.795012  x:  0.48442   0.19675   0.02766   0.02369   0.02272   0.00333   0.52663   0.28893   0.30203   0.47328   0.84857   0.04750   0.20507   0.00686   0.02606   0.78741   0.27044   0.05286   0.07120   0.13719   0.02291   0.06141   0.33117   1.28782   0.56959   1.72257   0.32706  
 18 30.2281  11566.587489  x:  0.48434   0.19041   0.02742   0.02329   0.02292   0.00332   0.52749   0.28782   0.29588   0.46950   0.84418   0.04230   0.20068   0.00675   0.02636   0.78020   0.26548   0.05488   0.06973   0.14202   0.02251   0.06232   0.33886   1.29984   0.57061   1.72402   0.32337  
 19 19.5461  11566.176604  x:  0.49602   0.19422   0.02760   0.02352   0.02276   0.00318   0.53967   0.29003   0.27534   0.46864   0.82517   0.05096   0.19578   0.00681   0.02614   0.76994   0.25702   0.05359   0.07012   0.14508   0.02277   0.06184   0.34984   1.31560   0.58068   1.72161   0.32694  
 20 23.0544  11564.984310  x:  0.49703   0.19509   0.02776   0.02343   0.02314   0.00293   0.55006   0.30274   0.24580   0.47540   0.79907   0.04935   0.20766   0.00670   0.02656   0.76281   0.27495   0.05360   0.06713   0.14076   0.02283   0.06299   0.31701   1.36140   0.58849   1.70612   0.32002  
 21 10.5581  11562.810167  x:  0.49613   0.20020   0.02852   0.02383   0.02361   0.00250   0.55917   0.34455   0.27180   0.45000   0.74214   0.05921   0.20508   0.00669   0.02694   0.82400   0.27564   0.05317   0.06314   0.14365   0.02353   0.06402   0.32771   1.38533   0.58572   1.70777   0.31289  
 22 15.9329  11560.210942  x:  0.52611   0.19461   0.02926   0.02446   0.02383   0.00228   0.56273   0.29253   0.24241   0.41389   0.74571   0.06003   0.20805   0.00671   0.02695   0.89628   0.27452   0.05303   0.05906   0.14256   0.02438   0.06398   0.33606   1.36781   0.58431   1.76796   0.31513  
 23 21.4202  11557.557172  x:  0.52318   0.18338   0.02970   0.02441   0.02407   0.00244   0.60256   0.29918   0.25557   0.38690   0.76182   0.07001   0.19128   0.00665   0.02711   0.86746   0.30275   0.05079   0.05627   0.13395   0.02455   0.06484   0.33539   1.32438   0.63526   1.86678   0.31632  
 24 20.8044  11555.436454  x:  0.52608   0.20235   0.02971   0.02400   0.02426   0.00292   0.60799   0.31352   0.26516   0.38947   0.75454   0.05601   0.22918   0.00641   0.02744   0.84810   0.26773   0.05343   0.05411   0.15129   0.02447   0.06567   0.32005   1.32231   0.64109   1.93908   0.31586  
 25 25.8610  11549.795815  x:  0.53429   0.19084   0.03016   0.02343   0.02439   0.00477   0.57725   0.34048   0.23706   0.46413   0.67109   0.06403   0.20245   0.00625   0.02778   0.86615   0.29134   0.05153   0.05480   0.14238   0.02468   0.06654   0.31761   1.35418   0.59031   2.04844   0.32306  
 26 24.0367  11538.240220  x:  0.51318   0.19318   0.03205   0.02310   0.02514   0.00947   0.62937   0.36434   0.16916   0.34337   0.70527   0.07722   0.19285   0.00633   0.02859   0.94542   0.29925   0.04992   0.05883   0.14054   0.02637   0.06844   0.34847   1.44447   0.60744   1.85259   0.30720  
 27 18.8877  11537.131830  x:  0.55107   0.18023   0.03214   0.02297   0.02526   0.00992   0.62656   0.32499   0.21270   0.33680   0.68609   0.08059   0.19472   0.00631   0.02877   0.93752   0.30414   0.04963   0.05917   0.13997   0.02641   0.06893   0.34138   1.46033   0.62682   1.81928   0.30346  
 28 25.3015  11537.038206  x:  0.53792   0.18444   0.03219   0.02298   0.02526   0.00995   0.62888   0.31182   0.21686   0.34014   0.67894   0.08067   0.19482   0.00631   0.02877   0.94062   0.30348   0.04971   0.05926   0.14015   0.02644   0.06893   0.34181   1.46340   0.63581   1.81825   0.30372  
 29  6.8505  11535.648063  x:  0.53713   0.18931   0.03283   0.02248   0.02496   0.01079   0.55113   0.32730   0.20860   0.34139   0.68169   0.08150   0.19444   0.00628   0.02857   0.94086   0.29967   0.04976   0.06064   0.14031   0.02697   0.06895   0.33867   1.45205   0.69353   1.83699   0.30588  
 30  0.4615  11522.451333  x:  0.51739   0.17844   0.04080   0.01827   0.02248   0.01915   0.59685   0.31247   0.28163   0.40779   0.71526   0.07375   0.20079   0.00621   0.02702   0.85877   0.26678   0.05182   0.07452   0.14077   0.03319   0.06923   0.27417   1.35707   0.60092   2.02966   0.32587  
 31  6.4449  11511.492475  x:  0.52157   0.19199   0.04932   0.00958   0.02288   0.03196   0.58420   0.32040   0.22936   0.32836   0.63034   0.08863   0.20065   0.00549   0.02844   0.85281   0.27676   0.05381   0.07107   0.14625   0.03875   0.07174   0.36228   1.34370   0.61346   1.91622   0.31371  
 32  0.0734  11507.165140  x:  0.50797   0.18986   0.05690   0.01881   0.02001   0.04034   0.56904   0.31354   0.22758   0.31966   0.63875   0.08726   0.19659   0.00989   0.02306   0.84536   0.27892   0.05300   0.06921   0.13931   0.04674   0.06589   0.32165   1.26787   0.58877   1.84793   0.32128  
 33  0.0737  11505.490294  x:  0.50043   0.18471   0.05862   0.01221   0.02235   0.04600   0.56223   0.30966   0.24232   0.33179   0.63007   0.08586   0.20033   0.00913   0.02430   0.81938   0.27407   0.05133   0.06712   0.14244   0.04591   0.06576   0.29664   1.21298   0.57595   1.86390   0.32999  
 34  0.0557  11504.849004  x:  0.49868   0.18608   0.05769   0.01093   0.02268   0.04880   0.56123   0.31220   0.24058   0.30747   0.60236   0.08947   0.20168   0.00940   0.02451   0.81182   0.26874   0.05190   0.06377   0.14538   0.04346   0.06548   0.31945   1.22236   0.57737   1.86773   0.33250  
 35  0.0252  11503.277748  x:  0.49978   0.18730   0.04913   0.01436   0.02180   0.05323   0.55313   0.30945   0.23927   0.31094   0.61081   0.09051   0.19408   0.01202   0.02376   0.80925   0.27182   0.05372   0.06121   0.14457   0.03074   0.06581   0.32710   1.17500   0.57650   1.83059   0.32907  
 36  0.0146  11502.671131  x:  0.49752   0.18681   0.04511   0.01319   0.02170   0.05496   0.55700   0.31037   0.24064   0.31037   0.60820   0.09036   0.19959   0.01230   0.02362   0.81019   0.27290   0.05210   0.06366   0.14288   0.02446   0.06768   0.30776   1.20146   0.57199   1.85127   0.33156  
 37  0.0332  11502.540092  x:  0.49948   0.18536   0.04659   0.01253   0.02160   0.05555   0.55970   0.31082   0.23922   0.31365   0.60809   0.08901   0.20161   0.01219   0.02317   0.81167   0.27359   0.05177   0.06777   0.14333   0.02610   0.06947   0.30693   1.20015   0.57401   1.86667   0.33303  
 38  0.0119  11502.486268  x:  0.49892   0.18579   0.04588   0.01275   0.02143   0.05725   0.55874   0.31151   0.23840   0.31046   0.60760   0.08918   0.19993   0.01275   0.02257   0.81383   0.27385   0.05194   0.06959   0.14360   0.02478   0.07058   0.31045   1.20022   0.57467   1.86159   0.33121  
 39  0.0049  11502.436573  x:  0.50125   0.18601   0.04658   0.01284   0.02157   0.05906   0.55975   0.31081   0.23956   0.31151   0.60625   0.09012   0.20031   0.01331   0.02241   0.81266   0.27430   0.05204   0.06930   0.14311   0.02623   0.06979   0.30639   1.20632   0.57338   1.85769   0.32942  
 40  0.0019  11502.356255  x:  0.50061   0.18608   0.04542   0.01227   0.02180   0.06139   0.56038   0.31116   0.24012   0.31556   0.61437   0.08924   0.20067   0.01403   0.02280   0.81598   0.27377   0.05232   0.06822   0.14294   0.02608   0.06859   0.30976   1.20612   0.57641   1.86571   0.33056  
 41  0.0052  11502.339635  x:  0.50155   0.18584   0.04498   0.01262   0.02159   0.06142   0.56113   0.31212   0.23839   0.31522   0.61367   0.08817   0.20019   0.01423   0.02259   0.81889   0.27417   0.05199   0.06762   0.14319   0.02620   0.06892   0.31052   1.21544   0.57760   1.86758   0.33054  
 42  0.0078  11502.334613  x:  0.50191   0.18581   0.04474   0.01237   0.02153   0.06150   0.56128   0.31165   0.23877   0.31585   0.61479   0.08738   0.20024   0.01420   0.02242   0.81843   0.27438   0.05180   0.06728   0.14352   0.02620   0.06962   0.31008   1.21469   0.57724   1.86534   0.33027  
 43  0.0017  11502.330947  x:  0.50128   0.18610   0.04452   0.01252   0.02149   0.06155   0.56099   0.31189   0.23939   0.31593   0.61413   0.08779   0.20079   0.01429   0.02215   0.81769   0.27404   0.05200   0.06705   0.14333   0.02638   0.06993   0.31034   1.21217   0.57736   1.86647   0.33067  
 44  0.0011  11502.321113  x:  0.50172   0.18557   0.04346   0.01236   0.02168   0.06171   0.56037   0.31137   0.23847   0.31415   0.61337   0.08925   0.19975   0.01441   0.02226   0.81834   0.27431   0.05213   0.06728   0.14253   0.02668   0.06987   0.31005   1.21285   0.57648   1.86525   0.33090  
 45  0.0007  11502.316349  x:  0.50119   0.18598   0.04303   0.01241   0.02159   0.06156   0.56059   0.31179   0.23874   0.31505   0.61308   0.08823   0.20028   0.01443   0.02242   0.81733   0.27370   0.05192   0.06765   0.14332   0.02706   0.06943   0.30999   1.21191   0.57681   1.86543   0.33055  
 46  0.0015  11502.316070  x:  0.50141   0.18582   0.04304   0.01241   0.02156   0.06158   0.56061   0.31163   0.23889   0.31471   0.61314   0.08800   0.20040   0.01443   0.02237   0.81754   0.27394   0.05193   0.06765   0.14332   0.02710   0.06931   0.31002   1.21130   0.57673   1.86551   0.33068  
 47  0.0008  11502.316048  x:  0.50135   0.18584   0.04302   0.01240   0.02156   0.06159   0.56055   0.31170   0.23883   0.31479   0.61302   0.08803   0.20039   0.01442   0.02235   0.81753   0.27397   0.05193   0.06764   0.14332   0.02710   0.06928   0.31002   1.21136   0.57671   1.86547   0.33067  
 48  0.0002  11502.316035  x:  0.50136   0.18587   0.04302   0.01240   0.02157   0.06159   0.56060   0.31165   0.23885   0.31473   0.61312   0.08806   0.20039   0.01442   0.02233   0.81753   0.27393   0.05193   0.06765   0.14335   0.02710   0.06926   0.31004   1.21144   0.57673   1.86550   0.33065  
 49  0.0001  11502.315969  x:  0.50151   0.18580   0.04300   0.01241   0.02158   0.06161   0.56064   0.31169   0.23885   0.31488   0.61308   0.08806   0.20037   0.01437   0.02235   0.81760   0.27395   0.05196   0.06764   0.14338   0.02711   0.06927   0.31002   1.21141   0.57675   1.86557   0.33065  
 50  0.0000  11502.315921  x:  0.50136   0.18583   0.04298   0.01242   0.02158   0.06168   0.56056   0.31170   0.23886   0.31482   0.61310   0.08804   0.20037   0.01433   0.02237   0.81757   0.27396   0.05193   0.06764   0.14334   0.02711   0.06928   0.31002   1.21143   0.57673   1.86553   0.33067  
 51  0.0001  11502.315918  x:  0.50138   0.18584   0.04298   0.01242   0.02157   0.06169   0.56057   0.31167   0.23885   0.31480   0.61308   0.08804   0.20039   0.01433   0.02237   0.81753   0.27395   0.05193   0.06764   0.14333   0.02711   0.06928   0.31003   1.21142   0.57672   1.86550   0.33067  
 52  0.0001  11502.315918  x:  0.50138   0.18585   0.04298   0.01242   0.02157   0.06169   0.56057   0.31168   0.23885   0.31479   0.61308   0.08804   0.20038   0.01433   0.02237   0.81753   0.27395   0.05193   0.06764   0.14333   0.02711   0.06928   0.31003   1.21141   0.57672   1.86550   0.33067  
 53  0.0000  11502.315918  x:  0.50138   0.18585   0.04298   0.01242   0.02157   0.06169   0.56057   0.31167   0.23885   0.31479   0.61308   0.08804   0.20038   0.01433   0.02237   0.81753   0.27395   0.05193   0.06764   0.14333   0.02711   0.06928   0.31003   1.21142   0.57672   1.86550   0.33067  
 54  0.0000  11502.315918  x:  0.50138   0.18585   0.04298   0.01242   0.02157   0.06169   0.56057   0.31168   0.23885   0.31479   0.61308   0.08804   0.20038   0.01433   0.02237   0.81753   0.27395   0.05193   0.06764   0.14333   0.02711   0.06928   0.31003   1.21142   0.57672   1.86550   0.33067  