

TREE # 1

  0  0.0000  37551.991329  x:  0.01945   0.10557   0.10945   0.01563   0.01073   0.03203   0.02324   0.05285   0.06445   0.07080   0.09869   0.08748   0.01713   0.03834   0.09211   0.03484   0.05131   0.95999   1.06606  
  1 99.0000  31311.718001  x:  0.32446   0.22996   0.29525   0.60858   0.96763   0.65442   0.31982   0.38016   0.08824   0.08595   0.28231   0.21839   0.08425   0.07658   0.30283   0.05201   0.04734   0.99792   1.02878  
  2 45987.1008  30529.812879  x:  0.32748   0.33051   0.42131   0.57328   0.89178   0.62329   0.30998   0.46764   0.11019   0.08497   0.43672   0.32678   0.00000   0.04727   0.48546   0.04188   0.02810   1.15927   0.83049  
  3 2804.6824  29626.514563  x:  0.33045   0.53283   0.67801   0.49504   0.72626   0.55441   0.28551   0.64389   0.15212   0.08171   0.74905   0.54529   0.07226   0.02311   0.85468   0.02770   0.00000   1.49398   0.41089  
  4 33931.9538  29383.297646  x:  0.33121   0.61050   0.77864   0.46463   0.66133   0.52839   0.27547   0.71291   0.16687   0.07957   0.87060   0.62949   0.09576   0.01979   0.99873   0.03907   0.05219   1.62632   0.23986  
  5 71758.7229  29349.922420  x:  0.32771   0.60323   0.79070   0.46360   0.65202   0.53424   0.27262   0.72040   0.15398   0.07201   0.87822   0.62919   0.08962   0.06821   1.00961   0.04625   0.04723   1.64666   0.21118  
  6 1629.5059  29301.142579  x:  0.30921   0.53092   0.83769   0.46990   0.61517   0.58103   0.26293   0.74884   0.08663   0.05036   0.89037   0.60091   0.09018   0.06671   1.03403   0.07335   0.04169   1.72789   0.22877  
  7 665.4332  29222.339114  x:  0.26674   0.33748   0.93385   0.49007   0.53716   0.69975   0.23784   0.80350   0.04913   0.13152   0.89325   0.51135   0.08939   0.06401   1.06459   0.07863   0.03918   1.90800   0.22333  
  8 1675.7993  29196.181676  x:  0.26980   0.26828   0.97692   0.49781   0.49952   0.75047   0.22655   0.82428   0.09608   0.09596   0.88555   0.47193   0.08888   0.07160   1.07151   0.05338   0.04629   1.98943   0.23828  
  9 851.5513  29189.495879  x:  0.28498   0.25833   0.98612   0.50125   0.48883   0.76875   0.22178   0.82423   0.09965   0.08196   0.86967   0.45431   0.08880   0.06173   1.06077   0.04994   0.04544   2.01372   0.22023  
 10 464.2166  29171.258410  x:  0.38621   0.29160   1.03327   0.50684   0.43068   0.82925   0.20523   0.82210   0.11396   0.08612   0.80435   0.40506   0.08672   0.06210   1.02043   0.07341   0.03879   2.12433   0.22782  
 11 433.4762  29167.316849  x:  0.40798   0.30172   1.04362   0.50737   0.42010   0.83906   0.20493   0.82094   0.10354   0.08903   0.78952   0.39801   0.08627   0.06502   1.01039   0.05226   0.04417   2.15104   0.23230  
 12 388.0177  29164.558594  x:  0.40765   0.29384   1.05159   0.49970   0.44205   0.80972   0.24789   0.80884   0.10407   0.08890   0.75982   0.42479   0.08526   0.06463   0.97323   0.05308   0.04365   2.22125   0.23437  
 13 60.0388  29164.036871  x:  0.39603   0.30267   1.04616   0.49338   0.46245   0.80159   0.23304   0.80747   0.10475   0.08825   0.75840   0.41816   0.08487   0.06456   0.96296   0.05297   0.04343   2.24730   0.23666  
 14 30.3288  29163.978859  x:  0.40062   0.29993   1.03587   0.49538   0.46275   0.79989   0.22964   0.80886   0.10454   0.08841   0.76204   0.42060   0.08479   0.06460   0.96189   0.05295   0.04342   2.25256   0.23701  
 15  7.0386  29163.938687  x:  0.39947   0.30213   1.02774   0.49937   0.46043   0.79959   0.23343   0.80949   0.10472   0.08825   0.76541   0.41693   0.08476   0.06457   0.96160   0.05294   0.04339   2.25635   0.23708  
 16  5.9964  29163.838284  x:  0.39302   0.30545   1.01866   0.50408   0.45719   0.80705   0.23300   0.80261   0.10527   0.08777   0.75989   0.42245   0.08474   0.06440   0.96671   0.05286   0.04337   2.26000   0.23732  
 17  2.5998  29156.590015  x:  0.43823   0.28268   0.97733   0.44915   0.48046   0.81569   0.25966   0.71505   0.10521   0.07939   0.73831   0.37004   0.08055   0.06526   0.99406   0.05465   0.04040   2.21867   0.24440  
 18  1.0166  29138.244649  x:  0.43207   0.27979   0.93615   0.48075   0.43926   0.83061   0.23799   0.74642   0.11254   0.05491   0.66224   0.36951   0.06882   0.06493   0.83175   0.05780   0.03353   2.07689   0.25514  
 19 42.7019  29138.113771  x:  0.43348   0.27814   0.94084   0.49557   0.43891   0.82027   0.23336   0.73966   0.11232   0.05489   0.66031   0.36701   0.06873   0.06502   0.83465   0.05790   0.03345   2.07631   0.25539  
 20 10.1751  29136.963373  x:  0.42985   0.27912   0.94826   0.50054   0.43445   0.82989   0.23016   0.70558   0.11219   0.05692   0.69362   0.37595   0.06804   0.06541   0.80690   0.05744   0.03344   2.06508   0.25562  
 21  0.7220  29117.879953  x:  0.39306   0.28928   0.87088   0.49010   0.42510   0.75295   0.22902   0.72117   0.09921   0.09805   0.64326   0.38765   0.05585   0.07198   0.78350   0.05458   0.03020   1.86358   0.26085  
 22  8.7489  29073.381890  x:  0.29755   0.31103   0.89856   0.36669   0.34165   0.64654   0.23951   0.65883   0.09597   0.11423   0.71796   0.40498   0.03805   0.08366   0.87031   0.04996   0.03533   2.07823   0.26873  
 23  0.0873  29064.521656  x:  0.33210   0.30432   0.92040   0.35509   0.27695   0.64940   0.21313   0.66593   0.10123   0.09820   0.68568   0.39691   0.03116   0.08184   0.82677   0.05395   0.03391   2.05139   0.27336  
 24  0.1120  29062.153226  x:  0.33453   0.30760   0.91399   0.35189   0.30391   0.62579   0.20536   0.66667   0.10555   0.08183   0.66905   0.39657   0.03292   0.07757   0.80907   0.05453   0.03459   2.03926   0.27443  
 25  0.0590  29061.224050  x:  0.32429   0.31170   0.90037   0.36307   0.29128   0.64198   0.21439   0.66399   0.10574   0.07564   0.67110   0.39626   0.03670   0.07454   0.81615   0.05335   0.03716   2.04123   0.27391  
 26  0.0281  29059.902481  x:  0.31795   0.31034   0.90181   0.33935   0.29146   0.63000   0.21641   0.65781   0.10094   0.08309   0.67101   0.38762   0.04148   0.07268   0.81610   0.05195   0.04232   2.04958   0.27605  
 27  0.0146  29059.561626  x:  0.32137   0.30865   0.89729   0.35415   0.28886   0.62153   0.21083   0.65536   0.10202   0.08361   0.66591   0.39104   0.04325   0.07259   0.80437   0.05231   0.04353   2.04151   0.27636  
 28  0.0263  29059.480092  x:  0.32302   0.30845   0.89569   0.34970   0.28947   0.62734   0.20995   0.65402   0.10334   0.08265   0.66260   0.39212   0.04393   0.07292   0.80035   0.05241   0.04382   2.03247   0.27611  
 29  0.0187  29059.465802  x:  0.32304   0.30857   0.89506   0.34900   0.28935   0.62588   0.21162   0.65565   0.10379   0.08228   0.66322   0.39095   0.04417   0.07352   0.80103   0.05223   0.04392   2.02970   0.27560  
 30  0.0041  29059.460885  x:  0.32205   0.30859   0.89537   0.34951   0.28930   0.62632   0.21103   0.65467   0.10369   0.08238   0.66299   0.39106   0.04425   0.07391   0.80140   0.05220   0.04380   2.03188   0.27538  
 31  0.0020  29059.456540  x:  0.32339   0.30799   0.89523   0.34905   0.28912   0.62591   0.21119   0.65474   0.10336   0.08231   0.66310   0.39145   0.04435   0.07394   0.80105   0.05247   0.04338   2.03240   0.27526  
 32  0.0006  29059.451620  x:  0.32207   0.30865   0.89561   0.34905   0.28895   0.62577   0.21089   0.65506   0.10334   0.08236   0.66283   0.39120   0.04462   0.07368   0.80055   0.05254   0.04294   2.03060   0.27544  
 33  0.0011  29059.450497  x:  0.32237   0.30866   0.89505   0.34907   0.28901   0.62578   0.21110   0.65454   0.10352   0.08241   0.66299   0.39110   0.04478   0.07357   0.80114   0.05244   0.04291   2.03139   0.27554  
 34  0.0012  29059.450421  x:  0.32233   0.30856   0.89523   0.34901   0.28898   0.62578   0.21108   0.65472   0.10358   0.08238   0.66299   0.39118   0.04480   0.07356   0.80106   0.05244   0.04292   2.03171   0.27556  
 35  0.0005  29059.450419  x:  0.32233   0.30854   0.89523   0.34901   0.28897   0.62577   0.21108   0.65468   0.10358   0.08237   0.66300   0.39117   0.04480   0.07356   0.80105   0.05244   0.04292   2.03169   0.27557  
 36  0.0001  29059.450419  x:  0.32233   0.30854   0.89523   0.34901   0.28897   0.62577   0.21108   0.65469   0.10358   0.08237   0.66299   0.39116   0.04480   0.07357   0.80104   0.05244   0.04292   2.03168   0.27557  
 37  0.0000  29059.450419  x:  0.32233   0.30854   0.89523   0.34901   0.28897   0.62577   0.21107   0.65469   0.10358   0.08237   0.66299   0.39117   0.04480   0.07357   0.80105   0.05244   0.04292   2.03168   0.27557  
 38  0.0000  29059.450419  x:  0.32233   0.30854   0.89523   0.34901   0.28897   0.62577   0.21107   0.65469   0.10358   0.08237   0.66299   0.39117   0.04480   0.07357   0.80105   0.05244   0.04292   2.03168   0.27557  