Codon	Partition	alpha	beta_plus	p_plus	LRT	pValue	Species
301	1	0.000	10000.000...	1.000	4.471	0.0496	Archocentrus_centrarchus
461	1	0.000	9210.083	1.000	3.461	0.0838	Archocentrus_centrarchus
467	1	0.000	10000.000...	1.000	3.939	0.0653	Archocentrus_centrarchus
225	1	0.000	10000.000...	1.000	3.957	0.0647	Astatotilapia_calliptera
400	1	0.000	10000.000...	1.000	3.477	0.0831	Austrofundulus_limnaeus
622	1	0.000	10000.000...	1.000	3.392	0.0869	Austrofundulus_limnaeus
181	1	33.907	10000.000...	1.000	4.812	0.0416	Gouania_willdenowi
252	1	0.000	10000.000...	1.000	3.297	0.0914	Gouania_willdenowi
387	1	0.000	10000.000...	1.000	3.964	0.0645	Gouania_willdenowi
400	1	0.000	10000.000...	1.000	3.493	0.0824	Gouania_willdenowi
665	1	0.000	10000.000...	1.000	4.169	0.0580	Gouania_willdenowi
325	1	0.000	10000.000...	1.000	4.102	0.0600	Melanotaenia_boesemani
400	1	0.000	10000.000...	1.000	3.178	0.0972	Melanotaenia_boesemani
665	1	0.000	10000.000...	1.000	5.048	0.0368	Melanotaenia_boesemani
712	1	0.000	10000.000...	1.000	5.151	0.0349	Melanotaenia_boesemani
872	1	0.000	10000.000...	1.000	4.623	0.0458	Melanotaenia_boesemani
121	1	0.000	10000.000...	1.000	3.875	0.0675	Mugil_cephalus
301	1	0.000	10000.000...	1.000	4.119	0.0595	Mugil_cephalus
387	1	0.000	10000.000...	1.000	4.729	0.0434	Mugil_cephalus
722	1	1854.004	10000.000...	1.000	3.938	0.0654	Mugil_cephalus
737	1	0.000	8722.800	1.000	3.426	0.0854	Mugil_cephalus
849	1	0.000	10000.000...	1.000	3.932	0.0655	Mugil_cephalus
378	1	0.000	10000.000...	1.000	6.503	0.0174	Nematolebias_whitei
665	1	0.000	10000.000...	1.000	4.671	0.0447	Nematolebias_whitei
737	1	0.000	10000.000...	1.000	6.207	0.0203	Nematolebias_whitei
821	1	0.000	10000.000...	1.000	4.068	0.0611	Nematolebias_whitei
837	1	0.000	10000.000...	1.000	3.158	0.0983	Nematolebias_whitei
877	1	0.000	10000.000...	1.000	6.719	0.0156	Nematolebias_whitei
672	1	0.000	10000.000...	1.000	3.750	0.0721	Neolamprologus_brichardi
378	1	0.000	10000.000...	1.000	4.011	0.0629	Oryzias_latipes
431	1	0.000	10000.000...	1.000	3.551	0.0799	Oryzias_latipes
432	1	0.000	10000.000...	1.000	4.456	0.0499	Oryzias_latipes
464	1	0.000	10000.000...	1.000	4.772	0.0424	Oryzias_latipes
465	1	0.000	10000.000...	1.000	3.249	0.0937	Oryzias_latipes
665	1	0.000	10000.000...	1.000	4.433	0.0505	Oryzias_latipes
693	1	0.000	10000.000...	1.000	3.871	0.0677	Oryzias_latipes
737	1	0.000	10000.000...	1.000	3.508	0.0818	Oryzias_latipes
859	1	0.000	10000.000...	1.000	4.267	0.0551	Oryzias_latipes
796	1	0.000	10000.000...	1.000	3.708	0.0737	Poecilia_reticulata
859	1	0.000	10000.000...	1.000	4.405	0.0513	Poecilia_reticulata
951	1	0.000	10000.000...	1.000	3.484	0.0828	Poecilia_reticulata
122	1	0.000	10000.000...	1.000	3.796	0.0704	Salarias_fasciatus
146	1	0.000	10000.000...	1.000	4.350	0.0528	Salarias_fasciatus
225	1	0.000	10000.000...	1.000	3.373	0.0878	Salarias_fasciatus
378	1	0.000	10000.000...	1.000	4.085	0.0605	Salarias_fasciatus
672	1	0.000	10000.000...	1.000	3.198	0.0962	Salarias_fasciatus
712	1	0.000	10000.000...	1.000	3.777	0.0711	Salarias_fasciatus
737	1	0.000	10000.000...	1.000	4.316	0.0537	Stegastes_partitus
849	1	0.000	10000.000...	1.000	4.236	0.0560	Stegastes_partitus
