Codon	Partition	alpha	beta_plus	p_plus	LRT	pValue	Species
29	1	0.765	33.613	1.000	4.228	0.0562	Bufo_bufo
120	1	1.937	181.513	1.000	5.389	0.0309	Bufo_bufo
300	1	0.000	10000.000...	1.000	10.674	0.0021	Bufo_bufo
508	1	0.058	31.758	1.000	5.709	0.0262	Bufo_bufo
625	1	1.084	86.279	1.000	7.330	0.0114	Bufo_bufo
659	1	0.000	29.678	1.000	7.064	0.0131	Bufo_bufo
24	1	0.000	34.511	1.000	5.831	0.0246	Bufo_gargarizans
82	1	0.585	45.623	1.000	3.767	0.0714	Bufo_gargarizans
94	1	0.424	49.987	1.000	6.343	0.0189	Bufo_gargarizans
120	1	0.896	301.264	1.000	7.787	0.0091	Bufo_gargarizans
195	1	0.000	46.415	1.000	4.508	0.0486	Bufo_gargarizans
300	1	0.452	10000.000...	1.000	6.460	0.0178	Bufo_gargarizans
372	1	1.342	41.481	1.000	4.087	0.0605	Bufo_gargarizans
625	1	0.942	131.080	1.000	6.420	0.0182	Bufo_gargarizans
3	1	1.342	10000.000...	1.000	7.152	0.0125	Geotrypetes_seraphini
4	1	0.651	10000.000...	1.000	6.954	0.0138	Geotrypetes_seraphini
10	1	9.923	10000.000...	1.000	7.984	0.0082	Geotrypetes_seraphini
45	1	2.280	10000.000...	1.000	6.601	0.0166	Geotrypetes_seraphini
68	1	2.637	10000.000...	1.000	3.527	0.0810	Geotrypetes_seraphini
81	1	3.810	10000.000...	1.000	5.263	0.0329	Geotrypetes_seraphini
86	1	1.554	10000.000...	1.000	5.372	0.0311	Geotrypetes_seraphini
93	1	0.453	10000.000...	1.000	3.283	0.0920	Geotrypetes_seraphini
112	1	2.748	10000.000...	1.000	7.710	0.0094	Geotrypetes_seraphini
125	1	0.000	10000.000...	1.000	7.411	0.0110	Geotrypetes_seraphini
265	1	0.395	10000.000...	1.000	3.670	0.0751	Geotrypetes_seraphini
269	1	1.016	10000.000...	1.000	7.300	0.0116	Geotrypetes_seraphini
271	1	1.184	10000.000...	1.000	3.893	0.0669	Geotrypetes_seraphini
294	1	0.576	10000.000...	1.000	3.407	0.0862	Geotrypetes_seraphini
348	1	0.000	10000.000...	1.000	3.699	0.0740	Geotrypetes_seraphini
357	1	0.614	10000.000...	1.000	3.982	0.0639	Geotrypetes_seraphini
383	1	0.000	10000.000...	1.000	8.353	0.0068	Geotrypetes_seraphini
425	1	0.651	10000.000...	1.000	6.958	0.0138	Geotrypetes_seraphini
436	1	0.357	10000.000...	1.000	7.325	0.0115	Geotrypetes_seraphini
437	1	3.115	10000.000...	1.000	4.560	0.0473	Geotrypetes_seraphini
439	1	0.719	10000.000...	1.000	6.024	0.0223	Geotrypetes_seraphini
450	1	1.140	10000.000...	1.000	4.902	0.0397	Geotrypetes_seraphini
493	1	0.000	10000.000...	1.000	3.445	0.0845	Geotrypetes_seraphini
500	1	1.064	10000.000...	1.000	3.798	0.0703	Geotrypetes_seraphini
522	1	0.000	10000.000...	1.000	4.139	0.0589	Geotrypetes_seraphini
542	1	1.031	10000.000...	1.000	7.438	0.0108	Geotrypetes_seraphini
576	1	0.000	10000.000...	1.000	5.503	0.0291	Geotrypetes_seraphini
657	1	0.548	10000.000...	1.000	5.334	0.0317	Geotrypetes_seraphini
669	1	1.710	10000.000...	1.000	3.481	0.0830	Geotrypetes_seraphini
680	1	1.019	10000.000...	1.000	6.282	0.0195	Geotrypetes_seraphini
8	1	0.384	10000.000...	1.000	9.354	0.0041	Microcaecilia_unicolor
9	1	2.279	10000.000...	1.000	4.071	0.0610	Microcaecilia_unicolor
13	1	2.790	10000.000...	1.000	4.379	0.0520	Microcaecilia_unicolor
63	1	0.401	10000.000...	1.000	10.037	0.0029	Microcaecilia_unicolor
146	1	1.192	10000.000...	1.000	6.048	0.0220	Microcaecilia_unicolor
159	1	1.409	10000.000...	1.000	5.918	0.0235	Microcaecilia_unicolor
193	1	0.057	10000.000...	1.000	3.905	0.0665	Microcaecilia_unicolor
318	1	0.628	10000.000...	1.000	7.384	0.0111	Microcaecilia_unicolor
322	1	0.742	10000.000...	1.000	17.827	0.0001	Microcaecilia_unicolor
376	1	0.000	10000.000...	1.000	7.939	0.0084	Microcaecilia_unicolor
405	1	0.000	10000.000...	1.000	11.873	0.0011	Microcaecilia_unicolor
19	1	0.000	5.125	1.000	4.404	0.0513	Nanorana_parkeri
59	1	1.029	18.994	1.000	4.475	0.0495	Nanorana_parkeri
98	1	0.224	1790.815	1.000	4.404	0.0513	Nanorana_parkeri
100	1	0.386	983.468	1.000	5.100	0.0358	Nanorana_parkeri
102	1	0.000	5.421	1.000	4.391	0.0516	Nanorana_parkeri
122	1	0.699	17.273	1.000	3.501	0.0821	Nanorana_parkeri
151	1	0.000	5.958	1.000	3.249	0.0937	Nanorana_parkeri
231	1	1.436	20.646	1.000	4.095	0.0602	Nanorana_parkeri
391	1	0.305	21.970	1.000	8.122	0.0076	Nanorana_parkeri
402	1	0.000	6.854	1.000	5.744	0.0257	Nanorana_parkeri
466	1	0.000	5.989	1.000	3.803	0.0701	Nanorana_parkeri
518	1	0.000	6.809	1.000	4.696	0.0441	Nanorana_parkeri
598	1	0.000	8.478	1.000	4.033	0.0622	Nanorana_parkeri
147	1	0.710	10000.000...	1.000	4.816	0.0415	Rana_temporaria
156	1	0.665	10000.000...	1.000	4.180	0.0576	Rana_temporaria
389	1	0.603	10000.000...	1.000	4.667	0.0448	Rana_temporaria
411	1	0.362	10000.000...	1.000	18.769	0.0000	Rana_temporaria
440	1	0.000	10000.000...	1.000	4.187	0.0574	Rana_temporaria
463	1	1.729	10000.000...	1.000	5.990	0.0227	Rana_temporaria
472	1	1.841	10000.000...	1.000	5.445	0.0300	Rana_temporaria
483	1	1.328	10000.000...	1.000	17.068	0.0001	Rana_temporaria
508	1	0.000	10000.000...	1.000	6.071	0.0217	Rana_temporaria
542	1	0.972	10000.000...	1.000	5.981	0.0228	Rana_temporaria
544	1	0.395	10000.000...	1.000	4.821	0.0413	Rana_temporaria
552	1	1.079	10000.000...	1.000	3.565	0.0794	Rana_temporaria
577	1	0.000	10000.000...	1.000	6.819	0.0148	Rana_temporaria
626	1	0.000	10000.000...	1.000	5.811	0.0248	Rana_temporaria
30	1	1.918	10000.000...	1.000	4.196	0.0572	Rhinatrema_bivittatum
104	1	0.000	10000.000...	1.000	8.624	0.0059	Rhinatrema_bivittatum
159	1	1.425	10000.000...	1.000	4.164	0.0581	Rhinatrema_bivittatum
178	1	1.133	10000.000...	1.000	4.004	0.0631	Rhinatrema_bivittatum
194	1	0.000	10000.000...	1.000	9.346	0.0041	Rhinatrema_bivittatum
198	1	1.454	10000.000...	1.000	4.956	0.0386	Rhinatrema_bivittatum
213	1	1.819	10000.000...	1.000	4.014	0.0628	Rhinatrema_bivittatum
283	1	0.000	10000.000...	1.000	3.687	0.0745	Rhinatrema_bivittatum
307	1	0.972	10000.000...	1.000	4.348	0.0528	Rhinatrema_bivittatum
314	1	0.000	10000.000...	1.000	6.364	0.0187	Rhinatrema_bivittatum
345	1	0.489	10000.000...	1.000	5.527	0.0287	Rhinatrema_bivittatum
384	1	0.000	10000.000...	1.000	5.970	0.0229	Rhinatrema_bivittatum
399	1	1.513	10000.000...	1.000	4.359	0.0525	Rhinatrema_bivittatum
414	1	3.447	10000.000...	1.000	4.165	0.0581	Rhinatrema_bivittatum
434	1	0.907	10000.000...	1.000	8.222	0.0073	Rhinatrema_bivittatum
442	1	1.914	10000.000...	1.000	3.689	0.0744	Rhinatrema_bivittatum
449	1	0.985	10000.000...	1.000	17.633	0.0001	Rhinatrema_bivittatum
481	1	0.000	10000.000...	1.000	7.862	0.0087	Rhinatrema_bivittatum
559	1	0.626	10000.000...	1.000	4.348	0.0528	Rhinatrema_bivittatum
606	1	1.340	10000.000...	1.000	5.873	0.0241	Rhinatrema_bivittatum
607	1	2.206	10000.000...	1.000	5.865	0.0242	Rhinatrema_bivittatum
621	1	3.804	10000.000...	1.000	3.239	0.0942	Rhinatrema_bivittatum
624	1	4.068	10000.000...	1.000	5.233	0.0334	Rhinatrema_bivittatum
650	1	1.135	10000.000...	1.000	9.572	0.0037	Rhinatrema_bivittatum
651	1	3.775	10000.000...	1.000	4.910	0.0395	Rhinatrema_bivittatum
18	1	0.617	10000.000...	1.000	7.210	0.0121	Xenopus_tropicalis
24	1	0.000	10000.000...	1.000	5.392	0.0308	Xenopus_tropicalis
31	1	2.042	10000.000...	1.000	6.603	0.0166	Xenopus_tropicalis
57	1	1.610	10000.000...	1.000	6.481	0.0176	Xenopus_tropicalis
66	1	1.532	10000.000...	1.000	4.933	0.0390	Xenopus_tropicalis
73	1	0.000	10000.000...	1.000	8.670	0.0058	Xenopus_tropicalis
76	1	0.790	10000.000...	1.000	5.787	0.0252	Xenopus_tropicalis
83	1	3.095	10000.000...	1.000	3.251	0.0936	Xenopus_tropicalis
111	1	0.422	10000.000...	1.000	7.875	0.0087	Xenopus_tropicalis
119	1	0.741	10000.000...	1.000	6.532	0.0172	Xenopus_tropicalis
128	1	1.426	10000.000...	1.000	6.561	0.0169	Xenopus_tropicalis
131	1	1.162	10000.000...	1.000	6.753	0.0153	Xenopus_tropicalis
147	1	2.403	10000.000...	1.000	3.766	0.0715	Xenopus_tropicalis
152	1	0.701	10000.000...	1.000	4.520	0.0483	Xenopus_tropicalis
153	1	0.325	10000.000...	1.000	7.100	0.0128	Xenopus_tropicalis
160	1	0.421	10000.000...	1.000	8.294	0.0070	Xenopus_tropicalis
162	1	0.728	10000.000...	1.000	9.003	0.0049	Xenopus_tropicalis
169	1	0.000	10000.000...	1.000	6.700	0.0158	Xenopus_tropicalis
208	1	0.699	10000.000...	1.000	7.242	0.0119	Xenopus_tropicalis
268	1	2.778	10000.000...	1.000	4.969	0.0383	Xenopus_tropicalis
279	1	0.323	10000.000...	1.000	7.626	0.0098	Xenopus_tropicalis
280	1	1.607	10000.000...	1.000	3.485	0.0828	Xenopus_tropicalis
290	1	2.364	10000.000...	1.000	3.832	0.0690	Xenopus_tropicalis
299	1	1.026	10000.000...	1.000	4.316	0.0537	Xenopus_tropicalis
314	1	0.000	10000.000...	1.000	4.634	0.0456	Xenopus_tropicalis
318	1	0.674	10000.000...	1.000	4.266	0.0551	Xenopus_tropicalis
341	1	2.720	10000.000...	1.000	3.457	0.0840	Xenopus_tropicalis
352	1	0.318	10000.000...	1.000	8.011	0.0081	Xenopus_tropicalis
356	1	1.158	10000.000...	1.000	6.476	0.0177	Xenopus_tropicalis
373	1	0.000	10000.000...	1.000	4.762	0.0426	Xenopus_tropicalis
426	1	1.836	10000.000...	1.000	6.761	0.0153	Xenopus_tropicalis
430	1	0.000	10000.000...	1.000	3.637	0.0765	Xenopus_tropicalis
431	1	0.000	10000.000...	1.000	7.501	0.0105	Xenopus_tropicalis
455	1	1.016	10000.000...	1.000	7.142	0.0126	Xenopus_tropicalis
462	1	0.810	10000.000...	1.000	7.978	0.0082	Xenopus_tropicalis
465	1	1.247	10000.000...	1.000	5.256	0.0330	Xenopus_tropicalis
502	1	1.968	10000.000...	1.000	6.172	0.0206	Xenopus_tropicalis
512	1	0.833	10000.000...	1.000	7.758	0.0092	Xenopus_tropicalis
579	1	0.788	10000.000...	1.000	6.432	0.0181	Xenopus_tropicalis
620	1	0.000	10000.000...	1.000	5.956	0.0231	Xenopus_tropicalis
626	1	0.000	10000.000...	1.000	4.193	0.0572	Xenopus_tropicalis
659	1	0.000	10000.000...	1.000	5.459	0.0298	Xenopus_tropicalis
663	1	1.520	10000.000...	1.000	3.927	0.0657	Xenopus_tropicalis
673	1	0.000	10000.000...	1.000	4.808	0.0416	Xenopus_tropicalis
681	1	2.180	10000.000...	1.000	7.130	0.0127	Xenopus_tropicalis
