Codon	Partition	alpha	beta_plus	p_plus	LRT	pValue	Species
665	1	0.000	10000.000...	1.000	12.403	0.0009	Axis_porcinus
671	1	3.330	10000.000...	1.000	5.953	0.0231	Axis_porcinus
16	1	0.000	10000.000...	1.000	11.929	0.0011	Balaenoptera_acutorostrata
25	1	0.000	10000.000...	1.000	14.620	0.0003	Balaenoptera_acutorostrata
456	1	0.000	10000.000...	1.000	7.452	0.0107	Balaenoptera_acutorostrata
518	1	1.779	10000.000...	1.000	5.031	0.0371	Balaenoptera_acutorostrata
603	1	7.534	10000.000...	1.000	5.853	0.0243	Balaenoptera_acutorostrata
139	1	8.162	10000.000...	1.000	13.821	0.0004	Balaenoptera_musculus
516	1	0.000	10000.000...	1.000	9.258	0.0043	Balaenoptera_musculus
690	1	0.000	10000.000...	1.000	9.358	0.0041	Balaenoptera_musculus
27	1	0.782	10000.000...	1.000	8.076	0.0078	Bison_bison_bison
474	1	0.000	10000.000...	1.000	36.739	0.0000	Bison_bison_bison
476	1	7.318	10000.000...	1.000	13.642	0.0005	Bison_bison_bison
477	1	0.000	10000.000...	1.000	8.461	0.0064	Bison_bison_bison
654	1	0.000	10000.000...	1.000	13.354	0.0005	Bison_bison_bison
360	1	0.000	10000.000...	1.000	48.296	0.0000	Bos_indicus
480	1	0.000	121.023	1.000	9.334	0.0041	Bos_mutus
82	1	1.285	10000.000...	1.000	11.204	0.0016	Bos_taurus
402	1	1.702	10000.000...	1.000	15.252	0.0002	Bos_taurus
150	1	0.000	10000.000...	1.000	19.094	0.0000	Bubalus_bubalis
198	1	0.000	10000.000...	1.000	7.333	0.0114	Bubalus_bubalis
349	1	0.000	10000.000...	1.000	3.285	0.0919	Bubalus_bubalis
353	1	5.965	10000.000...	1.000	8.967	0.0050	Bubalus_bubalis
603	1	7.159	10000.000...	1.000	4.452	0.0500	Bubalus_bubalis
657	1	0.000	10000.000...	1.000	3.208	0.0957	Bubalus_bubalis
668	1	2.990	10000.000...	1.000	15.837	0.0002	Bubalus_bubalis
32	1	2.083	10000.000...	1.000	14.879	0.0002	Camelus_dromedarius
129	1	1.364	8073.433	1.000	14.171	0.0004	Camelus_dromedarius
351	1	1.447	10000.000...	1.000	15.687	0.0002	Camelus_dromedarius
58	1	1.312	88.725	1.000	5.423	0.0303	Capra_hircus
615	1	0.000	74.341	1.000	7.333	0.0114	Capra_hircus
13	1	0.000	10000.000...	1.000	9.148	0.0045	Catagonus_wagneri
33	1	1.150	10000.000...	1.000	17.173	0.0001	Catagonus_wagneri
34	1	4.986	10000.000...	1.000	14.697	0.0003	Catagonus_wagneri
36	1	7.573	10000.000...	1.000	13.911	0.0004	Catagonus_wagneri
60	1	0.000	10000.000...	1.000	7.586	0.0100	Catagonus_wagneri
73	1	0.000	10000.000...	1.000	19.339	0.0000	Catagonus_wagneri
103	1	0.000	10000.000...	1.000	4.108	0.0598	Catagonus_wagneri
105	1	2.088	10000.000...	1.000	4.918	0.0393	Catagonus_wagneri
112	1	0.000	10000.000...	1.000	5.746	0.0257	Catagonus_wagneri
113	1	0.000	10000.000...	1.000	4.264	0.0552	Catagonus_wagneri
130	1	0.000	10000.000...	1.000	6.633	0.0163	Catagonus_wagneri
164	1	1.394	10000.000...	1.000	5.408	0.0306	Catagonus_wagneri
225	1	1.476	10000.000...	1.000	16.460	0.0001	Catagonus_wagneri
232	1	1.523	10000.000...	1.000	16.461	0.0001	Catagonus_wagneri
247	1	4.533	10000.000...	1.000	3.144	0.0990	Catagonus_wagneri
263	1	0.000	10000.000...	1.000	3.708	0.0737	Catagonus_wagneri
285	1	9.948	10000.000...	1.000	13.139	0.0006	Catagonus_wagneri
318	1	6.723	10000.000...	1.000	4.856	0.0406	Catagonus_wagneri
333	1	6.992	10000.000...	1.000	14.031	0.0004	Catagonus_wagneri
334	1	0.000	10000.000...	1.000	7.216	0.0121	Catagonus_wagneri
341	1	1.268	10000.000...	1.000	16.854	0.0001	Catagonus_wagneri
348	1	0.000	10000.000...	1.000	33.014	0.0000	Catagonus_wagneri
353	1	7.749	10000.000...	1.000	5.067	0.0364	Catagonus_wagneri
411	1	0.000	10000.000...	1.000	7.490	0.0105	Catagonus_wagneri
417	1	0.000	10000.000...	1.000	7.031	0.0133	Catagonus_wagneri
433	1	0.719	10000.000...	1.000	5.722	0.0260	Catagonus_wagneri
435	1	0.000	10000.000...	1.000	6.596	0.0166	Catagonus_wagneri
438	1	2.599	10000.000...	1.000	14.980	0.0002	Catagonus_wagneri
458	1	1.257	10000.000...	1.000	3.199	0.0961	Catagonus_wagneri
509	1	0.000	10000.000...	1.000	3.411	0.0861	Catagonus_wagneri
515	1	0.000	10000.000...	1.000	76.443	0.0000	Catagonus_wagneri
523	1	3.184	10000.000...	1.000	15.503	0.0002	Catagonus_wagneri
552	1	0.000	10000.000...	1.000	34.115	0.0000	Catagonus_wagneri
599	1	0.977	10000.000...	1.000	33.947	0.0000	Catagonus_wagneri
614	1	1.525	10000.000...	1.000	4.252	0.0555	Catagonus_wagneri
640	1	0.000	10000.000...	1.000	3.309	0.0908	Catagonus_wagneri
659	1	1.476	10000.000...	1.000	16.454	0.0001	Catagonus_wagneri
660	1	1.680	10000.000...	1.000	16.196	0.0001	Catagonus_wagneri
686	1	0.000	10000.000...	1.000	7.497	0.0105	Catagonus_wagneri
687	1	0.000	10000.000...	1.000	7.497	0.0105	Catagonus_wagneri
705	1	0.000	10000.000...	1.000	9.017	0.0048	Catagonus_wagneri
717	1	0.000	10000.000...	1.000	4.355	0.0526	Catagonus_wagneri
95	1	0.000	48.641	1.000	6.949	0.0139	Cervus_canadensis
113	1	0.000	10000.000...	1.000	7.607	0.0099	Delphinapterus_leucas
92	1	0.000	10000.000...	1.000	6.153	0.0208	Giraffa_camelopardalis
158	1	0.000	10000.000...	1.000	6.153	0.0208	Giraffa_camelopardalis
361	1	0.000	10000.000...	1.000	6.665	0.0160	Giraffa_camelopardalis
419	1	8.746	10000.000...	1.000	13.819	0.0004	Giraffa_camelopardalis
664	1	1.717	10000.000...	1.000	16.448	0.0001	Giraffa_camelopardalis
719	1	0.000	10000.000...	1.000	4.317	0.0537	Giraffa_camelopardalis
43	1	0.000	10000.000...	1.000	34.115	0.0000	Globicephala_melas
693	1	0.000	10000.000...	1.000	9.417	0.0040	Globicephala_melas
709	1	0.000	10000.000...	1.000	4.553	0.0475	Globicephala_melas
480	1	0.000	10000.000...	1.000	13.365	0.0005	Lagenorhynchus_obliquidens
87	1	13.737	10000.000...	1.000	11.260	0.0016	Lipotes_vexillifer
156	1	1.337	10000.000...	1.000	16.854	0.0001	Lipotes_vexillifer
164	1	1.565	10000.000...	1.000	14.332	0.0003	Lipotes_vexillifer
414	1	1.052	10000.000...	1.000	11.816	0.0012	Lipotes_vexillifer
420	1	10.925	10000.000...	1.000	13.027	0.0006	Lipotes_vexillifer
450	1	1.334	10000.000...	1.000	7.810	0.0089	Lipotes_vexillifer
573	1	1.194	10000.000...	1.000	8.593	0.0060	Lipotes_vexillifer
611	1	0.000	10000.000...	1.000	9.123	0.0046	Lipotes_vexillifer
658	1	0.000	10000.000...	1.000	16.528	0.0001	Lipotes_vexillifer
3	1	0.000	10000.000...	1.000	14.576	0.0003	Monodon_monoceros
302	1	0.000	10000.000...	1.000	13.115	0.0006	Monodon_monoceros
388	1	4.907	10000.000...	1.000	14.826	0.0003	Monodon_monoceros
450	1	1.354	10000.000...	1.000	10.764	0.0020	Monodon_monoceros
630	1	0.000	29.280	1.000	6.603	0.0166	Muntiacus_muntjak
316	1	0.000	10000.000...	1.000	71.887	0.0000	Neophocaena_asiaeorientalis
108	1	1.570	10000.000...	1.000	11.268	0.0015	Odocoileus_virginianus_texanus
181	1	0.000	10000.000...	1.000	4.806	0.0417	Odocoileus_virginianus_texanus
184	1	0.000	10000.000...	1.000	49.913	0.0000	Odocoileus_virginianus_texanus
629	1	2.742	10000.000...	1.000	9.867	0.0031	Odocoileus_virginianus_texanus
559	1	0.000	10000.000...	1.000	12.508	0.0008	Orcinus_orca
709	1	0.000	10000.000...	1.000	4.539	0.0478	Orcinus_orca
169	1	0.000	10000.000...	1.000	5.172	0.0345	Oryx_dammah
79	1	7.719	10000.000...	1.000	14.009	0.0004	Ovis_aries
138	1	5.928	10000.000...	1.000	9.112	0.0046	Ovis_aries
274	1	0.000	10000.000...	1.000	4.000	0.0633	Ovis_aries
514	1	2.354	10000.000...	1.000	6.434	0.0181	Ovis_aries
588	1	5.270	10000.000...	1.000	6.188	0.0205	Ovis_aries
601	1	3.921	10000.000...	1.000	3.838	0.0688	Ovis_aries
610	1	0.000	10000.000...	1.000	11.818	0.0012	Ovis_aries
612	1	0.000	10000.000...	1.000	11.190	0.0016	Ovis_aries
618	1	0.000	10000.000...	1.000	15.456	0.0002	Ovis_aries
638	1	1.458	10000.000...	1.000	16.764	0.0001	Ovis_aries
245	1	1.093	362.240	1.000	8.507	0.0063	Phocoena_sinus
89	1	2.276	10000.000...	1.000	8.766	0.0055	Physeter_catodon
336	1	0.000	10000.000...	1.000	8.937	0.0050	Physeter_catodon
339	1	1.667	10000.000...	1.000	9.804	0.0032	Physeter_catodon
398	1	2.691	10000.000...	1.000	15.918	0.0001	Physeter_catodon
458	1	1.322	10000.000...	1.000	6.318	0.0192	Physeter_catodon
514	1	2.369	10000.000...	1.000	10.444	0.0023	Physeter_catodon
531	1	1.446	10000.000...	1.000	6.847	0.0146	Physeter_catodon
549	1	0.000	10000.000...	1.000	16.746	0.0001	Physeter_catodon
672	1	4.320	10000.000...	1.000	11.743	0.0012	Physeter_catodon
673	1	1.569	10000.000...	1.000	16.636	0.0001	Physeter_catodon
207	1	0.000	10000.000...	1.000	6.938	0.0140	Rangifer_tarandus
212	1	0.000	10000.000...	1.000	10.865	0.0019	Rangifer_tarandus
257	1	0.000	10000.000...	1.000	5.510	0.0290	Rangifer_tarandus
695	1	1.268	10000.000...	1.000	4.101	0.0600	Rangifer_tarandus
115	1	3.223	10000.000...	1.000	15.492	0.0002	Sus_scrofa
209	1	0.000	10000.000...	1.000	4.698	0.0441	Sus_scrofa
262	1	0.000	10000.000...	1.000	4.893	0.0398	Sus_scrofa
288	1	0.000	10000.000...	1.000	3.547	0.0801	Sus_scrofa
336	1	0.000	10000.000...	1.000	3.337	0.0895	Sus_scrofa
340	1	2.216	10000.000...	1.000	16.292	0.0001	Sus_scrofa
393	1	0.954	10000.000...	1.000	4.580	0.0468	Sus_scrofa
495	1	1.185	10000.000...	1.000	4.757	0.0427	Sus_scrofa
579	1	0.976	10000.000...	1.000	17.586	0.0001	Sus_scrofa
617	1	6.914	10000.000...	1.000	14.223	0.0003	Tursiops_truncatus
106	1	0.000	25.826	1.000	4.939	0.0389	Vicugna_pacos
250	1	0.000	39.293	1.000	6.565	0.0169	Vicugna_pacos
271	1	0.000	72.156	1.000	7.231	0.0120	Vicugna_pacos
507	1	0.000	41.077	1.000	5.801	0.0250	Vicugna_pacos
529	1	0.000	86.368	1.000	7.781	0.0091	Vicugna_pacos
566	1	1.072	57.752	1.000	4.579	0.0469	Vicugna_pacos
657	1	0.000	76.890	1.000	8.075	0.0078	Vicugna_pacos
