Codon	Partition	alpha	beta_plus	p_plus	LRT	pValue	Species
148	1	0.000	10000.000...	1.000	8.637	0.0059	Camarhynchus_parvulus
30	1	3.727	10000.000...	1.000	5.227	0.0335	Catharus_ustulatus
44	1	1.727	10000.000...	1.000	8.612	0.0059	Catharus_ustulatus
62	1	4.798	10000.000...	1.000	6.091	0.0215	Catharus_ustulatus
74	1	1.345	10000.000...	1.000	11.810	0.0012	Catharus_ustulatus
79	1	3.268	10000.000...	1.000	10.225	0.0026	Catharus_ustulatus
97	1	1.245	10000.000...	1.000	17.097	0.0001	Catharus_ustulatus
132	1	0.714	10000.000...	1.000	8.099	0.0077	Catharus_ustulatus
133	1	4.098	10000.000...	1.000	9.431	0.0039	Catharus_ustulatus
169	1	0.000	10000.000...	1.000	7.106	0.0128	Catharus_ustulatus
210	1	0.000	10000.000...	1.000	11.189	0.0016	Catharus_ustulatus
262	1	0.000	10000.000...	1.000	6.956	0.0138	Catharus_ustulatus
290	1	0.000	10000.000...	1.000	7.986	0.0082	Catharus_ustulatus
292	1	1.308	10000.000...	1.000	6.618	0.0164	Catharus_ustulatus
330	1	0.000	10000.000...	1.000	40.311	0.0000	Catharus_ustulatus
338	1	0.000	10000.000...	1.000	6.040	0.0221	Catharus_ustulatus
339	1	3.406	10000.000...	1.000	13.099	0.0006	Catharus_ustulatus
379	1	1.311	10000.000...	1.000	4.719	0.0436	Catharus_ustulatus
496	1	4.463	10000.000...	1.000	14.984	0.0002	Catharus_ustulatus
524	1	1.616	10000.000...	1.000	7.095	0.0129	Catharus_ustulatus
541	1	1.639	10000.000...	1.000	12.465	0.0008	Catharus_ustulatus
568	1	0.000	10000.000...	1.000	6.470	0.0177	Catharus_ustulatus
591	1	0.000	10000.000...	1.000	7.341	0.0114	Catharus_ustulatus
653	1	0.907	10000.000...	1.000	9.026	0.0048	Catharus_ustulatus
680	1	0.000	10000.000...	1.000	8.654	0.0058	Catharus_ustulatus
689	1	0.000	10000.000...	1.000	4.522	0.0483	Catharus_ustulatus
709	1	0.000	10000.000...	1.000	4.224	0.0563	Catharus_ustulatus
738	1	0.000	10000.000...	1.000	4.968	0.0383	Catharus_ustulatus
43	1	0.000	10000.000...	1.000	9.381	0.0040	Chiroxiphia_lanceolata
70	1	0.000	10000.000...	1.000	12.696	0.0008	Chiroxiphia_lanceolata
269	1	3.035	10000.000...	1.000	7.386	0.0111	Chiroxiphia_lanceolata
611	1	1.658	10000.000...	1.000	8.465	0.0064	Chiroxiphia_lanceolata
651	1	1.587	10000.000...	1.000	4.571	0.0470	Chiroxiphia_lanceolata
103	1	1.939	10000.000...	1.000	16.624	0.0001	Corapipo_altera
128	1	0.000	10000.000...	1.000	6.021	0.0223	Corapipo_altera
436	1	1.070	10000.000...	1.000	8.337	0.0068	Corapipo_altera
528	1	0.000	10000.000...	1.000	6.766	0.0152	Corapipo_altera
146	1	1.808	10000.000...	1.000	16.420	0.0001	Corvus_cornix_cornix
33	1	0.000	10000.000...	1.000	5.154	0.0348	Corvus_hawaiiensis
48	1	0.000	10000.000...	1.000	6.345	0.0189	Corvus_hawaiiensis
61	1	0.000	10000.000...	1.000	4.106	0.0599	Corvus_hawaiiensis
92	1	0.000	10000.000...	1.000	5.587	0.0279	Corvus_hawaiiensis
163	1	3.350	10000.000...	1.000	3.303	0.0911	Corvus_hawaiiensis
181	1	0.000	10000.000...	1.000	3.762	0.0716	Corvus_hawaiiensis
189	1	0.000	10000.000...	1.000	5.624	0.0274	Corvus_hawaiiensis
212	1	0.000	10000.000...	1.000	7.023	0.0134	Corvus_hawaiiensis
270	1	1.689	10000.000...	1.000	3.179	0.0972	Corvus_hawaiiensis
302	1	1.858	10000.000...	1.000	3.972	0.0642	Corvus_hawaiiensis
327	1	1.090	10000.000...	1.000	3.311	0.0907	Corvus_hawaiiensis
332	1	0.821	10000.000...	1.000	17.907	0.0001	Corvus_hawaiiensis
338	1	0.000	10000.000...	1.000	3.136	0.0994	Corvus_hawaiiensis
357	1	0.000	10000.000...	1.000	5.629	0.0273	Corvus_hawaiiensis
371	1	1.059	10000.000...	1.000	6.656	0.0161	Corvus_hawaiiensis
372	1	1.759	10000.000...	1.000	5.596	0.0277	Corvus_hawaiiensis
439	1	5.457	10000.000...	1.000	9.274	0.0042	Corvus_hawaiiensis
654	1	0.000	10000.000...	1.000	4.288	0.0545	Corvus_hawaiiensis
655	1	0.000	10000.000...	1.000	6.074	0.0217	Corvus_hawaiiensis
682	1	3.830	10000.000...	1.000	3.490	0.0826	Corvus_hawaiiensis
687	1	1.461	10000.000...	1.000	3.780	0.0710	Corvus_hawaiiensis
136	1	0.000	10000.000...	1.000	14.642	0.0003	Corvus_kubaryi
608	1	0.000	10000.000...	1.000	8.908	0.0051	Corvus_kubaryi
523	1	0.000	10000.000...	1.000	8.541	0.0062	Corvus_moneduloides
137	1	0.000	10000.000...	1.000	4.954	0.0386	Cyanistes_caeruleus_caeruleus
378	1	0.000	10000.000...	1.000	12.659	0.0008	Cyanistes_caeruleus_caeruleus
485	1	0.000	10000.000...	1.000	11.607	0.0013	Cyanistes_caeruleus_caeruleus
580	1	0.000	10000.000...	1.000	13.605	0.0005	Cyanistes_caeruleus_caeruleus
660	1	1.081	10000.000...	1.000	7.206	0.0122	Cyanistes_caeruleus_caeruleus
697	1	0.000	10000.000...	1.000	5.181	0.0343	Cyanistes_caeruleus_caeruleus
50	1	5.855	10000.000...	1.000	14.440	0.0003	Empidonax_traillii
60	1	1.476	10000.000...	1.000	17.148	0.0001	Empidonax_traillii
201	1	0.000	10000.000...	1.000	3.857	0.0682	Empidonax_traillii
263	1	1.637	10000.000...	1.000	16.568	0.0001	Empidonax_traillii
299	1	0.000	10000.000...	1.000	4.658	0.0450	Empidonax_traillii
454	1	0.000	10000.000...	1.000	9.676	0.0035	Empidonax_traillii
506	1	0.000	10000.000...	1.000	8.602	0.0060	Empidonax_traillii
527	1	0.000	10000.000...	1.000	7.161	0.0125	Empidonax_traillii
591	1	0.000	10000.000...	1.000	3.824	0.0693	Empidonax_traillii
612	1	2.257	10000.000...	1.000	16.278	0.0001	Empidonax_traillii
643	1	1.780	10000.000...	1.000	6.211	0.0202	Empidonax_traillii
653	1	0.898	10000.000...	1.000	4.141	0.0588	Empidonax_traillii
126	1	1.208	10000.000...	1.000	4.220	0.0564	Ficedula_albicollis
145	1	0.000	10000.000...	1.000	5.915	0.0236	Ficedula_albicollis
167	1	15.874	10000.000...	1.000	4.052	0.0616	Ficedula_albicollis
201	1	0.000	10000.000...	1.000	5.123	0.0354	Ficedula_albicollis
245	1	0.827	10000.000...	1.000	3.983	0.0638	Ficedula_albicollis
261	1	1.052	10000.000...	1.000	17.481	0.0001	Ficedula_albicollis
289	1	0.000	10000.000...	1.000	20.345	0.0000	Ficedula_albicollis
313	1	0.825	10000.000...	1.000	17.945	0.0001	Ficedula_albicollis
483	1	0.000	10000.000...	1.000	6.505	0.0174	Ficedula_albicollis
634	1	1.551	10000.000...	1.000	7.330	0.0114	Ficedula_albicollis
702	1	4.887	10000.000...	1.000	14.681	0.0003	Ficedula_albicollis
734	1	1.738	10000.000...	1.000	5.428	0.0302	Ficedula_albicollis
28	1	1.026	10000.000...	1.000	8.967	0.0050	Hirundo_rustica
37	1	0.000	10000.000...	1.000	14.421	0.0003	Hirundo_rustica
44	1	1.646	10000.000...	1.000	8.335	0.0068	Hirundo_rustica
62	1	4.674	10000.000...	1.000	7.557	0.0102	Hirundo_rustica
68	1	0.880	10000.000...	1.000	17.738	0.0001	Hirundo_rustica
69	1	0.000	10000.000...	1.000	6.162	0.0208	Hirundo_rustica
80	1	0.000	10000.000...	1.000	40.331	0.0000	Hirundo_rustica
82	1	3.651	10000.000...	1.000	9.003	0.0049	Hirundo_rustica
94	1	0.000	10000.000...	1.000	7.453	0.0107	Hirundo_rustica
96	1	0.820	10000.000...	1.000	17.915	0.0001	Hirundo_rustica
149	1	1.022	10000.000...	1.000	7.305	0.0116	Hirundo_rustica
153	1	0.000	10000.000...	1.000	10.172	0.0027	Hirundo_rustica
204	1	0.000	10000.000...	1.000	43.778	0.0000	Hirundo_rustica
210	1	0.000	10000.000...	1.000	8.788	0.0054	Hirundo_rustica
256	1	0.000	10000.000...	1.000	8.345	0.0068	Hirundo_rustica
262	1	0.000	10000.000...	1.000	8.399	0.0066	Hirundo_rustica
292	1	1.252	10000.000...	1.000	7.547	0.0102	Hirundo_rustica
326	1	2.549	10000.000...	1.000	7.551	0.0102	Hirundo_rustica
376	1	1.843	10000.000...	1.000	16.192	0.0001	Hirundo_rustica
396	1	0.000	10000.000...	1.000	6.796	0.0150	Hirundo_rustica
400	1	0.000	10000.000...	1.000	7.488	0.0105	Hirundo_rustica
409	1	0.000	10000.000...	1.000	11.379	0.0015	Hirundo_rustica
434	1	6.227	10000.000...	1.000	3.309	0.0908	Hirundo_rustica
459	1	0.000	10000.000...	1.000	13.969	0.0004	Hirundo_rustica
478	1	1.110	10000.000...	1.000	17.691	0.0001	Hirundo_rustica
504	1	0.000	10000.000...	1.000	10.738	0.0020	Hirundo_rustica
505	1	0.000	10000.000...	1.000	9.728	0.0034	Hirundo_rustica
525	1	1.070	10000.000...	1.000	10.148	0.0027	Hirundo_rustica
621	1	0.000	10000.000...	1.000	5.097	0.0359	Hirundo_rustica
633	1	1.326	10000.000...	1.000	6.905	0.0142	Hirundo_rustica
644	1	4.223	10000.000...	1.000	7.746	0.0092	Hirundo_rustica
651	1	1.558	10000.000...	1.000	4.404	0.0513	Hirundo_rustica
687	1	1.372	10000.000...	1.000	6.691	0.0158	Hirundo_rustica
735	1	0.000	10000.000...	1.000	14.128	0.0004	Hirundo_rustica
141	1	3.402	10000.000...	1.000	5.191	0.0342	Lepidothrix_coronata
477	1	0.000	10000.000...	1.000	9.513	0.0038	Lepidothrix_coronata
93	1	0.000	31.731	1.000	6.961	0.0138	Lonchura_striata_domestica
502	1	0.000	58.308	1.000	7.431	0.0108	Lonchura_striata_domestica
633	1	1.384	38.066	1.000	3.582	0.0787	Lonchura_striata_domestica
98	1	0.000	10000.000...	1.000	9.091	0.0047	Manacus_candei
177	1	0.000	10000.000...	1.000	16.039	0.0001	Manacus_candei
660	1	1.103	10000.000...	1.000	7.284	0.0117	Manacus_candei
63	1	0.000	10000.000...	1.000	19.443	0.0000	Manacus_vitellinus
134	1	0.000	10000.000...	1.000	12.966	0.0007	Manacus_vitellinus
149	1	1.047	10000.000...	1.000	3.782	0.0709	Molothrus_ater
262	1	0.000	10000.000...	1.000	5.180	0.0344	Molothrus_ater
522	1	1.093	10000.000...	1.000	6.741	0.0154	Molothrus_ater
73	1	0.000	10000.000...	1.000	5.747	0.0257	Motacilla_alba_alba
315	1	0.000	10000.000...	1.000	12.587	0.0008	Motacilla_alba_alba
340	1	0.000	10000.000...	1.000	12.652	0.0008	Motacilla_alba_alba
382	1	0.000	10000.000...	1.000	8.152	0.0075	Motacilla_alba_alba
388	1	0.914	10000.000...	1.000	17.609	0.0001	Motacilla_alba_alba
396	1	0.000	10000.000...	1.000	5.888	0.0239	Motacilla_alba_alba
408	1	0.000	10000.000...	1.000	8.935	0.0050	Motacilla_alba_alba
500	1	2.304	10000.000...	1.000	9.339	0.0041	Motacilla_alba_alba
501	1	2.500	10000.000...	1.000	8.809	0.0054	Motacilla_alba_alba
520	1	1.694	10000.000...	1.000	6.976	0.0137	Motacilla_alba_alba
524	1	1.674	10000.000...	1.000	9.705	0.0034	Motacilla_alba_alba
525	1	1.093	10000.000...	1.000	13.580	0.0005	Motacilla_alba_alba
643	1	1.871	10000.000...	1.000	10.355	0.0025	Motacilla_alba_alba
653	1	0.898	10000.000...	1.000	8.910	0.0051	Motacilla_alba_alba
694	1	0.000	10000.000...	1.000	10.506	0.0023	Motacilla_alba_alba
700	1	0.000	10000.000...	1.000	29.963	0.0000	Motacilla_alba_alba
69	1	0.000	10000.000...	1.000	4.102	0.0600	Myiozetetes_cayanensis
227	1	0.000	10000.000...	1.000	3.369	0.0879	Myiozetetes_cayanensis
228	1	0.000	10000.000...	1.000	7.074	0.0130	Myiozetetes_cayanensis
256	1	0.000	10000.000...	1.000	5.741	0.0258	Myiozetetes_cayanensis
477	1	0.000	10000.000...	1.000	8.182	0.0074	Myiozetetes_cayanensis
599	1	0.000	10000.000...	1.000	10.089	0.0028	Myiozetetes_cayanensis
634	1	1.605	10000.000...	1.000	6.374	0.0186	Myiozetetes_cayanensis
676	1	1.772	10000.000...	1.000	16.794	0.0001	Myiozetetes_cayanensis
30	1	4.069	10000.000...	1.000	9.629	0.0035	Neopelma_chrysocephalum
73	1	0.000	10000.000...	1.000	9.245	0.0043	Neopelma_chrysocephalum
94	1	0.000	10000.000...	1.000	9.478	0.0038	Neopelma_chrysocephalum
110	1	0.000	10000.000...	1.000	11.413	0.0014	Neopelma_chrysocephalum
142	1	0.000	10000.000...	1.000	10.876	0.0019	Neopelma_chrysocephalum
169	1	0.000	10000.000...	1.000	12.201	0.0010	Neopelma_chrysocephalum
255	1	0.000	10000.000...	1.000	6.575	0.0168	Neopelma_chrysocephalum
257	1	0.000	10000.000...	1.000	16.137	0.0001	Neopelma_chrysocephalum
281	1	0.000	10000.000...	1.000	11.874	0.0011	Neopelma_chrysocephalum
287	1	1.112	10000.000...	1.000	4.492	0.0490	Neopelma_chrysocephalum
290	1	0.000	10000.000...	1.000	11.011	0.0018	Neopelma_chrysocephalum
400	1	0.000	10000.000...	1.000	11.122	0.0017	Neopelma_chrysocephalum
427	1	0.000	10000.000...	1.000	6.555	0.0170	Neopelma_chrysocephalum
438	1	0.000	10000.000...	1.000	16.343	0.0001	Neopelma_chrysocephalum
448	1	1.097	10000.000...	1.000	14.313	0.0003	Neopelma_chrysocephalum
487	1	0.000	10000.000...	1.000	18.392	0.0000	Neopelma_chrysocephalum
646	1	0.000	10000.000...	1.000	5.104	0.0357	Neopelma_chrysocephalum
708	1	0.000	10000.000...	1.000	8.978	0.0049	Neopelma_chrysocephalum
52	1	1.647	10000.000...	1.000	4.958	0.0385	Onychostruthus_taczanowskii
148	1	0.000	10000.000...	1.000	13.654	0.0005	Onychostruthus_taczanowskii
229	1	1.776	10000.000...	1.000	16.804	0.0001	Onychostruthus_taczanowskii
607	1	1.093	10000.000...	1.000	11.262	0.0016	Onychostruthus_taczanowskii
609	1	0.000	10000.000...	1.000	11.444	0.0014	Onychostruthus_taczanowskii
631	1	3.423	10000.000...	1.000	8.254	0.0071	Onychostruthus_taczanowskii
134	1	0.000	10000.000...	1.000	5.302	0.0323	Parus_major
142	1	0.000	10000.000...	1.000	19.369	0.0000	Parus_major
219	1	0.000	10000.000...	1.000	8.289	0.0070	Parus_major
379	1	1.308	10000.000...	1.000	4.391	0.0516	Parus_major
402	1	0.881	10000.000...	1.000	6.664	0.0161	Parus_major
436	1	1.066	10000.000...	1.000	11.948	0.0011	Parus_major
647	1	1.158	10000.000...	1.000	6.208	0.0203	Parus_major
650	1	1.822	10000.000...	1.000	16.347	0.0001	Parus_major
680	1	0.000	10000.000...	1.000	5.336	0.0317	Parus_major
73	1	0.000	10000.000...	1.000	3.204	0.0959	Passer_montanus
98	1	0.000	10000.000...	1.000	4.135	0.0590	Passer_montanus
133	1	3.920	10000.000...	1.000	10.295	0.0025	Passer_montanus
154	1	1.824	10000.000...	1.000	3.967	0.0644	Passer_montanus
175	1	0.000	10000.000...	1.000	74.275	0.0000	Passer_montanus
358	1	0.000	10000.000...	1.000	10.113	0.0028	Passer_montanus
406	1	0.000	10000.000...	1.000	7.184	0.0123	Passer_montanus
422	1	0.000	10000.000...	1.000	11.162	0.0016	Passer_montanus
426	1	1.545	10000.000...	1.000	6.239	0.0200	Passer_montanus
522	1	1.062	10000.000...	1.000	9.841	0.0032	Passer_montanus
558	1	0.000	10000.000...	1.000	13.562	0.0005	Passer_montanus
633	1	1.337	10000.000...	1.000	6.595	0.0166	Passer_montanus
701	1	1.465	10000.000...	1.000	3.778	0.0710	Passer_montanus
62	1	4.832	10000.000...	1.000	6.675	0.0160	Pipra_filicauda
216	1	1.578	10000.000...	1.000	7.108	0.0128	Pipra_filicauda
272	1	0.000	10000.000...	1.000	5.075	0.0363	Pipra_filicauda
391	1	6.585	10000.000...	1.000	14.217	0.0003	Pipra_filicauda
470	1	0.000	10000.000...	1.000	14.646	0.0003	Pipra_filicauda
548	1	3.026	10000.000...	1.000	8.234	0.0072	Pipra_filicauda
607	1	1.087	10000.000...	1.000	11.054	0.0017	Pipra_filicauda
694	1	0.000	10000.000...	1.000	5.742	0.0257	Pipra_filicauda
721	1	3.208	10000.000...	1.000	10.562	0.0022	Pipra_filicauda
73	1	0.000	56.046	1.000	6.632	0.0163	Pseudopodoces_humilis
647	1	0.000	47.923	1.000	4.503	0.0487	Pseudopodoces_humilis
168	1	0.000	10000.000...	1.000	13.427	0.0005	Pyrgilauda_ruficollis
292	1	1.314	10000.000...	1.000	7.488	0.0105	Pyrgilauda_ruficollis
518	1	0.000	10000.000...	1.000	6.391	0.0185	Pyrgilauda_ruficollis
630	1	0.000	10000.000...	1.000	11.795	0.0012	Pyrgilauda_ruficollis
652	1	0.000	10000.000...	1.000	13.765	0.0004	Pyrgilauda_ruficollis
725	1	3.327	10000.000...	1.000	5.612	0.0275	Pyrgilauda_ruficollis
41	1	1.058	10000.000...	1.000	17.418	0.0001	Serinus_canaria
61	1	0.000	10000.000...	1.000	6.816	0.0149	Serinus_canaria
64	1	2.111	10000.000...	1.000	3.825	0.0693	Serinus_canaria
67	1	0.000	10000.000...	1.000	33.522	0.0000	Serinus_canaria
82	1	3.649	10000.000...	1.000	9.843	0.0032	Serinus_canaria
98	1	0.000	10000.000...	1.000	8.064	0.0079	Serinus_canaria
145	1	0.000	10000.000...	1.000	10.777	0.0020	Serinus_canaria
161	1	0.000	10000.000...	1.000	42.206	0.0000	Serinus_canaria
203	1	0.000	10000.000...	1.000	12.648	0.0008	Serinus_canaria
227	1	0.000	10000.000...	1.000	6.131	0.0211	Serinus_canaria
228	1	0.000	10000.000...	1.000	10.067	0.0028	Serinus_canaria
256	1	0.000	10000.000...	1.000	8.783	0.0055	Serinus_canaria
267	1	2.956	10000.000...	1.000	7.877	0.0086	Serinus_canaria
287	1	1.092	10000.000...	1.000	7.122	0.0127	Serinus_canaria
426	1	1.600	10000.000...	1.000	8.785	0.0054	Serinus_canaria
430	1	7.016	10000.000...	1.000	8.069	0.0078	Serinus_canaria
437	1	0.000	10000.000...	1.000	40.558	0.0000	Serinus_canaria
518	1	0.000	10000.000...	1.000	6.884	0.0143	Serinus_canaria
591	1	0.000	10000.000...	1.000	4.042	0.0619	Serinus_canaria
632	1	3.287	10000.000...	1.000	15.479	0.0002	Serinus_canaria
655	1	0.000	10000.000...	1.000	9.058	0.0047	Serinus_canaria
683	1	0.996	10000.000...	1.000	5.987	0.0227	Serinus_canaria
707	1	1.750	10000.000...	1.000	16.383	0.0001	Serinus_canaria
739	1	0.000	10000.000...	1.000	5.542	0.0285	Serinus_canaria
36	1	1.299	10000.000...	1.000	5.163	0.0347	Sturnus_vulgaris
116	1	0.000	10000.000...	1.000	6.106	0.0214	Sturnus_vulgaris
141	1	3.306	10000.000...	1.000	5.337	0.0317	Sturnus_vulgaris
151	1	0.000	10000.000...	1.000	42.198	0.0000	Sturnus_vulgaris
173	1	0.000	10000.000...	1.000	14.500	0.0003	Sturnus_vulgaris
205	1	0.000	10000.000...	1.000	8.556	0.0061	Sturnus_vulgaris
269	1	2.978	10000.000...	1.000	5.654	0.0269	Sturnus_vulgaris
339	1	3.370	10000.000...	1.000	10.462	0.0023	Sturnus_vulgaris
400	1	0.000	10000.000...	1.000	8.105	0.0077	Sturnus_vulgaris
402	1	0.879	10000.000...	1.000	5.604	0.0276	Sturnus_vulgaris
429	1	0.000	10000.000...	1.000	14.500	0.0003	Sturnus_vulgaris
431	1	12.355	10000.000...	1.000	6.573	0.0168	Sturnus_vulgaris
434	1	6.414	10000.000...	1.000	8.642	0.0059	Sturnus_vulgaris
435	1	8.817	10000.000...	1.000	5.204	0.0339	Sturnus_vulgaris
506	1	0.000	10000.000...	1.000	8.561	0.0061	Sturnus_vulgaris
508	1	0.000	10000.000...	1.000	8.153	0.0075	Sturnus_vulgaris
515	1	0.000	10000.000...	1.000	7.846	0.0088	Sturnus_vulgaris
664	1	8.574	10000.000...	1.000	10.943	0.0018	Sturnus_vulgaris
30	1	4.111	10000.000...	1.000	4.654	0.0451	Taeniopygia_guttata
79	1	3.241	10000.000...	1.000	6.055	0.0219	Taeniopygia_guttata
115	1	0.000	10000.000...	1.000	4.142	0.0588	Taeniopygia_guttata
116	1	0.000	10000.000...	1.000	4.396	0.0515	Taeniopygia_guttata
137	1	0.000	10000.000...	1.000	7.308	0.0116	Taeniopygia_guttata
147	1	0.000	10000.000...	1.000	6.328	0.0191	Taeniopygia_guttata
167	1	14.900	10000.000...	1.000	3.704	0.0738	Taeniopygia_guttata
352	1	0.986	10000.000...	1.000	5.489	0.0293	Taeniopygia_guttata
415	1	0.000	10000.000...	1.000	4.361	0.0525	Taeniopygia_guttata
500	1	2.298	10000.000...	1.000	4.455	0.0500	Taeniopygia_guttata
562	1	0.000	10000.000...	1.000	12.127	0.0010	Taeniopygia_guttata
606	1	0.000	10000.000...	1.000	6.591	0.0167	Taeniopygia_guttata
608	1	0.000	10000.000...	1.000	5.601	0.0277	Taeniopygia_guttata
670	1	0.000	10000.000...	1.000	12.109	0.0010	Taeniopygia_guttata
723	1	0.000	10000.000...	1.000	8.405	0.0066	Taeniopygia_guttata
731	1	0.000	10000.000...	1.000	4.063	0.0612	Taeniopygia_guttata
42	1	1.019	10000.000...	1.000	4.875	0.0402	Zonotrichia_albicollis
155	1	0.000	10000.000...	1.000	13.936	0.0004	Zonotrichia_albicollis
160	1	0.000	10000.000...	1.000	6.467	0.0178	Zonotrichia_albicollis
188	1	0.000	10000.000...	1.000	7.047	0.0132	Zonotrichia_albicollis
205	1	0.000	10000.000...	1.000	6.836	0.0147	Zonotrichia_albicollis
208	1	2.155	10000.000...	1.000	4.828	0.0412	Zonotrichia_albicollis
262	1	0.000	10000.000...	1.000	9.237	0.0043	Zonotrichia_albicollis
271	1	1.020	10000.000...	1.000	7.533	0.0103	Zonotrichia_albicollis
341	1	0.000	10000.000...	1.000	11.025	0.0017	Zonotrichia_albicollis
358	1	0.000	10000.000...	1.000	10.165	0.0027	Zonotrichia_albicollis
379	1	1.206	10000.000...	1.000	5.090	0.0360	Zonotrichia_albicollis
397	1	0.799	10000.000...	1.000	18.009	0.0001	Zonotrichia_albicollis
442	1	0.000	10000.000...	1.000	3.452	0.0842	Zonotrichia_albicollis
501	1	2.443	10000.000...	1.000	5.127	0.0353	Zonotrichia_albicollis
503	1	2.714	10000.000...	1.000	9.641	0.0035	Zonotrichia_albicollis
506	1	0.000	10000.000...	1.000	7.130	0.0127	Zonotrichia_albicollis
530	1	5.781	10000.000...	1.000	8.116	0.0077	Zonotrichia_albicollis
633	1	1.326	10000.000...	1.000	6.333	0.0190	Zonotrichia_albicollis
660	1	1.060	10000.000...	1.000	7.218	0.0121	Zonotrichia_albicollis
661	1	3.420	10000.000...	1.000	15.395	0.0002	Zonotrichia_albicollis
664	1	8.378	10000.000...	1.000	9.490	0.0038	Zonotrichia_albicollis
672	1	0.000	10000.000...	1.000	43.766	0.0000	Zonotrichia_albicollis
680	1	0.000	10000.000...	1.000	4.253	0.0555	Zonotrichia_albicollis
695	1	7.264	10000.000...	1.000	9.725	0.0034	Zonotrichia_albicollis
717	1	4.119	10000.000...	1.000	6.782	0.0151	Zonotrichia_albicollis
724	1	0.811	10000.000...	1.000	9.605	0.0036	Zonotrichia_albicollis
736	1	1.045	10000.000...	1.000	17.415	0.0001	Zonotrichia_albicollis
