Codon	Partition	alpha	beta_plus	p_plus	LRT	pValue	Species
22	1	4.774	10000.000...	1.000	9.008	0.0049	Accipiter_gentilis
66	1	0.000	10000.000...	1.000	9.330	0.0041	Accipiter_gentilis
133	1	1.261	10000.000...	1.000	7.554	0.0102	Accipiter_gentilis
197	1	1.299	10000.000...	1.000	11.100	0.0017	Accipiter_gentilis
288	1	2.702	10000.000...	1.000	5.161	0.0347	Accipiter_gentilis
289	1	0.868	10000.000...	1.000	7.660	0.0097	Accipiter_gentilis
340	1	0.615	10000.000...	1.000	18.551	0.0000	Accipiter_gentilis
476	1	1.515	10000.000...	1.000	3.504	0.0819	Accipiter_gentilis
507	1	1.263	10000.000...	1.000	9.211	0.0044	Accipiter_gentilis
509	1	1.778	10000.000...	1.000	5.480	0.0294	Accipiter_gentilis
552	1	0.884	10000.000...	1.000	10.921	0.0018	Accipiter_gentilis
562	1	1.691	10000.000...	1.000	8.818	0.0054	Accipiter_gentilis
27	1	0.000	10000.000...	1.000	11.029	0.0017	Antrostomus_carolinensis
53	1	0.568	10000.000...	1.000	6.190	0.0205	Antrostomus_carolinensis
54	1	0.000	10000.000...	1.000	6.320	0.0191	Antrostomus_carolinensis
137	1	1.267	10000.000...	1.000	4.029	0.0623	Antrostomus_carolinensis
148	1	7.266	10000.000...	1.000	6.740	0.0154	Antrostomus_carolinensis
155	1	2.668	10000.000...	1.000	15.947	0.0001	Antrostomus_carolinensis
186	1	2.338	10000.000...	1.000	16.280	0.0001	Antrostomus_carolinensis
203	1	0.000	10000.000...	1.000	9.401	0.0040	Antrostomus_carolinensis
220	1	0.000	10000.000...	1.000	6.574	0.0168	Antrostomus_carolinensis
221	1	1.178	10000.000...	1.000	8.493	0.0063	Antrostomus_carolinensis
222	1	0.643	10000.000...	1.000	7.336	0.0114	Antrostomus_carolinensis
246	1	0.000	10000.000...	1.000	6.948	0.0139	Antrostomus_carolinensis
303	1	1.342	10000.000...	1.000	9.668	0.0035	Antrostomus_carolinensis
334	1	0.000	10000.000...	1.000	11.202	0.0016	Antrostomus_carolinensis
362	1	4.393	10000.000...	1.000	14.960	0.0002	Antrostomus_carolinensis
374	1	1.262	10000.000...	1.000	6.138	0.0210	Antrostomus_carolinensis
394	1	2.925	10000.000...	1.000	15.600	0.0002	Antrostomus_carolinensis
400	1	32.802	10000.000...	1.000	4.636	0.0455	Antrostomus_carolinensis
435	1	0.000	10000.000...	1.000	5.358	0.0313	Antrostomus_carolinensis
482	1	0.000	10000.000...	1.000	13.197	0.0006	Antrostomus_carolinensis
484	1	1.938	10000.000...	1.000	5.558	0.0283	Antrostomus_carolinensis
486	1	0.000	10000.000...	1.000	5.235	0.0334	Antrostomus_carolinensis
531	1	0.000	10000.000...	1.000	6.734	0.0155	Antrostomus_carolinensis
539	1	8.946	10000.000...	1.000	7.344	0.0113	Antrostomus_carolinensis
541	1	0.000	10000.000...	1.000	6.534	0.0171	Antrostomus_carolinensis
544	1	0.937	10000.000...	1.000	7.944	0.0084	Antrostomus_carolinensis
545	1	3.660	10000.000...	1.000	4.598	0.0464	Antrostomus_carolinensis
548	1	0.000	10000.000...	1.000	6.411	0.0183	Antrostomus_carolinensis
592	1	0.000	10000.000...	1.000	4.854	0.0406	Antrostomus_carolinensis
604	1	0.000	10000.000...	1.000	7.435	0.0108	Antrostomus_carolinensis
607	1	0.000	10000.000...	1.000	3.177	0.0973	Antrostomus_carolinensis
621	1	0.000	10000.000...	1.000	13.042	0.0006	Antrostomus_carolinensis
669	1	0.000	10000.000...	1.000	7.338	0.0114	Antrostomus_carolinensis
701	1	0.000	10000.000...	1.000	8.596	0.0060	Antrostomus_carolinensis
706	1	1.499	10000.000...	1.000	7.235	0.0120	Antrostomus_carolinensis
23	1	0.790	10000.000...	1.000	3.404	0.0864	Apaloderma_vittatum
54	1	0.000	10000.000...	1.000	9.174	0.0045	Apaloderma_vittatum
90	1	0.000	10000.000...	1.000	10.567	0.0022	Apaloderma_vittatum
100	1	3.186	10000.000...	1.000	19.741	0.0000	Apaloderma_vittatum
102	1	0.620	10000.000...	1.000	10.152	0.0027	Apaloderma_vittatum
103	1	4.405	10000.000...	1.000	14.933	0.0002	Apaloderma_vittatum
106	1	0.000	10000.000...	1.000	20.684	0.0000	Apaloderma_vittatum
115	1	2.095	10000.000...	1.000	7.183	0.0123	Apaloderma_vittatum
135	1	1.886	10000.000...	1.000	7.174	0.0124	Apaloderma_vittatum
148	1	7.609	10000.000...	1.000	10.268	0.0026	Apaloderma_vittatum
166	1	0.885	10000.000...	1.000	9.409	0.0040	Apaloderma_vittatum
177	1	0.000	10000.000...	1.000	17.075	0.0001	Apaloderma_vittatum
180	1	0.000	10000.000...	1.000	16.784	0.0001	Apaloderma_vittatum
199	1	0.495	10000.000...	1.000	4.211	0.0567	Apaloderma_vittatum
201	1	0.000	10000.000...	1.000	18.043	0.0001	Apaloderma_vittatum
219	1	0.000	10000.000...	1.000	14.696	0.0003	Apaloderma_vittatum
220	1	0.000	10000.000...	1.000	9.309	0.0042	Apaloderma_vittatum
246	1	0.000	10000.000...	1.000	10.047	0.0029	Apaloderma_vittatum
291	1	2.388	10000.000...	1.000	8.447	0.0065	Apaloderma_vittatum
317	1	0.589	10000.000...	1.000	8.405	0.0066	Apaloderma_vittatum
324	1	1.074	10000.000...	1.000	9.280	0.0042	Apaloderma_vittatum
335	1	0.872	10000.000...	1.000	7.682	0.0095	Apaloderma_vittatum
359	1	0.754	10000.000...	1.000	6.454	0.0179	Apaloderma_vittatum
367	1	2.946	10000.000...	1.000	8.087	0.0078	Apaloderma_vittatum
370	1	0.000	10000.000...	1.000	5.239	0.0333	Apaloderma_vittatum
379	1	1.485	10000.000...	1.000	9.931	0.0030	Apaloderma_vittatum
390	1	4.898	10000.000...	1.000	10.707	0.0021	Apaloderma_vittatum
405	1	0.000	10000.000...	1.000	9.160	0.0045	Apaloderma_vittatum
406	1	0.000	10000.000...	1.000	6.578	0.0168	Apaloderma_vittatum
408	1	0.798	10000.000...	1.000	17.754	0.0001	Apaloderma_vittatum
415	1	0.000	10000.000...	1.000	12.295	0.0009	Apaloderma_vittatum
416	1	0.000	10000.000...	1.000	6.689	0.0158	Apaloderma_vittatum
417	1	0.000	10000.000...	1.000	10.756	0.0020	Apaloderma_vittatum
430	1	0.000	10000.000...	1.000	9.209	0.0044	Apaloderma_vittatum
431	1	1.361	10000.000...	1.000	11.324	0.0015	Apaloderma_vittatum
465	1	0.000	10000.000...	1.000	13.171	0.0006	Apaloderma_vittatum
493	1	0.831	10000.000...	1.000	3.647	0.0761	Apaloderma_vittatum
502	1	0.000	10000.000...	1.000	5.339	0.0317	Apaloderma_vittatum
509	1	1.707	10000.000...	1.000	5.473	0.0296	Apaloderma_vittatum
517	1	3.918	10000.000...	1.000	11.097	0.0017	Apaloderma_vittatum
519	1	17.944	10000.000...	1.000	6.749	0.0154	Apaloderma_vittatum
537	1	0.000	10000.000...	1.000	13.884	0.0004	Apaloderma_vittatum
544	1	2.029	10000.000...	1.000	8.140	0.0076	Apaloderma_vittatum
545	1	4.421	10000.000...	1.000	16.989	0.0001	Apaloderma_vittatum
548	1	0.000	10000.000...	1.000	9.138	0.0046	Apaloderma_vittatum
579	1	2.293	10000.000...	1.000	5.445	0.0300	Apaloderma_vittatum
597	1	0.000	10000.000...	1.000	8.252	0.0071	Apaloderma_vittatum
601	1	2.730	10000.000...	1.000	3.483	0.0829	Apaloderma_vittatum
602	1	0.850	10000.000...	1.000	10.176	0.0027	Apaloderma_vittatum
604	1	0.000	10000.000...	1.000	7.998	0.0081	Apaloderma_vittatum
609	1	1.304	10000.000...	1.000	17.141	0.0001	Apaloderma_vittatum
627	1	1.716	10000.000...	1.000	16.580	0.0001	Apaloderma_vittatum
628	1	0.553	10000.000...	1.000	18.725	0.0000	Apaloderma_vittatum
629	1	0.000	10000.000...	1.000	64.369	0.0000	Apaloderma_vittatum
630	1	0.000	10000.000...	1.000	27.506	0.0000	Apaloderma_vittatum
631	1	0.000	10000.000...	1.000	6.542	0.0171	Apaloderma_vittatum
640	1	1.273	10000.000...	1.000	5.819	0.0247	Apaloderma_vittatum
642	1	0.000	10000.000...	1.000	6.319	0.0191	Apaloderma_vittatum
643	1	1.658	10000.000...	1.000	7.087	0.0129	Apaloderma_vittatum
652	1	0.000	10000.000...	1.000	16.793	0.0001	Apaloderma_vittatum
654	1	0.000	10000.000...	1.000	16.600	0.0001	Apaloderma_vittatum
655	1	1.183	10000.000...	1.000	12.491	0.0008	Apaloderma_vittatum
667	1	0.000	10000.000...	1.000	9.773	0.0033	Apaloderma_vittatum
708	1	0.000	10000.000...	1.000	21.993	0.0000	Apaloderma_vittatum
737	1	4.155	10000.000...	1.000	6.840	0.0147	Apaloderma_vittatum
128	1	1.015	42.700	1.000	3.911	0.0663	Apus_apus
212	1	0.000	9999.119	1.000	7.556	0.0102	Apus_apus
290	1	1.252	742.945	1.000	4.321	0.0536	Apus_apus
291	1	2.778	174.837	1.000	7.207	0.0122	Apus_apus
355	1	0.000	19.661	1.000	6.051	0.0220	Apus_apus
404	1	0.000	21.006	1.000	6.795	0.0150	Apus_apus
406	1	0.000	22.302	1.000	6.024	0.0223	Apus_apus
620	1	1.258	67.116	1.000	7.813	0.0089	Apus_apus
631	1	0.000	18.964	1.000	4.632	0.0456	Apus_apus
634	1	0.000	9999.306	1.000	13.014	0.0006	Apus_apus
642	1	0.000	20.365	1.000	4.541	0.0478	Apus_apus
723	1	0.000	22.183	1.000	6.380	0.0186	Apus_apus
147	1	1.449	10000.000...	1.000	5.610	0.0275	Aquila_chrysaetos_chrysaetos
359	1	0.805	10000.000...	1.000	3.127	0.0999	Aquila_chrysaetos_chrysaetos
363	1	0.000	10000.000...	1.000	3.399	0.0866	Aquila_chrysaetos_chrysaetos
370	1	0.000	10000.000...	1.000	5.307	0.0322	Aquila_chrysaetos_chrysaetos
424	1	1.189	10000.000...	1.000	7.884	0.0086	Aquila_chrysaetos_chrysaetos
476	1	1.507	10000.000...	1.000	6.402	0.0184	Aquila_chrysaetos_chrysaetos
549	1	0.000	10000.000...	1.000	6.069	0.0218	Aquila_chrysaetos_chrysaetos
591	1	0.855	10000.000...	1.000	9.769	0.0033	Aquila_chrysaetos_chrysaetos
643	1	1.671	10000.000...	1.000	10.336	0.0025	Aquila_chrysaetos_chrysaetos
645	1	0.000	10000.000...	1.000	6.344	0.0189	Aquila_chrysaetos_chrysaetos
706	1	1.542	10000.000...	1.000	4.592	0.0465	Aquila_chrysaetos_chrysaetos
24	1	0.707	10000.000...	1.000	5.153	0.0348	Buceros_rhinoceros_silvestris
36	1	0.000	10000.000...	1.000	8.713	0.0057	Buceros_rhinoceros_silvestris
37	1	0.000	10000.000...	1.000	30.807	0.0000	Buceros_rhinoceros_silvestris
39	1	0.873	10000.000...	1.000	9.766	0.0033	Buceros_rhinoceros_silvestris
52	1	0.000	10000.000...	1.000	6.623	0.0164	Buceros_rhinoceros_silvestris
85	1	0.000	10000.000...	1.000	4.857	0.0406	Buceros_rhinoceros_silvestris
89	1	4.200	10000.000...	1.000	9.070	0.0047	Buceros_rhinoceros_silvestris
98	1	0.000	10000.000...	1.000	6.662	0.0161	Buceros_rhinoceros_silvestris
108	1	3.233	10000.000...	1.000	3.982	0.0639	Buceros_rhinoceros_silvestris
128	1	0.957	10000.000...	1.000	8.177	0.0074	Buceros_rhinoceros_silvestris
133	1	1.204	10000.000...	1.000	3.194	0.0964	Buceros_rhinoceros_silvestris
135	1	1.917	10000.000...	1.000	9.227	0.0044	Buceros_rhinoceros_silvestris
160	1	2.724	10000.000...	1.000	8.966	0.0050	Buceros_rhinoceros_silvestris
162	1	0.767	10000.000...	1.000	4.412	0.0511	Buceros_rhinoceros_silvestris
181	1	0.000	10000.000...	1.000	10.081	0.0028	Buceros_rhinoceros_silvestris
194	1	0.000	10000.000...	1.000	20.917	0.0000	Buceros_rhinoceros_silvestris
248	1	0.559	10000.000...	1.000	4.341	0.0530	Buceros_rhinoceros_silvestris
250	1	1.159	10000.000...	1.000	17.461	0.0001	Buceros_rhinoceros_silvestris
288	1	3.689	10000.000...	1.000	12.245	0.0009	Buceros_rhinoceros_silvestris
289	1	0.844	10000.000...	1.000	10.121	0.0028	Buceros_rhinoceros_silvestris
308	1	0.000	10000.000...	1.000	13.922	0.0004	Buceros_rhinoceros_silvestris
361	1	0.639	10000.000...	1.000	6.413	0.0183	Buceros_rhinoceros_silvestris
365	1	1.643	10000.000...	1.000	5.200	0.0340	Buceros_rhinoceros_silvestris
376	1	1.337	10000.000...	1.000	10.561	0.0022	Buceros_rhinoceros_silvestris
410	1	0.000	10000.000...	1.000	16.415	0.0001	Buceros_rhinoceros_silvestris
411	1	2.804	10000.000...	1.000	13.833	0.0004	Buceros_rhinoceros_silvestris
416	1	0.000	10000.000...	1.000	7.917	0.0085	Buceros_rhinoceros_silvestris
435	1	0.000	10000.000...	1.000	6.954	0.0138	Buceros_rhinoceros_silvestris
437	1	5.662	10000.000...	1.000	5.799	0.0250	Buceros_rhinoceros_silvestris
472	1	5.310	10000.000...	1.000	14.534	0.0003	Buceros_rhinoceros_silvestris
475	1	1.944	10000.000...	1.000	11.235	0.0016	Buceros_rhinoceros_silvestris
479	1	0.000	10000.000...	1.000	8.454	0.0064	Buceros_rhinoceros_silvestris
493	1	0.840	10000.000...	1.000	4.179	0.0576	Buceros_rhinoceros_silvestris
513	1	0.000	10000.000...	1.000	13.479	0.0005	Buceros_rhinoceros_silvestris
515	1	0.000	10000.000...	1.000	8.829	0.0053	Buceros_rhinoceros_silvestris
534	1	0.000	10000.000...	1.000	14.247	0.0003	Buceros_rhinoceros_silvestris
538	1	0.000	10000.000...	1.000	17.268	0.0001	Buceros_rhinoceros_silvestris
549	1	0.000	10000.000...	1.000	8.482	0.0064	Buceros_rhinoceros_silvestris
591	1	0.821	10000.000...	1.000	8.870	0.0052	Buceros_rhinoceros_silvestris
592	1	0.000	10000.000...	1.000	6.789	0.0151	Buceros_rhinoceros_silvestris
596	1	3.331	10000.000...	1.000	7.412	0.0110	Buceros_rhinoceros_silvestris
607	1	0.000	10000.000...	1.000	3.495	0.0823	Buceros_rhinoceros_silvestris
620	1	3.202	10000.000...	1.000	5.679	0.0266	Buceros_rhinoceros_silvestris
624	1	0.000	10000.000...	1.000	4.220	0.0565	Buceros_rhinoceros_silvestris
634	1	0.000	10000.000...	1.000	6.941	0.0139	Buceros_rhinoceros_silvestris
651	1	0.935	10000.000...	1.000	17.505	0.0001	Buceros_rhinoceros_silvestris
660	1	0.000	10000.000...	1.000	12.853	0.0007	Buceros_rhinoceros_silvestris
662	1	0.000	10000.000...	1.000	20.412	0.0000	Buceros_rhinoceros_silvestris
674	1	0.000	10000.000...	1.000	15.789	0.0002	Buceros_rhinoceros_silvestris
676	1	2.734	10000.000...	1.000	5.130	0.0353	Buceros_rhinoceros_silvestris
707	1	0.988	10000.000...	1.000	6.194	0.0204	Buceros_rhinoceros_silvestris
720	1	0.000	10000.000...	1.000	10.681	0.0021	Buceros_rhinoceros_silvestris
729	1	0.000	10000.000...	1.000	4.595	0.0465	Buceros_rhinoceros_silvestris
55	1	1.795	10000.000...	1.000	10.747	0.0020	Cariama_cristata
91	1	0.927	10000.000...	1.000	11.271	0.0015	Cariama_cristata
94	1	1.506	10000.000...	1.000	9.063	0.0047	Cariama_cristata
108	1	3.172	10000.000...	1.000	5.690	0.0264	Cariama_cristata
120	1	2.577	10000.000...	1.000	9.568	0.0037	Cariama_cristata
127	1	0.000	10000.000...	1.000	4.145	0.0587	Cariama_cristata
136	1	0.000	10000.000...	1.000	11.488	0.0014	Cariama_cristata
137	1	1.278	10000.000...	1.000	10.891	0.0019	Cariama_cristata
146	1	0.000	10000.000...	1.000	7.039	0.0132	Cariama_cristata
148	1	8.379	10000.000...	1.000	11.302	0.0015	Cariama_cristata
162	1	0.785	10000.000...	1.000	4.262	0.0552	Cariama_cristata
183	1	0.000	10000.000...	1.000	14.479	0.0003	Cariama_cristata
193	1	9.658	10000.000...	1.000	6.605	0.0165	Cariama_cristata
205	1	0.940	10000.000...	1.000	11.802	0.0012	Cariama_cristata
210	1	0.662	10000.000...	1.000	10.176	0.0027	Cariama_cristata
221	1	1.202	10000.000...	1.000	13.087	0.0006	Cariama_cristata
240	1	0.000	10000.000...	1.000	11.285	0.0015	Cariama_cristata
283	1	1.692	10000.000...	1.000	11.373	0.0015	Cariama_cristata
304	1	0.000	10000.000...	1.000	11.555	0.0013	Cariama_cristata
312	1	3.598	10000.000...	1.000	15.138	0.0002	Cariama_cristata
365	1	1.715	10000.000...	1.000	12.129	0.0010	Cariama_cristata
367	1	3.081	10000.000...	1.000	7.488	0.0105	Cariama_cristata
438	1	2.547	10000.000...	1.000	10.195	0.0027	Cariama_cristata
476	1	1.550	10000.000...	1.000	3.974	0.0641	Cariama_cristata
486	1	0.000	10000.000...	1.000	9.994	0.0029	Cariama_cristata
495	1	0.914	10000.000...	1.000	7.334	0.0114	Cariama_cristata
505	1	13.803	10000.000...	1.000	12.615	0.0008	Cariama_cristata
506	1	0.000	10000.000...	1.000	7.887	0.0086	Cariama_cristata
509	1	1.767	10000.000...	1.000	7.127	0.0127	Cariama_cristata
538	1	0.000	10000.000...	1.000	9.899	0.0031	Cariama_cristata
554	1	1.331	10000.000...	1.000	17.249	0.0001	Cariama_cristata
557	1	0.901	10000.000...	1.000	17.708	0.0001	Cariama_cristata
562	1	3.198	10000.000...	1.000	11.110	0.0017	Cariama_cristata
642	1	0.000	10000.000...	1.000	5.624	0.0273	Cariama_cristata
702	1	2.906	10000.000...	1.000	11.707	0.0012	Cariama_cristata
716	1	1.505	10000.000...	1.000	7.640	0.0098	Cariama_cristata
22	1	6.568	10000.000...	1.000	5.720	0.0260	Chaetura_pelagica
26	1	1.317	10000.000...	1.000	3.924	0.0658	Chaetura_pelagica
54	1	0.000	10000.000...	1.000	5.480	0.0295	Chaetura_pelagica
56	1	1.360	10000.000...	1.000	3.789	0.0706	Chaetura_pelagica
75	1	1.296	10000.000...	1.000	6.340	0.0189	Chaetura_pelagica
86	1	0.000	10000.000...	1.000	13.186	0.0006	Chaetura_pelagica
97	1	0.637	10000.000...	1.000	6.282	0.0195	Chaetura_pelagica
127	1	0.000	10000.000...	1.000	3.886	0.0671	Chaetura_pelagica
136	1	0.000	10000.000...	1.000	5.806	0.0249	Chaetura_pelagica
137	1	1.279	10000.000...	1.000	5.658	0.0269	Chaetura_pelagica
157	1	0.000	10000.000...	1.000	7.228	0.0120	Chaetura_pelagica
183	1	0.000	10000.000...	1.000	5.262	0.0329	Chaetura_pelagica
192	1	0.878	10000.000...	1.000	17.697	0.0001	Chaetura_pelagica
208	1	1.473	10000.000...	1.000	17.028	0.0001	Chaetura_pelagica
227	1	0.000	10000.000...	1.000	5.487	0.0293	Chaetura_pelagica
240	1	0.000	10000.000...	1.000	4.057	0.0614	Chaetura_pelagica
290	1	2.032	10000.000...	1.000	32.622	0.0000	Chaetura_pelagica
291	1	1.564	10000.000...	1.000	4.513	0.0485	Chaetura_pelagica
336	1	2.599	10000.000...	1.000	15.791	0.0002	Chaetura_pelagica
369	1	0.000	10000.000...	1.000	7.787	0.0091	Chaetura_pelagica
385	1	2.741	10000.000...	1.000	15.740	0.0002	Chaetura_pelagica
393	1	0.871	10000.000...	1.000	18.115	0.0000	Chaetura_pelagica
400	1	27.383	10000.000...	1.000	5.678	0.0266	Chaetura_pelagica
403	1	0.000	10000.000...	1.000	11.624	0.0013	Chaetura_pelagica
409	1	0.000	10000.000...	1.000	12.990	0.0006	Chaetura_pelagica
429	1	1.510	10000.000...	1.000	17.039	0.0001	Chaetura_pelagica
430	1	0.000	10000.000...	1.000	5.703	0.0263	Chaetura_pelagica
454	1	2.325	10000.000...	1.000	7.307	0.0116	Chaetura_pelagica
458	1	1.466	10000.000...	1.000	17.027	0.0001	Chaetura_pelagica
465	1	0.000	10000.000...	1.000	9.846	0.0032	Chaetura_pelagica
539	1	7.883	10000.000...	1.000	6.447	0.0179	Chaetura_pelagica
564	1	0.724	10000.000...	1.000	18.155	0.0000	Chaetura_pelagica
594	1	5.464	10000.000...	1.000	14.706	0.0003	Chaetura_pelagica
638	1	0.000	10000.000...	1.000	7.321	0.0115	Chaetura_pelagica
639	1	1.435	10000.000...	1.000	8.712	0.0057	Chaetura_pelagica
647	1	3.000	10000.000...	1.000	10.043	0.0029	Chaetura_pelagica
653	1	0.000	10000.000...	1.000	5.413	0.0305	Chaetura_pelagica
670	1	0.000	10000.000...	1.000	8.487	0.0063	Chaetura_pelagica
23	1	0.761	10000.000...	1.000	3.826	0.0693	Dryobates_pubescens
25	1	0.000	10000.000...	1.000	4.375	0.0521	Dryobates_pubescens
41	1	1.186	10000.000...	1.000	8.886	0.0052	Dryobates_pubescens
42	1	10.812	10000.000...	1.000	8.387	0.0067	Dryobates_pubescens
45	1	1.242	10000.000...	1.000	16.755	0.0001	Dryobates_pubescens
52	1	0.000	10000.000...	1.000	7.688	0.0095	Dryobates_pubescens
56	1	1.715	10000.000...	1.000	6.222	0.0201	Dryobates_pubescens
94	1	1.403	10000.000...	1.000	11.174	0.0016	Dryobates_pubescens
102	1	0.623	10000.000...	1.000	6.695	0.0158	Dryobates_pubescens
118	1	2.786	10000.000...	1.000	15.746	0.0002	Dryobates_pubescens
119	1	0.000	10000.000...	1.000	12.534	0.0008	Dryobates_pubescens
120	1	2.439	10000.000...	1.000	3.726	0.0730	Dryobates_pubescens
140	1	2.846	10000.000...	1.000	7.877	0.0086	Dryobates_pubescens
141	1	2.643	10000.000...	1.000	9.887	0.0031	Dryobates_pubescens
147	1	1.336	10000.000...	1.000	7.134	0.0126	Dryobates_pubescens
153	1	0.000	10000.000...	1.000	10.593	0.0022	Dryobates_pubescens
154	1	0.000	10000.000...	1.000	3.846	0.0686	Dryobates_pubescens
157	1	0.000	10000.000...	1.000	14.944	0.0002	Dryobates_pubescens
161	1	1.490	10000.000...	1.000	4.034	0.0622	Dryobates_pubescens
197	1	1.149	10000.000...	1.000	9.740	0.0034	Dryobates_pubescens
198	1	3.022	10000.000...	1.000	15.277	0.0002	Dryobates_pubescens
234	1	0.000	10000.000...	1.000	25.817	0.0000	Dryobates_pubescens
244	1	0.650	10000.000...	1.000	6.500	0.0174	Dryobates_pubescens
251	1	0.000	10000.000...	1.000	3.136	0.0994	Dryobates_pubescens
253	1	0.923	10000.000...	1.000	5.139	0.0351	Dryobates_pubescens
287	1	1.007	10000.000...	1.000	7.798	0.0090	Dryobates_pubescens
297	1	0.000	10000.000...	1.000	6.784	0.0151	Dryobates_pubescens
299	1	0.000	10000.000...	1.000	6.668	0.0160	Dryobates_pubescens
331	1	0.000	10000.000...	1.000	6.518	0.0173	Dryobates_pubescens
348	1	1.795	10000.000...	1.000	6.871	0.0144	Dryobates_pubescens
353	1	0.000	10000.000...	1.000	7.495	0.0105	Dryobates_pubescens
354	1	1.377	10000.000...	1.000	3.575	0.0790	Dryobates_pubescens
363	1	0.000	10000.000...	1.000	3.898	0.0667	Dryobates_pubescens
368	1	12.790	10000.000...	1.000	4.802	0.0418	Dryobates_pubescens
369	1	0.000	10000.000...	1.000	8.507	0.0063	Dryobates_pubescens
372	1	0.000	10000.000...	1.000	5.669	0.0267	Dryobates_pubescens
374	1	1.200	10000.000...	1.000	4.934	0.0390	Dryobates_pubescens
377	1	0.000	10000.000...	1.000	21.968	0.0000	Dryobates_pubescens
378	1	1.648	10000.000...	1.000	3.144	0.0990	Dryobates_pubescens
387	1	2.671	10000.000...	1.000	15.932	0.0001	Dryobates_pubescens
399	1	0.809	10000.000...	1.000	8.329	0.0069	Dryobates_pubescens
407	1	0.000	10000.000...	1.000	8.722	0.0056	Dryobates_pubescens
417	1	0.000	10000.000...	1.000	6.776	0.0152	Dryobates_pubescens
432	1	0.000	10000.000...	1.000	5.958	0.0230	Dryobates_pubescens
434	1	10.923	10000.000...	1.000	6.518	0.0173	Dryobates_pubescens
438	1	2.146	10000.000...	1.000	4.803	0.0417	Dryobates_pubescens
450	1	2.790	10000.000...	1.000	6.544	0.0171	Dryobates_pubescens
456	1	0.680	10000.000...	1.000	18.021	0.0001	Dryobates_pubescens
470	1	2.373	10000.000...	1.000	15.474	0.0002	Dryobates_pubescens
471	1	0.000	10000.000...	1.000	10.522	0.0023	Dryobates_pubescens
487	1	0.000	10000.000...	1.000	3.198	0.0962	Dryobates_pubescens
495	1	0.880	10000.000...	1.000	4.761	0.0427	Dryobates_pubescens
502	1	0.000	10000.000...	1.000	4.139	0.0589	Dryobates_pubescens
514	1	0.000	10000.000...	1.000	27.512	0.0000	Dryobates_pubescens
539	1	7.134	10000.000...	1.000	4.055	0.0615	Dryobates_pubescens
541	1	0.000	10000.000...	1.000	3.210	0.0956	Dryobates_pubescens
555	1	3.606	10000.000...	1.000	3.950	0.0649	Dryobates_pubescens
567	1	1.145	10000.000...	1.000	6.930	0.0140	Dryobates_pubescens
577	1	2.437	10000.000...	1.000	4.688	0.0443	Dryobates_pubescens
597	1	0.000	10000.000...	1.000	7.765	0.0092	Dryobates_pubescens
601	1	2.571	10000.000...	1.000	4.002	0.0632	Dryobates_pubescens
605	1	0.000	10000.000...	1.000	10.471	0.0023	Dryobates_pubescens
617	1	0.000	10000.000...	1.000	5.946	0.0232	Dryobates_pubescens
618	1	0.000	10000.000...	1.000	5.699	0.0263	Dryobates_pubescens
623	1	3.673	10000.000...	1.000	3.785	0.0708	Dryobates_pubescens
635	1	0.000	10000.000...	1.000	3.343	0.0892	Dryobates_pubescens
636	1	1.248	10000.000...	1.000	3.876	0.0675	Dryobates_pubescens
639	1	2.178	10000.000...	1.000	5.839	0.0245	Dryobates_pubescens
647	1	5.343	10000.000...	1.000	7.192	0.0123	Dryobates_pubescens
686	1	0.000	10000.000...	1.000	13.291	0.0006	Dryobates_pubescens
687	1	0.000	10000.000...	1.000	37.657	0.0000	Dryobates_pubescens
690	1	0.000	10000.000...	1.000	4.521	0.0483	Dryobates_pubescens
702	1	2.557	10000.000...	1.000	14.815	0.0003	Dryobates_pubescens
706	1	2.195	10000.000...	1.000	8.677	0.0058	Dryobates_pubescens
707	1	2.928	10000.000...	1.000	5.933	0.0233	Dryobates_pubescens
709	1	1.124	10000.000...	1.000	5.881	0.0240	Dryobates_pubescens
711	1	3.017	10000.000...	1.000	15.540	0.0002	Dryobates_pubescens
716	1	2.149	10000.000...	1.000	7.557	0.0102	Dryobates_pubescens
732	1	0.000	10000.000...	1.000	9.878	0.0031	Dryobates_pubescens
734	1	2.818	10000.000...	1.000	8.129	0.0076	Dryobates_pubescens
622	1	2.252	10000.000...	1.000	16.140	0.0001	Falco_naumanni
156	1	2.498	150.573	1.000	5.707	0.0262	Falco_peregrinus
42	1	14.236	10000.000...	1.000	5.048	0.0368	Gymnogyps_californianus
55	1	1.812	10000.000...	1.000	8.426	0.0065	Gymnogyps_californianus
97	1	0.641	10000.000...	1.000	9.744	0.0033	Gymnogyps_californianus
121	1	0.000	10000.000...	1.000	3.808	0.0699	Gymnogyps_californianus
130	1	0.000	10000.000...	1.000	26.526	0.0000	Gymnogyps_californianus
160	1	2.821	10000.000...	1.000	9.316	0.0042	Gymnogyps_californianus
283	1	3.910	10000.000...	1.000	8.917	0.0051	Gymnogyps_californianus
284	1	0.000	10000.000...	1.000	25.759	0.0000	Gymnogyps_californianus
326	1	0.640	10000.000...	1.000	10.938	0.0018	Gymnogyps_californianus
381	1	0.000	10000.000...	1.000	27.489	0.0000	Gymnogyps_californianus
391	1	0.878	10000.000...	1.000	4.185	0.0575	Gymnogyps_californianus
392	1	4.971	10000.000...	1.000	14.846	0.0003	Gymnogyps_californianus
407	1	0.000	10000.000...	1.000	11.866	0.0011	Gymnogyps_californianus
490	1	0.829	10000.000...	1.000	10.286	0.0025	Gymnogyps_californianus
511	1	0.000	10000.000...	1.000	13.574	0.0005	Gymnogyps_californianus
519	1	16.273	10000.000...	1.000	6.790	0.0150	Gymnogyps_californianus
538	1	0.000	10000.000...	1.000	7.130	0.0126	Gymnogyps_californianus
24	1	0.780	44.621	1.000	5.159	0.0347	Haliaeetus_albicilla
28	1	0.000	94.489	1.000	10.255	0.0026	Haliaeetus_albicilla
29	1	1.317	45.230	1.000	3.950	0.0649	Haliaeetus_albicilla
53	1	0.589	52.694	1.000	6.072	0.0217	Haliaeetus_albicilla
93	1	0.000	41.886	1.000	6.496	0.0175	Haliaeetus_albicilla
133	1	1.268	38.186	1.000	3.784	0.0708	Haliaeetus_albicilla
384	1	0.000	40.225	1.000	6.719	0.0156	Haliaeetus_albicilla
432	1	0.000	80.767	1.000	8.502	0.0063	Haliaeetus_albicilla
21	1	4.479	10000.000...	1.000	3.761	0.0717	Leptosomus_discolor
49	1	0.000	10000.000...	1.000	10.279	0.0026	Leptosomus_discolor
167	1	0.000	10000.000...	1.000	13.709	0.0005	Leptosomus_discolor
171	1	0.000	10000.000...	1.000	14.667	0.0003	Leptosomus_discolor
242	1	0.000	10000.000...	1.000	9.342	0.0041	Leptosomus_discolor
244	1	0.658	10000.000...	1.000	11.959	0.0011	Leptosomus_discolor
298	1	0.000	10000.000...	1.000	5.437	0.0301	Leptosomus_discolor
371	1	1.226	10000.000...	1.000	8.803	0.0054	Leptosomus_discolor
374	1	2.844	10000.000...	1.000	6.150	0.0209	Leptosomus_discolor
376	1	1.309	10000.000...	1.000	11.162	0.0016	Leptosomus_discolor
390	1	2.452	10000.000...	1.000	13.500	0.0005	Leptosomus_discolor
391	1	0.844	10000.000...	1.000	3.747	0.0722	Leptosomus_discolor
395	1	1.831	10000.000...	1.000	5.454	0.0298	Leptosomus_discolor
438	1	2.470	10000.000...	1.000	7.851	0.0088	Leptosomus_discolor
486	1	0.000	10000.000...	1.000	10.725	0.0020	Leptosomus_discolor
490	1	0.805	10000.000...	1.000	10.327	0.0025	Leptosomus_discolor
506	1	0.000	10000.000...	1.000	6.012	0.0224	Leptosomus_discolor
513	1	0.000	10000.000...	1.000	8.666	0.0058	Leptosomus_discolor
517	1	3.861	10000.000...	1.000	10.430	0.0024	Leptosomus_discolor
555	1	2.717	10000.000...	1.000	4.573	0.0470	Leptosomus_discolor
592	1	0.000	10000.000...	1.000	18.075	0.0000	Leptosomus_discolor
611	1	0.000	10000.000...	1.000	9.717	0.0034	Leptosomus_discolor
617	1	0.000	10000.000...	1.000	3.890	0.0670	Leptosomus_discolor
618	1	0.000	10000.000...	1.000	8.385	0.0067	Leptosomus_discolor
632	1	0.000	10000.000...	1.000	7.866	0.0087	Leptosomus_discolor
644	1	0.000	10000.000...	1.000	18.425	0.0000	Leptosomus_discolor
679	1	0.500	10000.000...	1.000	18.931	0.0000	Leptosomus_discolor
715	1	2.679	10000.000...	1.000	11.040	0.0017	Leptosomus_discolor
42	1	13.190	10000.000...	1.000	4.580	0.0468	Melopsittacus_undulatus
75	1	1.304	10000.000...	1.000	7.533	0.0103	Melopsittacus_undulatus
85	1	0.000	10000.000...	1.000	9.280	0.0042	Melopsittacus_undulatus
95	1	1.380	10000.000...	1.000	9.012	0.0049	Melopsittacus_undulatus
98	1	0.000	10000.000...	1.000	5.486	0.0294	Melopsittacus_undulatus
110	1	0.000	10000.000...	1.000	5.909	0.0236	Melopsittacus_undulatus
162	1	0.791	10000.000...	1.000	3.274	0.0924	Melopsittacus_undulatus
175	1	0.000	10000.000...	1.000	6.576	0.0168	Melopsittacus_undulatus
199	1	0.000	10000.000...	1.000	4.030	0.0623	Melopsittacus_undulatus
200	1	0.000	10000.000...	1.000	8.725	0.0056	Melopsittacus_undulatus
210	1	0.660	10000.000...	1.000	13.786	0.0004	Melopsittacus_undulatus
246	1	0.000	10000.000...	1.000	4.519	0.0483	Melopsittacus_undulatus
248	1	0.576	10000.000...	1.000	4.263	0.0552	Melopsittacus_undulatus
252	1	3.014	10000.000...	1.000	13.435	0.0005	Melopsittacus_undulatus
283	1	1.686	10000.000...	1.000	3.748	0.0722	Melopsittacus_undulatus
317	1	0.000	10000.000...	1.000	16.307	0.0001	Melopsittacus_undulatus
352	1	2.846	10000.000...	1.000	6.523	0.0173	Melopsittacus_undulatus
360	1	2.027	10000.000...	1.000	8.210	0.0073	Melopsittacus_undulatus
368	1	11.181	10000.000...	1.000	5.638	0.0272	Melopsittacus_undulatus
415	1	0.000	10000.000...	1.000	6.121	0.0212	Melopsittacus_undulatus
431	1	1.401	10000.000...	1.000	9.433	0.0039	Melopsittacus_undulatus
469	1	0.654	10000.000...	1.000	3.534	0.0807	Melopsittacus_undulatus
487	1	0.000	10000.000...	1.000	3.877	0.0674	Melopsittacus_undulatus
489	1	0.875	10000.000...	1.000	17.719	0.0001	Melopsittacus_undulatus
509	1	1.804	10000.000...	1.000	5.644	0.0271	Melopsittacus_undulatus
516	1	0.712	10000.000...	1.000	7.828	0.0089	Melopsittacus_undulatus
544	1	0.940	10000.000...	1.000	5.692	0.0264	Melopsittacus_undulatus
545	1	3.717	10000.000...	1.000	4.452	0.0501	Melopsittacus_undulatus
549	1	0.000	10000.000...	1.000	3.990	0.0636	Melopsittacus_undulatus
560	1	9.228	10000.000...	1.000	5.676	0.0266	Melopsittacus_undulatus
599	1	0.000	10000.000...	1.000	8.780	0.0055	Melopsittacus_undulatus
607	1	0.000	10000.000...	1.000	5.474	0.0295	Melopsittacus_undulatus
648	1	0.000	10000.000...	1.000	8.321	0.0069	Melopsittacus_undulatus
667	1	0.000	10000.000...	1.000	10.091	0.0028	Melopsittacus_undulatus
672	1	0.000	10000.000...	1.000	11.395	0.0015	Melopsittacus_undulatus
678	1	0.000	10000.000...	1.000	13.864	0.0004	Melopsittacus_undulatus
734	1	1.277	10000.000...	1.000	8.491	0.0063	Melopsittacus_undulatus
32	1	7.836	10000.000...	1.000	3.810	0.0698	Merops_nubicus
48	1	0.000	10000.000...	1.000	9.908	0.0031	Merops_nubicus
49	1	0.000	10000.000...	1.000	6.225	0.0201	Merops_nubicus
55	1	1.740	10000.000...	1.000	6.158	0.0208	Merops_nubicus
56	1	1.518	10000.000...	1.000	5.264	0.0329	Merops_nubicus
71	1	0.000	10000.000...	1.000	10.223	0.0026	Merops_nubicus
83	1	0.968	10000.000...	1.000	6.340	0.0189	Merops_nubicus
85	1	0.000	10000.000...	1.000	7.207	0.0122	Merops_nubicus
115	1	2.702	10000.000...	1.000	3.707	0.0737	Merops_nubicus
147	1	1.449	10000.000...	1.000	3.912	0.0662	Merops_nubicus
150	1	0.000	10000.000...	1.000	12.262	0.0009	Merops_nubicus
175	1	0.000	10000.000...	1.000	4.980	0.0381	Merops_nubicus
181	1	0.000	10000.000...	1.000	3.248	0.0937	Merops_nubicus
196	1	0.000	10000.000...	1.000	5.355	0.0314	Merops_nubicus
200	1	0.000	10000.000...	1.000	6.689	0.0158	Merops_nubicus
222	1	1.282	10000.000...	1.000	7.930	0.0084	Merops_nubicus
247	1	0.666	10000.000...	1.000	4.693	0.0442	Merops_nubicus
255	1	0.965	10000.000...	1.000	6.420	0.0182	Merops_nubicus
321	1	0.000	10000.000...	1.000	12.932	0.0007	Merops_nubicus
323	1	0.000	10000.000...	1.000	11.318	0.0015	Merops_nubicus
326	1	0.609	10000.000...	1.000	6.561	0.0169	Merops_nubicus
331	1	0.000	10000.000...	1.000	8.708	0.0057	Merops_nubicus
352	1	3.552	10000.000...	1.000	6.813	0.0149	Merops_nubicus
378	1	1.371	10000.000...	1.000	3.995	0.0634	Merops_nubicus
484	1	1.910	10000.000...	1.000	8.357	0.0068	Merops_nubicus
501	1	7.883	10000.000...	1.000	7.593	0.0100	Merops_nubicus
531	1	0.000	10000.000...	1.000	3.894	0.0669	Merops_nubicus
556	1	0.000	10000.000...	1.000	11.055	0.0017	Merops_nubicus
606	1	1.314	10000.000...	1.000	7.729	0.0093	Merops_nubicus
624	1	0.000	10000.000...	1.000	6.790	0.0150	Merops_nubicus
638	1	0.000	10000.000...	1.000	3.158	0.0983	Merops_nubicus
669	1	0.000	10000.000...	1.000	5.614	0.0275	Merops_nubicus
691	1	1.321	10000.000...	1.000	7.886	0.0086	Merops_nubicus
704	1	0.000	10000.000...	1.000	10.703	0.0021	Merops_nubicus
709	1	1.245	10000.000...	1.000	4.571	0.0471	Merops_nubicus
710	1	0.585	10000.000...	1.000	7.289	0.0117	Merops_nubicus
722	1	1.892	10000.000...	1.000	16.499	0.0001	Merops_nubicus
736	1	1.299	10000.000...	1.000	16.785	0.0001	Merops_nubicus
25	1	0.000	10000.000...	1.000	5.275	0.0327	Nestor_notabilis
26	1	1.269	10000.000...	1.000	8.770	0.0055	Nestor_notabilis
144	1	0.000	10000.000...	1.000	27.483	0.0000	Nestor_notabilis
213	1	21.662	10000.000...	1.000	3.714	0.0734	Nestor_notabilis
230	1	3.062	10000.000...	1.000	6.213	0.0202	Nestor_notabilis
255	1	1.005	10000.000...	1.000	8.763	0.0055	Nestor_notabilis
282	1	0.000	10000.000...	1.000	4.695	0.0441	Nestor_notabilis
324	1	1.100	10000.000...	1.000	4.940	0.0389	Nestor_notabilis
366	1	1.073	10000.000...	1.000	17.774	0.0001	Nestor_notabilis
400	1	27.485	10000.000...	1.000	7.080	0.0130	Nestor_notabilis
449	1	1.050	10000.000...	1.000	17.434	0.0001	Nestor_notabilis
504	1	0.713	10000.000...	1.000	5.035	0.0370	Nestor_notabilis
517	1	3.874	10000.000...	1.000	6.528	0.0172	Nestor_notabilis
606	1	1.418	10000.000...	1.000	7.642	0.0097	Nestor_notabilis
691	1	1.428	10000.000...	1.000	6.967	0.0138	Nestor_notabilis
701	1	0.000	10000.000...	1.000	9.269	0.0043	Nestor_notabilis
145	1	0.640	10000.000...	1.000	18.471	0.0000	Strigops_habroptila
154	1	0.000	10000.000...	1.000	4.485	0.0492	Strigops_habroptila
187	1	0.000	10000.000...	1.000	3.311	0.0907	Strigops_habroptila
252	1	3.054	10000.000...	1.000	6.760	0.0153	Strigops_habroptila
342	1	1.200	10000.000...	1.000	17.152	0.0001	Strigops_habroptila
379	1	0.714	10000.000...	1.000	9.766	0.0033	Strigops_habroptila
406	1	0.000	10000.000...	1.000	4.178	0.0577	Strigops_habroptila
437	1	3.944	10000.000...	1.000	4.341	0.0530	Strigops_habroptila
510	1	2.824	10000.000...	1.000	15.500	0.0002	Strigops_habroptila
624	1	0.000	10000.000...	1.000	6.446	0.0179	Strigops_habroptila
690	1	0.000	10000.000...	1.000	5.654	0.0269	Strigops_habroptila
715	1	2.764	10000.000...	1.000	11.313	0.0015	Strigops_habroptila
729	1	0.000	10000.000...	1.000	5.186	0.0343	Strigops_habroptila
121	1	0.000	8.142	1.000	4.333	0.0532	Tauraco_erythrolophus
227	1	0.000	8.823	1.000	3.391	0.0869	Tauraco_erythrolophus
247	1	0.703	19.405	1.000	3.414	0.0859	Tauraco_erythrolophus
248	1	0.582	19.301	1.000	3.575	0.0790	Tauraco_erythrolophus
251	1	0.000	18.079	1.000	5.231	0.0335	Tauraco_erythrolophus
298	1	0.000	17.617	1.000	5.326	0.0319	Tauraco_erythrolophus
304	1	0.000	8.239	1.000	4.777	0.0423	Tauraco_erythrolophus
353	1	0.000	17.114	1.000	5.406	0.0306	Tauraco_erythrolophus
395	1	1.977	31.887	1.000	4.745	0.0430	Tauraco_erythrolophus
405	1	0.000	7.867	1.000	3.758	0.0718	Tauraco_erythrolophus
415	1	0.000	7.527	1.000	3.659	0.0756	Tauraco_erythrolophus
417	1	0.000	6.165	1.000	3.338	0.0894	Tauraco_erythrolophus
463	1	0.000	15.831	1.000	6.384	0.0185	Tauraco_erythrolophus
541	1	0.000	14.959	1.000	4.502	0.0488	Tauraco_erythrolophus
703	1	0.535	16.384	1.000	3.389	0.0871	Tauraco_erythrolophus
21	1	2.728	10000.000...	1.000	4.656	0.0450	Tyto_alba_alba
43	1	1.298	10000.000...	1.000	16.795	0.0001	Tyto_alba_alba
83	1	1.008	10000.000...	1.000	14.334	0.0003	Tyto_alba_alba
87	1	0.481	10000.000...	1.000	7.552	0.0102	Tyto_alba_alba
93	1	0.000	10000.000...	1.000	15.998	0.0001	Tyto_alba_alba
95	1	1.340	10000.000...	1.000	13.860	0.0004	Tyto_alba_alba
100	1	1.276	10000.000...	1.000	14.567	0.0003	Tyto_alba_alba
135	1	1.986	10000.000...	1.000	10.515	0.0023	Tyto_alba_alba
162	1	0.787	10000.000...	1.000	5.424	0.0303	Tyto_alba_alba
193	1	4.684	10000.000...	1.000	4.327	0.0534	Tyto_alba_alba
245	1	0.000	10000.000...	1.000	17.451	0.0001	Tyto_alba_alba
270	1	0.000	10000.000...	1.000	3.880	0.0674	Tyto_alba_alba
297	1	0.000	10000.000...	1.000	9.694	0.0034	Tyto_alba_alba
298	1	0.000	10000.000...	1.000	11.732	0.0012	Tyto_alba_alba
354	1	1.593	10000.000...	1.000	9.587	0.0036	Tyto_alba_alba
363	1	0.000	10000.000...	1.000	5.406	0.0306	Tyto_alba_alba
365	1	1.728	10000.000...	1.000	12.985	0.0006	Tyto_alba_alba
372	1	0.000	10000.000...	1.000	11.378	0.0015	Tyto_alba_alba
395	1	1.926	10000.000...	1.000	9.566	0.0037	Tyto_alba_alba
400	1	14.209	10000.000...	1.000	7.394	0.0111	Tyto_alba_alba
401	1	0.874	10000.000...	1.000	17.654	0.0001	Tyto_alba_alba
427	1	0.947	10000.000...	1.000	20.251	0.0000	Tyto_alba_alba
435	1	0.000	10000.000...	1.000	11.539	0.0013	Tyto_alba_alba
437	1	4.211	10000.000...	1.000	10.175	0.0027	Tyto_alba_alba
454	1	2.368	10000.000...	1.000	14.360	0.0003	Tyto_alba_alba
476	1	1.418	10000.000...	1.000	10.498	0.0023	Tyto_alba_alba
495	1	0.922	10000.000...	1.000	8.271	0.0071	Tyto_alba_alba
504	1	0.718	10000.000...	1.000	10.894	0.0019	Tyto_alba_alba
506	1	0.000	10000.000...	1.000	6.620	0.0164	Tyto_alba_alba
560	1	9.167	10000.000...	1.000	10.674	0.0021	Tyto_alba_alba
580	1	1.414	10000.000...	1.000	16.737	0.0001	Tyto_alba_alba
581	1	1.485	10000.000...	1.000	16.944	0.0001	Tyto_alba_alba
601	1	2.797	10000.000...	1.000	8.690	0.0057	Tyto_alba_alba
604	1	0.000	10000.000...	1.000	11.738	0.0012	Tyto_alba_alba
607	1	0.000	10000.000...	1.000	7.896	0.0086	Tyto_alba_alba
613	1	0.000	10000.000...	1.000	17.949	0.0001	Tyto_alba_alba
632	1	0.000	10000.000...	1.000	15.158	0.0002	Tyto_alba_alba
636	1	0.650	10000.000...	1.000	10.681	0.0021	Tyto_alba_alba
642	1	0.000	10000.000...	1.000	9.695	0.0034	Tyto_alba_alba
645	1	0.000	10000.000...	1.000	7.069	0.0131	Tyto_alba_alba
657	1	2.622	10000.000...	1.000	15.719	0.0002	Tyto_alba_alba
658	1	0.000	10000.000...	1.000	17.336	0.0001	Tyto_alba_alba
662	1	0.000	10000.000...	1.000	11.527	0.0014	Tyto_alba_alba
680	1	1.457	10000.000...	1.000	13.329	0.0005	Tyto_alba_alba
726	1	1.346	10000.000...	1.000	4.293	0.0544	Tyto_alba_alba
731	1	2.022	10000.000...	1.000	10.944	0.0018	Tyto_alba_alba
737	1	4.194	10000.000...	1.000	10.124	0.0028	Tyto_alba_alba
