Codon	Partition	alpha	beta_plus	p_plus	LRT	pValue	Species
135	1	0.664	10000.000...	1.000	9.045	0.0048	Acinonyx_jubatus
156	1	0.000	10000.000...	1.000	10.459	0.0023	Acinonyx_jubatus
121	1	0.000	26.490	1.000	6.943	0.0139	Ailuropoda_melanoleuca
135	1	0.670	32.604	1.000	4.837	0.0410	Ailuropoda_melanoleuca
137	1	1.196	60.208	1.000	4.533	0.0480	Ailuropoda_melanoleuca
185	1	0.000	27.385	1.000	5.949	0.0231	Ailuropoda_melanoleuca
188	1	0.000	27.862	1.000	6.345	0.0189	Ailuropoda_melanoleuca
219	1	0.000	26.928	1.000	6.362	0.0187	Ailuropoda_melanoleuca
253	1	0.000	28.320	1.000	3.881	0.0673	Ailuropoda_melanoleuca
260	1	0.000	52.543	1.000	7.632	0.0098	Ailuropoda_melanoleuca
58	1	1.693	10000.000...	1.000	16.879	0.0001	Callorhinus_ursinus
381	1	0.000	10000.000...	1.000	86.577	0.0000	Canis_lupus_familiaris
434	1	0.000	10000.000...	1.000	11.533	0.0014	Canis_lupus_familiaris
34	1	4.597	10000.000...	1.000	15.039	0.0002	Enhydra_lutris_kenyoni
94	1	2.424	10000.000...	1.000	6.061	0.0219	Enhydra_lutris_kenyoni
255	1	0.000	10000.000...	1.000	5.317	0.0320	Enhydra_lutris_kenyoni
408	1	0.000	10000.000...	1.000	33.521	0.0000	Enhydra_lutris_kenyoni
603	1	1.689	10000.000...	1.000	5.731	0.0259	Enhydra_lutris_kenyoni
636	1	0.000	317.858	1.000	5.229	0.0335	Eumetopias_jubatus
210	1	1.027	10000.000...	1.000	17.538	0.0001	Felis_catus
374	1	1.610	10000.000...	1.000	11.777	0.0012	Felis_catus
421	1	0.000	10000.000...	1.000	8.649	0.0058	Felis_catus
634	1	2.237	10000.000...	1.000	10.363	0.0024	Felis_catus
668	1	3.571	10000.000...	1.000	11.212	0.0016	Felis_catus
202	1	0.000	10000.000...	1.000	57.124	0.0000	Halichoerus_grypus
544	1	1.269	10000.000...	1.000	3.873	0.0676	Halichoerus_grypus
9	1	0.980	10000.000...	1.000	4.852	0.0407	Hyaena_hyaena
13	1	0.000	10000.000...	1.000	7.585	0.0100	Hyaena_hyaena
31	1	0.000	10000.000...	1.000	5.048	0.0368	Hyaena_hyaena
80	1	1.715	10000.000...	1.000	16.755	0.0001	Hyaena_hyaena
90	1	0.000	10000.000...	1.000	34.698	0.0000	Hyaena_hyaena
92	1	0.980	10000.000...	1.000	17.563	0.0001	Hyaena_hyaena
307	1	1.972	10000.000...	1.000	15.941	0.0001	Hyaena_hyaena
368	1	0.000	10000.000...	1.000	3.703	0.0739	Hyaena_hyaena
375	1	0.000	10000.000...	1.000	7.193	0.0122	Hyaena_hyaena
376	1	4.296	10000.000...	1.000	15.093	0.0002	Hyaena_hyaena
424	1	1.643	10000.000...	1.000	3.546	0.0802	Hyaena_hyaena
457	1	2.443	10000.000...	1.000	16.169	0.0001	Hyaena_hyaena
468	1	1.658	10000.000...	1.000	16.380	0.0001	Hyaena_hyaena
489	1	2.198	10000.000...	1.000	4.456	0.0499	Hyaena_hyaena
507	1	1.016	10000.000...	1.000	7.047	0.0132	Hyaena_hyaena
508	1	2.417	10000.000...	1.000	16.037	0.0001	Hyaena_hyaena
539	1	12.011	10000.000...	1.000	4.765	0.0426	Hyaena_hyaena
582	1	1.626	10000.000...	1.000	16.853	0.0001	Hyaena_hyaena
617	1	0.000	10000.000...	1.000	33.724	0.0000	Hyaena_hyaena
673	1	0.000	10000.000...	1.000	5.021	0.0373	Hyaena_hyaena
77	1	1.711	10000.000...	1.000	9.607	0.0036	Leopardus_geoffroyi
87	1	0.000	10000.000...	1.000	6.586	0.0167	Leopardus_geoffroyi
94	1	2.435	10000.000...	1.000	7.116	0.0127	Leopardus_geoffroyi
116	1	2.459	10000.000...	1.000	16.062	0.0001	Leopardus_geoffroyi
138	1	1.174	10000.000...	1.000	6.474	0.0177	Leopardus_geoffroyi
158	1	2.683	10000.000...	1.000	15.576	0.0002	Leopardus_geoffroyi
254	1	1.141	10000.000...	1.000	13.777	0.0004	Leopardus_geoffroyi
259	1	0.000	10000.000...	1.000	13.184	0.0006	Leopardus_geoffroyi
542	1	1.167	10000.000...	1.000	7.784	0.0091	Leopardus_geoffroyi
578	1	1.280	10000.000...	1.000	8.716	0.0056	Leopardus_geoffroyi
42	1	1.063	10000.000...	1.000	6.929	0.0140	Lontra_canadensis
188	1	0.000	10000.000...	1.000	6.986	0.0136	Lontra_canadensis
334	1	0.000	10000.000...	1.000	36.132	0.0000	Lontra_canadensis
354	1	0.000	10000.000...	1.000	12.033	0.0011	Lontra_canadensis
424	1	1.706	10000.000...	1.000	7.217	0.0121	Lontra_canadensis
466	1	3.404	10000.000...	1.000	15.666	0.0002	Lontra_canadensis
473	1	1.263	10000.000...	1.000	4.297	0.0542	Lontra_canadensis
512	1	0.000	10000.000...	1.000	7.670	0.0096	Lontra_canadensis
542	1	1.179	10000.000...	1.000	8.606	0.0060	Lontra_canadensis
583	1	0.000	10000.000...	1.000	8.808	0.0054	Lontra_canadensis
584	1	1.515	10000.000...	1.000	5.836	0.0245	Lontra_canadensis
37	1	1.196	10000.000...	1.000	17.217	0.0001	Lynx_canadensis
104	1	0.000	10000.000...	1.000	10.696	0.0021	Lynx_canadensis
568	1	1.043	10000.000...	1.000	17.512	0.0001	Lynx_canadensis
572	1	0.932	10000.000...	1.000	4.780	0.0422	Lynx_pardinus
16	1	2.965	10000.000...	1.000	15.673	0.0002	Meles_meles
38	1	1.018	10000.000...	1.000	17.531	0.0001	Meles_meles
52	1	1.003	10000.000...	1.000	4.464	0.0497	Meles_meles
185	1	0.000	10000.000...	1.000	3.974	0.0641	Meles_meles
200	1	0.000	10000.000...	1.000	5.419	0.0304	Meles_meles
472	1	7.124	10000.000...	1.000	3.613	0.0774	Meles_meles
484	1	1.060	10000.000...	1.000	17.444	0.0001	Meles_meles
529	1	0.781	10000.000...	1.000	7.736	0.0093	Meles_meles
70	1	1.766	10000.000...	1.000	6.922	0.0141	Mirounga_leonina
103	1	1.011	10000.000...	1.000	17.567	0.0001	Mirounga_leonina
249	1	1.888	10000.000...	1.000	11.471	0.0014	Mirounga_leonina
505	1	2.964	10000.000...	1.000	7.680	0.0096	Mirounga_leonina
607	1	0.000	10000.000...	1.000	7.157	0.0125	Mirounga_leonina
621	1	1.051	10000.000...	1.000	9.540	0.0037	Mirounga_leonina
642	1	4.008	10000.000...	1.000	15.120	0.0002	Mirounga_leonina
73	1	0.000	10000.000...	1.000	8.200	0.0073	Mustela_putorius_furo
502	1	0.000	10000.000...	1.000	8.869	0.0052	Mustela_putorius_furo
607	1	0.000	10000.000...	1.000	6.377	0.0186	Mustela_putorius_furo
9	1	1.002	10000.000...	1.000	8.969	0.0050	Neogale_vison
44	1	0.000	10000.000...	1.000	10.759	0.0020	Neogale_vison
201	1	0.000	10000.000...	1.000	34.691	0.0000	Neogale_vison
345	1	4.048	10000.000...	1.000	6.974	0.0137	Neogale_vison
393	1	0.000	10000.000...	1.000	37.304	0.0000	Neogale_vison
401	1	0.620	10000.000...	1.000	18.539	0.0000	Neogale_vison
419	1	0.000	10000.000...	1.000	6.223	0.0201	Neogale_vison
426	1	5.362	10000.000...	1.000	14.494	0.0003	Neogale_vison
594	1	2.738	10000.000...	1.000	17.354	0.0001	Neogale_vison
632	1	3.387	10000.000...	1.000	7.390	0.0111	Neogale_vison
39	1	0.000	10000.000...	1.000	5.016	0.0374	Neomonachus_schauinslandi
135	1	0.669	10000.000...	1.000	6.191	0.0204	Neomonachus_schauinslandi
146	1	0.000	10000.000...	1.000	12.841	0.0007	Neomonachus_schauinslandi
609	1	2.507	10000.000...	1.000	9.395	0.0040	Neomonachus_schauinslandi
630	1	0.000	10000.000...	1.000	17.350	0.0001	Neomonachus_schauinslandi
248	1	0.000	10000.000...	1.000	5.589	0.0278	Odobenus_rosmarus_divergens
418	1	5.820	10000.000...	1.000	4.908	0.0395	Odobenus_rosmarus_divergens
626	1	5.273	10000.000...	1.000	9.117	0.0046	Odobenus_rosmarus_divergens
676	1	0.866	10000.000...	1.000	4.086	0.0605	Odobenus_rosmarus_divergens
243	1	0.000	10000.000...	1.000	14.306	0.0003	Panthera_leo
286	1	0.000	10000.000...	1.000	34.688	0.0000	Panthera_leo
84	1	2.124	10000.000...	1.000	11.535	0.0014	Panthera_pardus
459	1	0.000	10000.000...	1.000	10.156	0.0027	Panthera_pardus
621	1	1.053	10000.000...	1.000	10.958	0.0018	Panthera_pardus
674	1	1.967	10000.000...	1.000	5.980	0.0228	Panthera_tigris_tigris
679	1	5.316	10000.000...	1.000	14.634	0.0003	Panthera_tigris_tigris
61	1	0.000	10000.000...	1.000	19.967	0.0000	Panthera_uncia
216	1	2.160	10000.000...	1.000	16.367	0.0001	Panthera_uncia
272	1	0.000	10000.000...	1.000	13.481	0.0005	Panthera_uncia
635	1	0.000	10000.000...	1.000	36.269	0.0000	Panthera_uncia
370	1	2.097	98.132	1.000	3.348	0.0889	Phoca_vitulina
387	1	0.857	106.110	1.000	6.606	0.0165	Phoca_vitulina
63	1	0.000	10000.000...	1.000	11.108	0.0017	Prionailurus_bengalensis
76	1	0.000	10000.000...	1.000	7.629	0.0098	Prionailurus_bengalensis
128	1	3.768	10000.000...	1.000	9.511	0.0038	Prionailurus_bengalensis
237	1	1.754	10000.000...	1.000	16.367	0.0001	Prionailurus_bengalensis
559	1	1.388	10000.000...	1.000	9.290	0.0042	Prionailurus_bengalensis
659	1	1.381	10000.000...	1.000	13.409	0.0005	Prionailurus_bengalensis
73	1	0.000	10000.000...	1.000	5.810	0.0249	Puma_concolor
251	1	2.424	10000.000...	1.000	7.155	0.0125	Puma_concolor
581	1	0.000	10000.000...	1.000	7.425	0.0109	Puma_concolor
636	1	0.000	10000.000...	1.000	5.069	0.0364	Puma_concolor
87	1	0.000	10000.000...	1.000	6.866	0.0145	Puma_yagouaroundi
274	1	0.776	10000.000...	1.000	11.121	0.0017	Puma_yagouaroundi
351	1	1.681	10000.000...	1.000	8.891	0.0052	Puma_yagouaroundi
469	1	1.761	10000.000...	1.000	10.019	0.0029	Puma_yagouaroundi
486	1	1.207	10000.000...	1.000	5.163	0.0347	Puma_yagouaroundi
603	1	1.710	10000.000...	1.000	6.737	0.0155	Puma_yagouaroundi
631	1	0.999	10000.000...	1.000	9.544	0.0037	Puma_yagouaroundi
689	1	4.383	10000.000...	1.000	10.427	0.0024	Puma_yagouaroundi
8	1	0.000	10000.000...	1.000	6.093	0.0215	Suricata_suricatta
20	1	0.000	10000.000...	1.000	34.698	0.0000	Suricata_suricatta
199	1	0.000	10000.000...	1.000	34.698	0.0000	Suricata_suricatta
28	1	2.453	10000.000...	1.000	16.079	0.0001	Suricata_suricatta
29	1	1.444	10000.000...	1.000	5.264	0.0329	Suricata_suricatta
42	1	0.955	10000.000...	1.000	4.206	0.0568	Suricata_suricatta
46	1	0.782	10000.000...	1.000	3.509	0.0817	Suricata_suricatta
68	1	1.028	10000.000...	1.000	17.303	0.0001	Suricata_suricatta
77	1	1.466	10000.000...	1.000	3.313	0.0906	Suricata_suricatta
79	1	2.504	10000.000...	1.000	4.432	0.0506	Suricata_suricatta
95	1	0.000	10000.000...	1.000	3.535	0.0807	Suricata_suricatta
106	1	0.000	10000.000...	1.000	8.683	0.0057	Suricata_suricatta
111	1	1.826	10000.000...	1.000	16.488	0.0001	Suricata_suricatta
119	1	0.000	10000.000...	1.000	4.084	0.0606	Suricata_suricatta
123	1	0.000	10000.000...	1.000	7.340	0.0114	Suricata_suricatta
134	1	0.000	10000.000...	1.000	7.340	0.0114	Suricata_suricatta
128	1	3.516	10000.000...	1.000	3.778	0.0710	Suricata_suricatta
129	1	1.027	10000.000...	1.000	17.279	0.0001	Suricata_suricatta
157	1	0.944	10000.000...	1.000	17.444	0.0001	Suricata_suricatta
180	1	0.000	10000.000...	1.000	37.324	0.0000	Suricata_suricatta
218	1	2.914	10000.000...	1.000	4.441	0.0503	Suricata_suricatta
235	1	0.954	10000.000...	1.000	17.556	0.0001	Suricata_suricatta
258	1	3.347	10000.000...	1.000	4.306	0.0540	Suricata_suricatta
270	1	0.844	10000.000...	1.000	3.461	0.0838	Suricata_suricatta
272	1	0.000	10000.000...	1.000	6.818	0.0148	Suricata_suricatta
333	1	0.000	10000.000...	1.000	60.280	0.0000	Suricata_suricatta
341	1	0.000	10000.000...	1.000	3.847	0.0685	Suricata_suricatta
342	1	0.000	10000.000...	1.000	7.211	0.0121	Suricata_suricatta
365	1	2.484	10000.000...	1.000	4.141	0.0588	Suricata_suricatta
368	1	0.000	10000.000...	1.000	7.520	0.0104	Suricata_suricatta
372	1	0.000	10000.000...	1.000	7.394	0.0111	Suricata_suricatta
394	1	0.955	10000.000...	1.000	3.806	0.0700	Suricata_suricatta
415	1	3.602	10000.000...	1.000	15.372	0.0002	Suricata_suricatta
434	1	0.000	10000.000...	1.000	5.721	0.0260	Suricata_suricatta
512	1	0.000	10000.000...	1.000	5.412	0.0305	Suricata_suricatta
546	1	5.806	10000.000...	1.000	14.246	0.0003	Suricata_suricatta
573	1	3.473	10000.000...	1.000	15.316	0.0002	Suricata_suricatta
587	1	0.000	10000.000...	1.000	8.904	0.0051	Suricata_suricatta
599	1	0.000	10000.000...	1.000	6.991	0.0136	Suricata_suricatta
607	1	0.000	10000.000...	1.000	4.678	0.0445	Suricata_suricatta
632	1	2.859	10000.000...	1.000	7.215	0.0121	Suricata_suricatta
637	1	2.129	10000.000...	1.000	16.117	0.0001	Suricata_suricatta
645	1	1.989	10000.000...	1.000	3.394	0.0868	Suricata_suricatta
661	1	0.000	10000.000...	1.000	5.975	0.0228	Suricata_suricatta
668	1	2.712	10000.000...	1.000	4.380	0.0519	Suricata_suricatta
676	1	0.741	10000.000...	1.000	4.243	0.0558	Suricata_suricatta
685	1	1.623	10000.000...	1.000	16.701	0.0001	Suricata_suricatta
687	1	0.000	10000.000...	1.000	4.059	0.0614	Suricata_suricatta
689	1	4.705	10000.000...	1.000	7.808	0.0090	Suricata_suricatta
21	1	1.099	10000.000...	1.000	8.081	0.0078	Ursus_americanus
10	1	0.000	190.644	1.000	8.114	0.0077	Ursus_arctos
88	1	0.000	209.798	1.000	10.635	0.0021	Ursus_arctos
143	1	1.789	156.992	1.000	5.775	0.0253	Ursus_arctos
463	1	0.964	186.576	1.000	7.451	0.0107	Ursus_arctos
204	1	2.806	10000.000...	1.000	6.876	0.0144	Vulpes_lagopus
603	1	1.719	10000.000...	1.000	5.091	0.0360	Vulpes_vulpes
45	1	2.616	10000.000...	1.000	15.943	0.0001	Zalophus_californianus
87	1	0.000	10000.000...	1.000	13.176	0.0006	Zalophus_californianus
151	1	5.346	10000.000...	1.000	13.275	0.0006	Zalophus_californianus
219	1	0.000	10000.000...	1.000	9.557	0.0037	Zalophus_californianus
