Codon	Partition	alpha	beta_plus	p_plus	LRT	pValue	Species
66	1	0.994	10000.000...	1.000	17.592	0.0001	Aotus_nancymaae
100	1	2.104	10000.000...	1.000	3.968	0.0643	Aotus_nancymaae
135	1	0.000	10000.000...	1.000	6.870	0.0144	Aotus_nancymaae
254	1	0.000	10000.000...	1.000	6.471	0.0177	Aotus_nancymaae
372	1	1.361	10000.000...	1.000	16.911	0.0001	Aotus_nancymaae
788	1	0.000	10000.000...	1.000	7.712	0.0094	Aotus_nancymaae
874	1	0.000	10000.000...	1.000	4.382	0.0519	Aotus_nancymaae
882	1	2.371	10000.000...	1.000	4.991	0.0379	Aotus_nancymaae
905	1	0.000	10000.000...	1.000	6.936	0.0140	Aotus_nancymaae
80	1	2.623	10000.000...	1.000	15.903	0.0001	Callithrix_jacchus
122	1	0.000	10000.000...	1.000	9.134	0.0046	Callithrix_jacchus
135	1	0.000	10000.000...	1.000	12.161	0.0010	Callithrix_jacchus
199	1	0.146	10000.000...	1.000	4.073	0.0609	Callithrix_jacchus
208	1	0.000	10000.000...	1.000	8.428	0.0065	Callithrix_jacchus
238	1	1.654	10000.000...	1.000	9.396	0.0040	Callithrix_jacchus
371	1	1.199	10000.000...	1.000	5.804	0.0249	Callithrix_jacchus
379	1	0.000	10000.000...	1.000	4.330	0.0533	Callithrix_jacchus
740	1	3.398	10000.000...	1.000	3.591	0.0783	Callithrix_jacchus
750	1	0.000	10000.000...	1.000	4.329	0.0533	Callithrix_jacchus
752	1	6.747	10000.000...	1.000	6.442	0.0180	Callithrix_jacchus
806	1	0.000	10000.000...	1.000	8.704	0.0057	Callithrix_jacchus
908	1	0.000	10000.000...	1.000	4.025	0.0625	Callithrix_jacchus
916	1	0.000	10000.000...	1.000	3.999	0.0633	Callithrix_jacchus
917	1	19.916	10000.000...	1.000	3.547	0.0801	Callithrix_jacchus
923	1	0.000	10000.000...	1.000	10.463	0.0023	Callithrix_jacchus
9	1	0.000	10000.000...	1.000	14.920	0.0002	Carlito_syrichta
10	1	2.426	10000.000...	1.000	5.002	0.0377	Carlito_syrichta
21	1	0.000	10000.000...	1.000	3.154	0.0985	Carlito_syrichta
26	1	1.488	10000.000...	1.000	16.400	0.0001	Carlito_syrichta
33	1	10.996	10000.000...	1.000	13.067	0.0006	Carlito_syrichta
45	1	3.842	10000.000...	1.000	4.668	0.0447	Carlito_syrichta
52	1	0.000	10000.000...	1.000	3.832	0.0690	Carlito_syrichta
70	1	0.000	10000.000...	1.000	11.927	0.0011	Carlito_syrichta
76	1	3.367	10000.000...	1.000	4.867	0.0404	Carlito_syrichta
83	1	2.933	10000.000...	1.000	5.085	0.0361	Carlito_syrichta
86	1	0.000	10000.000...	1.000	5.696	0.0263	Carlito_syrichta
88	1	1.547	10000.000...	1.000	4.064	0.0612	Carlito_syrichta
89	1	1.574	10000.000...	1.000	5.645	0.0270	Carlito_syrichta
94	1	6.456	10000.000...	1.000	14.199	0.0004	Carlito_syrichta
101	1	0.000	10000.000...	1.000	8.452	0.0065	Carlito_syrichta
107	1	7.304	10000.000...	1.000	3.585	0.0786	Carlito_syrichta
108	1	0.000	10000.000...	1.000	5.139	0.0351	Carlito_syrichta
123	1	0.000	10000.000...	1.000	8.801	0.0054	Carlito_syrichta
132	1	3.410	10000.000...	1.000	15.204	0.0002	Carlito_syrichta
138	1	1.491	10000.000...	1.000	16.415	0.0001	Carlito_syrichta
202	1	1.612	10000.000...	1.000	4.640	0.0454	Carlito_syrichta
208	1	0.000	10000.000...	1.000	4.984	0.0380	Carlito_syrichta
231	1	0.000	10000.000...	1.000	7.785	0.0091	Carlito_syrichta
234	1	0.000	10000.000...	1.000	8.227	0.0072	Carlito_syrichta
258	1	1.018	10000.000...	1.000	17.222	0.0001	Carlito_syrichta
267	1	1.346	10000.000...	1.000	16.551	0.0001	Carlito_syrichta
285	1	4.267	10000.000...	1.000	5.628	0.0273	Carlito_syrichta
291	1	0.931	10000.000...	1.000	17.425	0.0001	Carlito_syrichta
314	1	4.479	10000.000...	1.000	3.623	0.0770	Carlito_syrichta
321	1	1.433	10000.000...	1.000	16.607	0.0001	Carlito_syrichta
333	1	3.487	10000.000...	1.000	30.208	0.0000	Carlito_syrichta
334	1	0.000	10000.000...	1.000	38.763	0.0000	Carlito_syrichta
346	1	3.271	10000.000...	1.000	3.820	0.0695	Carlito_syrichta
373	1	0.000	10000.000...	1.000	8.260	0.0071	Carlito_syrichta
403	1	0.000	10000.000...	1.000	5.611	0.0275	Carlito_syrichta
430	1	0.000	10000.000...	1.000	11.879	0.0011	Carlito_syrichta
437	1	0.000	10000.000...	1.000	8.159	0.0075	Carlito_syrichta
447	1	2.053	10000.000...	1.000	4.846	0.0408	Carlito_syrichta
476	1	2.805	10000.000...	1.000	15.518	0.0002	Carlito_syrichta
507	1	3.675	10000.000...	1.000	5.412	0.0305	Carlito_syrichta
563	1	0.000	10000.000...	1.000	8.595	0.0060	Carlito_syrichta
567	1	0.000	10000.000...	1.000	17.194	0.0001	Carlito_syrichta
569	1	6.483	10000.000...	1.000	14.230	0.0003	Carlito_syrichta
580	1	1.046	10000.000...	1.000	4.748	0.0429	Carlito_syrichta
586	1	6.096	10000.000...	1.000	13.975	0.0004	Carlito_syrichta
725	1	0.000	10000.000...	1.000	4.205	0.0569	Carlito_syrichta
732	1	2.036	10000.000...	1.000	5.433	0.0302	Carlito_syrichta
734	1	0.000	10000.000...	1.000	5.241	0.0333	Carlito_syrichta
739	1	1.889	10000.000...	1.000	3.405	0.0863	Carlito_syrichta
749	1	0.000	10000.000...	1.000	4.770	0.0425	Carlito_syrichta
760	1	1.735	10000.000...	1.000	15.960	0.0001	Carlito_syrichta
767	1	3.364	10000.000...	1.000	15.278	0.0002	Carlito_syrichta
780	1	0.000	10000.000...	1.000	19.385	0.0000	Carlito_syrichta
785	1	1.070	10000.000...	1.000	6.963	0.0138	Carlito_syrichta
794	1	0.000	10000.000...	1.000	46.010	0.0000	Carlito_syrichta
797	1	0.933	10000.000...	1.000	7.601	0.0099	Carlito_syrichta
802	1	0.000	10000.000...	1.000	4.997	0.0378	Carlito_syrichta
807	1	0.000	10000.000...	1.000	7.226	0.0120	Carlito_syrichta
825	1	0.000	10000.000...	1.000	4.674	0.0446	Carlito_syrichta
838	1	0.000	10000.000...	1.000	37.887	0.0000	Carlito_syrichta
868	1	0.000	10000.000...	1.000	3.879	0.0674	Carlito_syrichta
904	1	0.000	10000.000...	1.000	4.843	0.0409	Carlito_syrichta
52	1	0.000	10000.000...	1.000	6.011	0.0224	Cebus_imitator
75	1	0.000	10000.000...	1.000	8.359	0.0068	Cebus_imitator
167	1	0.000	10000.000...	1.000	8.645	0.0058	Cebus_imitator
508	1	0.000	10000.000...	1.000	7.449	0.0107	Cebus_imitator
294	1	1.097	123.510	1.000	6.433	0.0181	Cercocebus_atys
82	1	0.971	10000.000...	1.000	3.134	0.0995	Chlorocebus_sabaeus
812	1	1.052	10000.000...	1.000	5.973	0.0229	Chlorocebus_sabaeus
170	1	0.000	10000.000...	1.000	9.457	0.0039	Colobus_angolensis_palliatus
294	1	1.086	10000.000...	1.000	12.373	0.0009	Colobus_angolensis_palliatus
797	1	1.028	10000.000...	1.000	10.078	0.0028	Colobus_angolensis_palliatus
882	1	2.396	10000.000...	1.000	7.549	0.0102	Colobus_angolensis_palliatus
72	1	0.000	10000.000...	1.000	12.182	0.0010	Gorilla_gorilla_gorilla
144	1	4.465	10000.000...	1.000	14.678	0.0003	Gorilla_gorilla_gorilla
247	1	0.000	10000.000...	1.000	19.122	0.0000	Gorilla_gorilla_gorilla
375	1	0.000	10000.000...	1.000	9.954	0.0030	Gorilla_gorilla_gorilla
584	1	7.225	10000.000...	1.000	25.503	0.0000	Gorilla_gorilla_gorilla
585	1	0.000	10000.000...	1.000	28.743	0.0000	Gorilla_gorilla_gorilla
587	1	1.138	10000.000...	1.000	20.767	0.0000	Gorilla_gorilla_gorilla
724	1	2.383	10000.000...	1.000	19.188	0.0000	Gorilla_gorilla_gorilla
796	1	4.403	10000.000...	1.000	33.417	0.0000	Gorilla_gorilla_gorilla
798	1	0.000	10000.000...	1.000	44.866	0.0000	Gorilla_gorilla_gorilla
881	1	4.723	10000.000...	1.000	13.673	0.0005	Gorilla_gorilla_gorilla
883	1	1.589	10000.000...	1.000	30.846	0.0000	Gorilla_gorilla_gorilla
903	1	0.000	10000.000...	1.000	13.851	0.0004	Gorilla_gorilla_gorilla
905	1	0.000	10000.000...	1.000	13.052	0.0006	Gorilla_gorilla_gorilla
906	1	0.000	10000.000...	1.000	28.342	0.0000	Gorilla_gorilla_gorilla
257	1	1.162	122.540	1.000	5.759	0.0255	Homo_sapiens_neanderthalensis
371	1	1.241	76.057	1.000	4.922	0.0392	Homo_sapiens_neanderthalensis
473	1	2.628	58.123	1.000	3.775	0.0711	Homo_sapiens_neanderthalensis
485	1	0.973	89.418	1.000	5.702	0.0263	Homo_sapiens_neanderthalensis
36	1	0.000	102.371	1.000	8.454	0.0064	Hylobates_moloch
170	1	0.000	63.162	1.000	7.538	0.0103	Hylobates_moloch
733	1	2.409	99.854	1.000	4.565	0.0472	Hylobates_moloch
906	1	0.000	51.693	1.000	6.769	0.0152	Hylobates_moloch
904	1	0.000	10000.000...	1.000	3.165	0.0979	Lemur_catta
878	1	0.976	10000.000...	1.000	6.634	0.0163	Macaca_fascicularis_fascicularis
21	1	0.000	487.156	1.000	12.161	0.0010	Macaca_thibetana_thibetana
353	1	0.000	377.042	1.000	11.552	0.0013	Macaca_thibetana_thibetana
76	1	2.830	127.439	1.000	4.852	0.0407	Mandrillus_leucophaeus
169	1	0.000	129.076	1.000	9.013	0.0049	Mandrillus_leucophaeus
286	1	2.617	113.762	1.000	4.552	0.0475	Mandrillus_leucophaeus
809	1	0.000	127.323	1.000	8.407	0.0066	Mandrillus_leucophaeus
820	1	1.676	129.981	1.000	5.457	0.0298	Mandrillus_leucophaeus
871	1	1.086	264.588	1.000	7.388	0.0111	Mandrillus_leucophaeus
7	1	0.000	10000.000...	1.000	8.132	0.0076	Microcebus_murinus
14	1	0.000	10000.000...	1.000	8.869	0.0052	Microcebus_murinus
24	1	1.043	10000.000...	1.000	7.854	0.0087	Microcebus_murinus
29	1	0.965	10000.000...	1.000	4.804	0.0417	Microcebus_murinus
39	1	1.652	10000.000...	1.000	4.884	0.0400	Microcebus_murinus
44	1	3.972	10000.000...	1.000	5.179	0.0344	Microcebus_murinus
46	1	1.163	10000.000...	1.000	5.569	0.0281	Microcebus_murinus
48	1	2.196	10000.000...	1.000	7.428	0.0109	Microcebus_murinus
81	1	6.119	10000.000...	1.000	7.797	0.0090	Microcebus_murinus
89	1	1.723	10000.000...	1.000	7.290	0.0117	Microcebus_murinus
99	1	0.000	10000.000...	1.000	4.821	0.0413	Microcebus_murinus
100	1	3.564	10000.000...	1.000	4.458	0.0499	Microcebus_murinus
107	1	5.766	10000.000...	1.000	5.444	0.0300	Microcebus_murinus
114	1	0.000	10000.000...	1.000	14.217	0.0003	Microcebus_murinus
159	1	0.000	10000.000...	1.000	69.369	0.0000	Microcebus_murinus
161	1	0.000	10000.000...	1.000	10.198	0.0027	Microcebus_murinus
180	1	2.468	10000.000...	1.000	15.692	0.0002	Microcebus_murinus
196	1	1.274	10000.000...	1.000	5.843	0.0244	Microcebus_murinus
197	1	0.000	10000.000...	1.000	6.968	0.0137	Microcebus_murinus
199	1	0.000	10000.000...	1.000	8.952	0.0050	Microcebus_murinus
237	1	1.517	10000.000...	1.000	16.343	0.0001	Microcebus_murinus
241	1	0.000	10000.000...	1.000	11.511	0.0014	Microcebus_murinus
242	1	0.000	10000.000...	1.000	10.460	0.0023	Microcebus_murinus
265	1	1.453	10000.000...	1.000	6.018	0.0223	Microcebus_murinus
273	1	0.000	10000.000...	1.000	14.792	0.0003	Microcebus_murinus
277	1	3.607	10000.000...	1.000	14.893	0.0002	Microcebus_murinus
310	1	5.758	10000.000...	1.000	14.072	0.0004	Microcebus_murinus
314	1	4.649	10000.000...	1.000	5.951	0.0231	Microcebus_murinus
335	1	1.230	10000.000...	1.000	16.931	0.0001	Microcebus_murinus
342	1	0.000	10000.000...	1.000	10.995	0.0018	Microcebus_murinus
345	1	1.505	10000.000...	1.000	16.378	0.0001	Microcebus_murinus
348	1	0.000	10000.000...	1.000	10.429	0.0024	Microcebus_murinus
355	1	5.231	10000.000...	1.000	6.566	0.0169	Microcebus_murinus
362	1	1.041	10000.000...	1.000	17.201	0.0001	Microcebus_murinus
363	1	2.169	10000.000...	1.000	16.052	0.0001	Microcebus_murinus
364	1	0.000	10000.000...	1.000	40.484	0.0000	Microcebus_murinus
365	1	3.598	10000.000...	1.000	15.042	0.0002	Microcebus_murinus
388	1	1.681	10000.000...	1.000	16.100	0.0001	Microcebus_murinus
409	1	1.635	10000.000...	1.000	16.173	0.0001	Microcebus_murinus
421	1	0.000	10000.000...	1.000	5.392	0.0308	Microcebus_murinus
424	1	1.517	10000.000...	1.000	16.399	0.0001	Microcebus_murinus
427	1	1.623	10000.000...	1.000	31.407	0.0000	Microcebus_murinus
429	1	2.193	10000.000...	1.000	16.141	0.0001	Microcebus_murinus
447	1	3.496	10000.000...	1.000	8.212	0.0073	Microcebus_murinus
464	1	0.000	10000.000...	1.000	9.660	0.0035	Microcebus_murinus
482	1	2.314	10000.000...	1.000	15.964	0.0001	Microcebus_murinus
489	1	3.138	10000.000...	1.000	15.337	0.0002	Microcebus_murinus
509	1	2.056	10000.000...	1.000	7.755	0.0092	Microcebus_murinus
514	1	0.000	10000.000...	1.000	6.001	0.0225	Microcebus_murinus
565	1	4.168	10000.000...	1.000	14.752	0.0003	Microcebus_murinus
570	1	0.000	10000.000...	1.000	12.013	0.0011	Microcebus_murinus
571	1	0.000	10000.000...	1.000	13.894	0.0004	Microcebus_murinus
576	1	0.000	10000.000...	1.000	9.311	0.0042	Microcebus_murinus
578	1	0.000	10000.000...	1.000	6.484	0.0176	Microcebus_murinus
580	1	1.312	10000.000...	1.000	10.507	0.0023	Microcebus_murinus
581	1	0.000	10000.000...	1.000	10.137	0.0027	Microcebus_murinus
584	1	4.871	10000.000...	1.000	6.643	0.0162	Microcebus_murinus
722	1	0.968	10000.000...	1.000	7.673	0.0096	Microcebus_murinus
733	1	2.332	10000.000...	1.000	17.580	0.0001	Microcebus_murinus
735	1	0.985	10000.000...	1.000	11.097	0.0017	Microcebus_murinus
743	1	9.400	10000.000...	1.000	7.912	0.0085	Microcebus_murinus
761	1	0.000	10000.000...	1.000	4.607	0.0462	Microcebus_murinus
778	1	0.000	10000.000...	1.000	3.855	0.0682	Microcebus_murinus
782	1	0.000	10000.000...	1.000	19.285	0.0000	Microcebus_murinus
788	1	0.000	10000.000...	1.000	5.531	0.0287	Microcebus_murinus
791	1	2.330	10000.000...	1.000	6.177	0.0206	Microcebus_murinus
793	1	0.000	10000.000...	1.000	10.792	0.0020	Microcebus_murinus
795	1	1.469	10000.000...	1.000	16.531	0.0001	Microcebus_murinus
796	1	6.926	10000.000...	1.000	8.065	0.0079	Microcebus_murinus
802	1	0.000	10000.000...	1.000	8.210	0.0073	Microcebus_murinus
803	1	0.000	10000.000...	1.000	12.939	0.0007	Microcebus_murinus
805	1	1.571	10000.000...	1.000	11.134	0.0017	Microcebus_murinus
806	1	0.000	10000.000...	1.000	5.243	0.0333	Microcebus_murinus
810	1	0.972	10000.000...	1.000	7.869	0.0087	Microcebus_murinus
812	1	1.039	10000.000...	1.000	7.441	0.0108	Microcebus_murinus
821	1	3.963	10000.000...	1.000	8.444	0.0065	Microcebus_murinus
822	1	1.670	10000.000...	1.000	7.397	0.0110	Microcebus_murinus
826	1	1.774	10000.000...	1.000	15.889	0.0002	Microcebus_murinus
840	1	0.000	10000.000...	1.000	5.227	0.0335	Microcebus_murinus
842	1	1.652	10000.000...	1.000	16.212	0.0001	Microcebus_murinus
849	1	0.000	10000.000...	1.000	8.805	0.0054	Microcebus_murinus
868	1	0.000	10000.000...	1.000	7.180	0.0123	Microcebus_murinus
878	1	0.815	10000.000...	1.000	6.170	0.0207	Microcebus_murinus
882	1	2.273	10000.000...	1.000	4.891	0.0399	Microcebus_murinus
883	1	3.113	10000.000...	1.000	10.103	0.0028	Microcebus_murinus
52	1	0.000	10000.000...	1.000	7.737	0.0093	Nomascus_leucogenys
284	1	0.000	10000.000...	1.000	14.798	0.0003	Nomascus_leucogenys
375	1	0.000	10000.000...	1.000	9.076	0.0047	Nomascus_leucogenys
732	1	2.192	10000.000...	1.000	9.825	0.0032	Nomascus_leucogenys
749	1	0.000	10000.000...	1.000	9.190	0.0044	Nomascus_leucogenys
824	1	0.000	10000.000...	1.000	9.429	0.0039	Nomascus_leucogenys
11	1	0.000	7.830	1.000	3.391	0.0870	Otolemur_garnettii
19	1	1.259	20.350	1.000	3.341	0.0893	Otolemur_garnettii
21	1	0.000	16.080	1.000	8.110	0.0077	Otolemur_garnettii
30	1	0.000	8.277	1.000	3.965	0.0644	Otolemur_garnettii
46	1	0.000	10000.000...	1.000	7.001	0.0135	Otolemur_garnettii
75	1	0.000	9.177	1.000	3.667	0.0753	Otolemur_garnettii
89	1	0.000	9999.999	1.000	3.602	0.0779	Otolemur_garnettii
95	1	0.000	10.374	1.000	6.516	0.0173	Otolemur_garnettii
108	1	0.000	8.144	1.000	3.961	0.0646	Otolemur_garnettii
122	1	0.000	4.641	1.000	3.300	0.0912	Otolemur_garnettii
147	1	0.000	4.809	1.000	3.355	0.0886	Otolemur_garnettii
152	1	0.000	4.977	1.000	3.386	0.0872	Otolemur_garnettii
164	1	0.000	9.092	1.000	4.671	0.0447	Otolemur_garnettii
197	1	0.000	4.259	1.000	3.202	0.0960	Otolemur_garnettii
249	1	0.000	10.887	1.000	4.092	0.0603	Otolemur_garnettii
262	1	0.000	10.905	1.000	4.005	0.0631	Otolemur_garnettii
299	1	0.000	4.233	1.000	3.236	0.0943	Otolemur_garnettii
308	1	0.000	11.211	1.000	4.484	0.0492	Otolemur_garnettii
347	1	0.000	10000.000...	1.000	4.504	0.0487	Otolemur_garnettii
401	1	0.000	77.723	1.000	6.593	0.0166	Otolemur_garnettii
511	1	0.000	4.641	1.000	3.309	0.0908	Otolemur_garnettii
559	1	0.771	19.345	1.000	3.466	0.0836	Otolemur_garnettii
725	1	0.000	9.350	1.000	3.473	0.0833	Otolemur_garnettii
734	1	0.000	9.773	1.000	3.401	0.0865	Otolemur_garnettii
871	1	1.094	14.628	1.000	3.263	0.0930	Otolemur_garnettii
758	1	0.852	152.804	1.000	7.380	0.0111	Pan_paniscus
105	1	0.000	10000.000...	1.000	10.717	0.0020	Piliocolobus_tephrosceles
217	1	5.443	10000.000...	1.000	14.708	0.0003	Piliocolobus_tephrosceles
236	1	2.342	10000.000...	1.000	6.435	0.0180	Piliocolobus_tephrosceles
740	1	3.447	10000.000...	1.000	8.787	0.0054	Piliocolobus_tephrosceles
771	1	1.599	10000.000...	1.000	7.023	0.0134	Piliocolobus_tephrosceles
876	1	0.000	10000.000...	1.000	37.873	0.0000	Piliocolobus_tephrosceles
5	1	4.811	10000.000...	1.000	8.958	0.0050	Pongo_abelii
90	1	0.000	10000.000...	1.000	11.807	0.0012	Pongo_abelii
99	1	0.000	10000.000...	1.000	7.279	0.0117	Pongo_abelii
183	1	0.000	10000.000...	1.000	9.409	0.0040	Pongo_abelii
272	1	0.000	10000.000...	1.000	6.302	0.0193	Pongo_abelii
371	1	1.207	10000.000...	1.000	9.106	0.0046	Pongo_abelii
408	1	0.000	10000.000...	1.000	8.895	0.0052	Pongo_abelii
428	1	2.081	10000.000...	1.000	16.421	0.0001	Pongo_abelii
507	1	4.225	10000.000...	1.000	10.367	0.0024	Pongo_abelii
509	1	2.197	10000.000...	1.000	12.167	0.0010	Pongo_abelii
82	1	0.982	32.836	1.000	4.091	0.0604	Prolemur_simus
117	1	1.540	38.325	1.000	3.513	0.0816	Prolemur_simus
178	1	0.000	10000.000...	1.000	6.352	0.0188	Prolemur_simus
259	1	0.000	42.043	1.000	3.870	0.0677	Prolemur_simus
347	1	1.489	33.022	1.000	3.335	0.0896	Prolemur_simus
809	1	0.000	88.669	1.000	7.144	0.0126	Prolemur_simus
120	1	2.812	10000.000...	1.000	15.757	0.0002	Propithecus_coquereli
202	1	1.568	10000.000...	1.000	5.222	0.0336	Propithecus_coquereli
480	1	0.000	10000.000...	1.000	7.696	0.0095	Propithecus_coquereli
483	1	1.677	10000.000...	1.000	16.422	0.0001	Propithecus_coquereli
497	1	0.917	10000.000...	1.000	6.639	0.0163	Propithecus_coquereli
722	1	0.952	10000.000...	1.000	3.215	0.0954	Propithecus_coquereli
834	1	1.639	10000.000...	1.000	4.632	0.0456	Propithecus_coquereli
841	1	5.906	10000.000...	1.000	14.377	0.0003	Propithecus_coquereli
870	1	0.000	10000.000...	1.000	8.247	0.0072	Propithecus_coquereli
261	1	0.000	10000.000...	1.000	7.817	0.0089	Rhinopithecus_roxellana
11	1	0.000	10000.000...	1.000	8.100	0.0077	Saimiri_boliviensis_boliviensis
47	1	0.000	10000.000...	1.000	45.573	0.0000	Saimiri_boliviensis_boliviensis
88	1	1.566	10000.000...	1.000	8.814	0.0054	Saimiri_boliviensis_boliviensis
113	1	0.000	10000.000...	1.000	6.473	0.0177	Saimiri_boliviensis_boliviensis
273	1	0.000	10000.000...	1.000	6.819	0.0148	Saimiri_boliviensis_boliviensis
355	1	5.879	10000.000...	1.000	3.881	0.0673	Saimiri_boliviensis_boliviensis
369	1	0.000	10000.000...	1.000	14.218	0.0003	Saimiri_boliviensis_boliviensis
384	1	0.000	10000.000...	1.000	12.327	0.0009	Saimiri_boliviensis_boliviensis
396	1	0.000	10000.000...	1.000	13.001	0.0006	Saimiri_boliviensis_boliviensis
734	1	0.000	10000.000...	1.000	4.488	0.0491	Saimiri_boliviensis_boliviensis
787	1	0.000	10000.000...	1.000	86.920	0.0000	Saimiri_boliviensis_boliviensis
792	1	0.000	10000.000...	1.000	15.446	0.0002	Saimiri_boliviensis_boliviensis
805	1	1.974	10000.000...	1.000	8.282	0.0070	Saimiri_boliviensis_boliviensis
814	1	8.376	10000.000...	1.000	11.579	0.0013	Saimiri_boliviensis_boliviensis
821	1	2.371	10000.000...	1.000	9.930	0.0030	Saimiri_boliviensis_boliviensis
839	1	1.564	10000.000...	1.000	8.626	0.0059	Saimiri_boliviensis_boliviensis
914	1	0.000	10000.000...	1.000	4.419	0.0509	Saimiri_boliviensis_boliviensis
738	1	0.693	115.196	1.000	5.606	0.0276	Sapajus_apella
