Codon	Partition	alpha	beta_plus	p_plus	LRT	pValue	Species
72	1	0.000	10000.000...	1.000	3.154	0.0985	Anolis_carolinensis
73	1	2.183	10000.000...	1.000	3.874	0.0676	Anolis_carolinensis
261	1	4.836	10000.000...	1.000	3.712	0.0735	Anolis_carolinensis
305	1	0.630	10000.000...	1.000	3.457	0.0840	Anolis_carolinensis
318	1	0.725	10000.000...	1.000	3.743	0.0723	Anolis_carolinensis
360	1	0.000	10000.000...	1.000	4.330	0.0533	Anolis_carolinensis
437	1	0.000	10000.000...	1.000	7.347	0.0113	Anolis_carolinensis
441	1	1.680	10000.000...	1.000	4.403	0.0513	Anolis_carolinensis
473	1	0.000	10000.000...	1.000	8.266	0.0071	Anolis_carolinensis
478	1	1.058	10000.000...	1.000	16.517	0.0001	Anolis_carolinensis
482	1	1.128	10000.000...	1.000	16.569	0.0001	Anolis_carolinensis
508	1	0.000	10000.000...	1.000	9.118	0.0046	Anolis_carolinensis
519	1	0.000	10000.000...	1.000	3.157	0.0983	Anolis_carolinensis
530	1	0.000	10000.000...	1.000	3.804	0.0701	Anolis_carolinensis
535	1	0.000	10000.000...	1.000	6.839	0.0147	Anolis_carolinensis
553	1	1.249	10000.000...	1.000	16.897	0.0001	Anolis_carolinensis
564	1	0.000	10000.000...	1.000	8.850	0.0053	Anolis_carolinensis
679	1	0.000	10000.000...	1.000	8.850	0.0053	Anolis_carolinensis
571	1	0.667	10000.000...	1.000	7.698	0.0095	Anolis_carolinensis
604	1	0.756	10000.000...	1.000	3.517	0.0814	Anolis_carolinensis
664	1	0.705	10000.000...	1.000	17.853	0.0001	Anolis_carolinensis
672	1	0.730	10000.000...	1.000	3.375	0.0877	Anolis_carolinensis
683	1	4.579	10000.000...	1.000	3.137	0.0994	Anolis_carolinensis
703	1	0.000	10000.000...	1.000	13.388	0.0005	Anolis_carolinensis
709	1	0.726	10000.000...	1.000	3.276	0.0923	Anolis_carolinensis
720	1	0.677	10000.000...	1.000	7.767	0.0091	Anolis_carolinensis
723	1	0.000	10000.000...	1.000	7.519	0.0104	Anolis_carolinensis
724	1	1.082	10000.000...	1.000	4.625	0.0457	Anolis_carolinensis
726	1	1.577	10000.000...	1.000	5.730	0.0259	Anolis_carolinensis
746	1	0.596	10000.000...	1.000	18.294	0.0000	Anolis_carolinensis
760	1	0.000	10000.000...	1.000	9.692	0.0034	Anolis_carolinensis
771	1	0.646	10000.000...	1.000	11.000	0.0018	Anolis_carolinensis
779	1	2.828	10000.000...	1.000	4.774	0.0424	Anolis_carolinensis
782	1	1.427	10000.000...	1.000	10.089	0.0028	Anolis_carolinensis
806	1	0.000	10000.000...	1.000	3.537	0.0805	Anolis_carolinensis
808	1	0.000	10000.000...	1.000	4.204	0.0569	Anolis_carolinensis
845	1	2.781	10000.000...	1.000	3.410	0.0861	Anolis_carolinensis
929	1	0.000	10000.000...	1.000	4.078	0.0608	Anolis_carolinensis
503	1	0.000	68.804	1.000	3.625	0.0769	Gekko_japonicus
561	1	0.000	5.042	1.000	4.266	0.0551	Gekko_japonicus
569	1	0.000	49.726	1.000	8.913	0.0051	Gekko_japonicus
695	1	0.000	1427.714	1.000	3.170	0.0976	Gekko_japonicus
823	1	0.000	6.171	1.000	3.979	0.0640	Gekko_japonicus
850	1	0.000	1428.276	1.000	3.441	0.0847	Gekko_japonicus
899	1	0.000	50.110	1.000	4.899	0.0397	Gekko_japonicus
271	1	2.495	10000.000...	1.000	4.803	0.0417	Lacerta_agilis
329	1	0.000	10000.000...	1.000	13.724	0.0004	Lacerta_agilis
345	1	0.000	10000.000...	1.000	6.624	0.0164	Lacerta_agilis
484	1	1.349	10000.000...	1.000	3.305	0.0910	Lacerta_agilis
519	1	0.000	10000.000...	1.000	5.384	0.0309	Lacerta_agilis
634	1	0.000	10000.000...	1.000	5.605	0.0276	Lacerta_agilis
672	1	0.770	10000.000...	1.000	5.809	0.0249	Lacerta_agilis
764	1	0.000	10000.000...	1.000	4.576	0.0469	Lacerta_agilis
814	1	5.582	10000.000...	1.000	5.911	0.0236	Lacerta_agilis
825	1	0.925	10000.000...	1.000	17.460	0.0001	Lacerta_agilis
827	1	116.049	10000.000...	1.000	3.181	0.0971	Lacerta_agilis
836	1	0.000	10000.000...	1.000	11.572	0.0013	Lacerta_agilis
845	1	3.079	10000.000...	1.000	6.657	0.0161	Lacerta_agilis
890	1	3.256	10000.000...	1.000	3.336	0.0895	Lacerta_agilis
305	1	0.648	10000.000...	1.000	7.395	0.0111	Podarcis_muralis
307	1	0.000	10000.000...	1.000	13.530	0.0005	Podarcis_muralis
446	1	1.250	10000.000...	1.000	3.128	0.0998	Podarcis_muralis
561	1	0.000	10000.000...	1.000	6.563	0.0169	Podarcis_muralis
585	1	1.419	10000.000...	1.000	3.567	0.0793	Podarcis_muralis
604	1	0.795	10000.000...	1.000	7.005	0.0135	Podarcis_muralis
609	1	0.000	10000.000...	1.000	3.632	0.0767	Podarcis_muralis
636	1	0.000	10000.000...	1.000	13.570	0.0005	Podarcis_muralis
639	1	0.000	10000.000...	1.000	13.541	0.0005	Podarcis_muralis
718	1	0.986	10000.000...	1.000	6.490	0.0175	Podarcis_muralis
730	1	4.399	10000.000...	1.000	7.361	0.0112	Podarcis_muralis
757	1	1.078	10000.000...	1.000	7.302	0.0116	Podarcis_muralis
888	1	0.000	10000.000...	1.000	12.871	0.0007	Podarcis_muralis
893	1	0.664	10000.000...	1.000	7.067	0.0131	Podarcis_muralis
74	1	6.552	10000.000...	1.000	3.412	0.0860	Sceloporus_undulatus
264	1	0.000	10000.000...	1.000	7.826	0.0089	Sceloporus_undulatus
270	1	0.622	10000.000...	1.000	3.873	0.0676	Sceloporus_undulatus
285	1	0.000	10000.000...	1.000	6.132	0.0211	Sceloporus_undulatus
296	1	79.731	10000.000...	1.000	5.673	0.0267	Sceloporus_undulatus
298	1	0.000	10000.000...	1.000	6.286	0.0195	Sceloporus_undulatus
344	1	1.180	10000.000...	1.000	16.718	0.0001	Sceloporus_undulatus
368	1	2.629	10000.000...	1.000	3.487	0.0827	Sceloporus_undulatus
409	1	0.000	10000.000...	1.000	7.114	0.0128	Sceloporus_undulatus
438	1	0.000	10000.000...	1.000	7.012	0.0134	Sceloporus_undulatus
490	1	0.701	10000.000...	1.000	3.921	0.0659	Sceloporus_undulatus
494	1	0.000	10000.000...	1.000	4.218	0.0565	Sceloporus_undulatus
495	1	4.992	10000.000...	1.000	14.211	0.0003	Sceloporus_undulatus
573	1	0.648	10000.000...	1.000	6.916	0.0141	Sceloporus_undulatus
675	1	1.277	10000.000...	1.000	4.316	0.0537	Sceloporus_undulatus
709	1	0.696	10000.000...	1.000	3.706	0.0737	Sceloporus_undulatus
726	1	1.788	10000.000...	1.000	4.233	0.0561	Sceloporus_undulatus
829	1	0.000	10000.000...	1.000	6.922	0.0141	Sceloporus_undulatus
894	1	2.256	10000.000...	1.000	16.066	0.0001	Sceloporus_undulatus
99	1	5.095	10000.000...	1.000	4.031	0.0623	Varanus_komodoensis
108	1	3.427	10000.000...	1.000	14.881	0.0002	Varanus_komodoensis
111	1	0.000	10000.000...	1.000	5.380	0.0310	Varanus_komodoensis
275	1	0.000	10000.000...	1.000	9.173	0.0045	Varanus_komodoensis
315	1	0.000	10000.000...	1.000	9.502	0.0038	Varanus_komodoensis
321	1	0.000	10000.000...	1.000	8.224	0.0072	Varanus_komodoensis
353	1	0.000	10000.000...	1.000	11.635	0.0013	Varanus_komodoensis
355	1	3.115	10000.000...	1.000	3.453	0.0842	Varanus_komodoensis
369	1	0.000	10000.000...	1.000	3.938	0.0653	Varanus_komodoensis
397	1	0.422	10000.000...	1.000	4.639	0.0454	Varanus_komodoensis
462	1	0.000	10000.000...	1.000	5.045	0.0368	Varanus_komodoensis
469	1	0.000	10000.000...	1.000	7.204	0.0122	Varanus_komodoensis
475	1	2.369	10000.000...	1.000	15.010	0.0002	Varanus_komodoensis
497	1	2.033	10000.000...	1.000	16.022	0.0001	Varanus_komodoensis
542	1	0.000	10000.000...	1.000	5.043	0.0369	Varanus_komodoensis
549	1	0.918	10000.000...	1.000	5.189	0.0342	Varanus_komodoensis
554	1	0.000	10000.000...	1.000	7.297	0.0116	Varanus_komodoensis
563	1	0.000	10000.000...	1.000	7.931	0.0084	Varanus_komodoensis
572	1	0.000	10000.000...	1.000	9.473	0.0038	Varanus_komodoensis
590	1	0.620	10000.000...	1.000	18.063	0.0001	Varanus_komodoensis
621	1	4.784	10000.000...	1.000	3.741	0.0724	Varanus_komodoensis
649	1	0.588	10000.000...	1.000	18.178	0.0000	Varanus_komodoensis
662	1	0.000	10000.000...	1.000	5.043	0.0369	Varanus_komodoensis
697	1	1.306	10000.000...	1.000	3.993	0.0635	Varanus_komodoensis
721	1	1.466	10000.000...	1.000	16.786	0.0001	Varanus_komodoensis
747	1	0.610	10000.000...	1.000	18.139	0.0000	Varanus_komodoensis
748	1	0.955	10000.000...	1.000	4.704	0.0439	Varanus_komodoensis
764	1	0.000	10000.000...	1.000	7.268	0.0118	Varanus_komodoensis
800	1	0.000	10000.000...	1.000	9.393	0.0040	Varanus_komodoensis
811	1	0.000	10000.000...	1.000	4.566	0.0472	Varanus_komodoensis
842	1	0.479	10000.000...	1.000	4.524	0.0482	Varanus_komodoensis
875	1	0.000	10000.000...	1.000	7.105	0.0128	Varanus_komodoensis
33	1	0.834	10000.000...	1.000	17.677	0.0001	Zootoca_vivipara_carniolica
36	1	1.894	10000.000...	1.000	3.441	0.0847	Zootoca_vivipara_carniolica
38	1	0.905	10000.000...	1.000	8.030	0.0080	Zootoca_vivipara_carniolica
296	1	23.569	10000.000...	1.000	5.217	0.0337	Zootoca_vivipara_carniolica
388	1	1.943	10000.000...	1.000	16.272	0.0001	Zootoca_vivipara_carniolica
650	1	0.000	10000.000...	1.000	3.494	0.0824	Zootoca_vivipara_carniolica
757	1	1.059	10000.000...	1.000	4.349	0.0528	Zootoca_vivipara_carniolica
883	1	1.334	10000.000...	1.000	4.107	0.0598	Zootoca_vivipara_carniolica
