

TREE # 1

  0  0.0000  76830.427441  x:  0.07334   0.03794   0.02910   0.09284   0.10345   0.04137   0.09458   0.07564   0.10684   0.08278   0.05952   0.10755   0.10306   0.09379   0.06247   0.04566   0.05559   0.08995   0.01681   0.03263   0.01416   0.02888   0.04827   0.02139   0.08309   0.08862   0.05159   0.07865   0.02047   0.02719   0.05834   0.06566   0.04771   0.05914   0.08317   0.06963   0.02431   0.06020   0.09069   0.03431   0.01736   1.10369   1.16044  
  1 99.0000  63228.489500  x:  0.17766   0.24558   0.33228   0.11465   0.17542   0.04144   0.07214   0.05228   0.10513   0.05711   0.03741   0.10185   0.15239   0.14789   0.14659   0.16208   0.08038   0.08872   0.41448   0.14162   1.12457   0.34507   0.06299   0.14337   0.14524   0.07762   0.09815   0.09701   0.01348   0.00849   0.06281   0.08706   0.40553   0.10176   0.14606   0.09044   0.07166   0.05413   0.11420   0.55291   1.27135   1.14040   1.11021  
  2 96678.6945  62351.136710  x:  0.17741   0.24800   0.33869   0.10146   0.23306   0.02128   0.01863   0.00000   0.10371   0.00838   0.00408   0.09175   0.20844   0.20340   0.18882   0.19569   0.09497   0.08217   0.41291   0.12129   1.10752   0.32774   0.04593   0.12414   0.15103   0.03683   0.12955   0.11934   0.03679   0.04849   0.05972   0.07633   0.45245   0.10296   0.20294   0.09039   0.06107   0.03914   0.13075   0.55828   1.26861   1.21775   0.98604  
  3 5251.8786  62351.136710  x:  0.17741   0.24800   0.33869   0.10146   0.23306   0.02128   0.01863   0.00000   0.10371   0.00838   0.00408   0.09175   0.20844   0.20340   0.18882   0.19569   0.09497   0.08217   0.41291   0.12129   1.10752   0.32774   0.04593   0.12414   0.15103   0.03683   0.12955   0.11934   0.03679   0.04849   0.05972   0.07633   0.45245   0.10296   0.20294   0.09039   0.06107   0.03914   0.13075   0.55828   1.26861   1.21775   0.98604  
  4 24089.7524  62213.981092  x:  0.17722   0.24817   0.33934   0.09911   0.23852   0.02068   0.01369   0.03635   0.10463   0.03755   0.07165   0.09181   0.21354   0.20830   0.19222   0.19860   0.09540   0.08150   0.41218   0.11796   1.10293   0.32462   0.04635   0.12235   0.15175   0.03111   0.13210   0.12021   0.02808   0.03683   0.05923   0.07438   0.45903   0.10252   0.20720   0.08927   0.06150   0.04085   0.13281   0.55859   1.26650   1.23044   0.96110  
  5 10239.6462  61884.082130  x:  0.17676   0.24867   0.34114   0.09295   0.25234   0.01848   0.00000   0.02986   0.10525   0.03466   0.07502   0.09028   0.22499   0.22020   0.20123   0.20591   0.09650   0.07982   0.41022   0.10920   1.09044   0.31634   0.04748   0.11781   0.15370   0.01690   0.13878   0.12240   0.00947   0.00804   0.05808   0.06940   0.47648   0.10140   0.21811   0.08630   0.06236   0.04391   0.13827   0.55945   1.26076   1.26421   0.89248  
  6 4675.7060  61753.998383  x:  0.17653   0.24897   0.34213   0.08971   0.25954   0.01793   0.00702   0.02699   0.10560   0.03338   0.07673   0.08956   0.23096   0.22646   0.20594   0.20966   0.09705   0.07903   0.40919   0.10458   1.08366   0.31196   0.04808   0.11552   0.15477   0.01015   0.14232   0.12350   0.00771   0.00076   0.05753   0.06686   0.48576   0.10086   0.22375   0.08473   0.06273   0.04510   0.14119   0.55993   1.25765   1.28227   0.85476  
  7 28110.7511  61519.886580  x:  0.17618   0.24940   0.34359   0.08487   0.27029   0.01683   0.01114   0.02264   0.10612   0.03150   0.07949   0.08847   0.23986   0.23576   0.21295   0.21527   0.09789   0.07782   0.40767   0.09770   1.07359   0.30543   0.04897   0.11208   0.15635   0.00000   0.14759   0.12518   0.00389   0.00204   0.05672   0.06307   0.49958   0.10005   0.23218   0.08238   0.06331   0.04697   0.14554   0.56065   1.25303   1.30916   0.79879  
  8 100187.2914  61519.886580  x:  0.17618   0.24940   0.34359   0.08487   0.27029   0.01683   0.01114   0.02264   0.10612   0.03150   0.07949   0.08847   0.23986   0.23576   0.21295   0.21527   0.09789   0.07782   0.40767   0.09770   1.07359   0.30543   0.04897   0.11208   0.15635   0.00000   0.14759   0.12518   0.00389   0.00204   0.05672   0.06307   0.49958   0.10005   0.23218   0.08238   0.06331   0.04697   0.14554   0.56065   1.25303   1.30916   0.79879  
  9 224057.2716  61442.643340  x:  0.17617   0.24952   0.34387   0.08425   0.27153   0.01654   0.00949   0.01975   0.10615   0.02964   0.07523   0.08846   0.24072   0.23665   0.21365   0.21585   0.09796   0.07779   0.40749   0.09687   1.07191   0.30458   0.04909   0.11184   0.15670   0.00272   0.14841   0.12532   0.02633   0.03331   0.05674   0.06287   0.50156   0.10008   0.23310   0.08208   0.06324   0.04655   0.14631   0.56080   1.25228   1.31314   0.78858  
 10 11880.8495  61131.684140  x:  0.17612   0.25038   0.34587   0.07983   0.28045   0.01477   0.00000   0.00049   0.10641   0.01779   0.04485   0.08842   0.24696   0.24309   0.21866   0.22000   0.09848   0.07763   0.40621   0.09086   1.05969   0.29846   0.04998   0.11014   0.15905   0.01326   0.15381   0.12620   0.02802   0.03118   0.05672   0.06115   0.51581   0.10024   0.23966   0.08000   0.06281   0.04379   0.15123   0.56195   1.24679   1.34187   0.71400  
 11 4182.7427  61114.778012  x:  0.17612   0.25042   0.34598   0.07960   0.28093   0.01472   0.00049   0.00000   0.10643   0.01726   0.04325   0.08843   0.24730   0.24344   0.21893   0.22022   0.09851   0.07762   0.40614   0.09054   1.05903   0.29813   0.05002   0.11005   0.15918   0.01374   0.15410   0.12625   0.02811   0.03109   0.05672   0.06105   0.51658   0.10024   0.24001   0.07989   0.06279   0.04365   0.15149   0.56201   1.24649   1.34342   0.70995  
 12 70831.7248  60781.517210  x:  0.17610   0.25164   0.34872   0.07379   0.29292   0.01351   0.00194   0.00651   0.10727   0.00644   0.00411   0.08895   0.25580   0.25225   0.22569   0.22575   0.09918   0.07745   0.40446   0.08252   1.04244   0.28997   0.05118   0.10785   0.16228   0.02434   0.16100   0.12741   0.03035   0.02886   0.05668   0.05860   0.53572   0.10041   0.24870   0.07727   0.06235   0.04043   0.15769   0.56361   1.23906   1.38210   0.60813  
 13 116861.1966  60148.195359  x:  0.17624   0.25478   0.35544   0.06033   0.32134   0.01079   0.00244   0.00799   0.10913   0.03036   0.00000   0.09006   0.27574   0.27291   0.24157   0.23874   0.10077   0.07712   0.40069   0.06369   1.00246   0.27085   0.05384   0.10296   0.16966   0.04315   0.17661   0.13012   0.03504   0.02474   0.05650   0.05257   0.58138   0.10076   0.26902   0.07159   0.06173   0.03444   0.17144   0.56767   1.22127   1.47428   0.36140  
 14 27224.6151  60047.615433  x:  0.17628   0.25565   0.35731   0.05653   0.32933   0.01000   0.00273   0.00905   0.10971   0.03192   0.00185   0.09038   0.28135   0.27873   0.24605   0.24240   0.10122   0.07703   0.39962   0.05840   0.99129   0.26547   0.05460   0.10156   0.17174   0.04905   0.18106   0.13088   0.03642   0.02350   0.05646   0.05090   0.59419   0.10087   0.27476   0.06995   0.06153   0.03264   0.17539   0.56879   1.21630   1.50012   0.29276  
 15 569794.1870  59981.893080  x:  0.18625   0.26609   0.36871   0.05978   0.34897   0.01092   0.00146   0.00535   0.11332   0.02622   0.00173   0.09312   0.29117   0.28895   0.25477   0.25083   0.10352   0.07964   0.40615   0.05818   0.96212   0.26442   0.05629   0.10639   0.18072   0.00000   0.18198   0.13310   0.02466   0.03359   0.05538   0.04848   0.62978   0.10368   0.28454   0.07810   0.07109   0.06226   0.17243   0.58077   1.20887   1.55265   0.28557  
 16 1313.8154  59981.893080  x:  0.18625   0.26609   0.36871   0.05978   0.34897   0.01092   0.00146   0.00535   0.11332   0.02622   0.00173   0.09312   0.29117   0.28895   0.25477   0.25083   0.10352   0.07964   0.40615   0.05818   0.96212   0.26442   0.05629   0.10639   0.18072   0.00000   0.18198   0.13310   0.02466   0.03359   0.05538   0.04848   0.62978   0.10368   0.28454   0.07810   0.07109   0.06226   0.17243   0.58077   1.20887   1.55265   0.28557  
 17 1838.0325  59919.767438  x:  0.18642   0.26624   0.36886   0.05981   0.34914   0.01085   0.00345   0.00537   0.11339   0.02656   0.02668   0.09310   0.29121   0.28900   0.25481   0.25086   0.10350   0.07962   0.40629   0.05832   0.96170   0.26453   0.05622   0.10642   0.18086   0.00079   0.18201   0.13310   0.02378   0.03184   0.05540   0.04862   0.63023   0.10372   0.28457   0.07801   0.07082   0.06139   0.17247   0.58099   1.20880   1.55324   0.28702  
 18 15800.7355  59884.684834  x:  0.18852   0.26807   0.37078   0.06010   0.35120   0.00920   0.01039   0.00475   0.11293   0.02291   0.02617   0.09288   0.29166   0.28943   0.25511   0.25127   0.10326   0.07935   0.40796   0.05996   0.95648   0.26575   0.05538   0.10671   0.18248   0.00805   0.18229   0.13305   0.01375   0.01095   0.05560   0.05016   0.63579   0.10418   0.28497   0.07697   0.06773   0.05096   0.17285   0.58365   1.20800   1.56054   0.30381  
 19 1782.5563  59871.025253  x:  0.19143   0.27064   0.37358   0.06019   0.35419   0.00667   0.00310   0.00411   0.11223   0.02238   0.02657   0.09253   0.29221   0.28968   0.25533   0.25175   0.10292   0.07890   0.41030   0.06184   0.94778   0.26733   0.05430   0.10710   0.18444   0.00639   0.18202   0.13296   0.02182   0.00834   0.05570   0.05139   0.64429   0.10440   0.28544   0.07569   0.06470   0.03955   0.17252   0.58760   1.20641   1.57276   0.31761  
 20 1211.8220  59861.863546  x:  0.19487   0.27372   0.37698   0.06006   0.35797   0.00655   0.00766   0.00735   0.11151   0.02295   0.02628   0.09221   0.29284   0.29011   0.25586   0.25222   0.10249   0.07844   0.41309   0.06383   0.93616   0.26913   0.05321   0.10756   0.18666   0.00357   0.18157   0.13289   0.02209   0.01577   0.05585   0.05257   0.65510   0.10456   0.28596   0.07438   0.06265   0.03174   0.17199   0.59251   1.20411   1.58908   0.32760  
 21 1728.9376  59843.817077  x:  0.19924   0.27765   0.38150   0.05938   0.36299   0.00689   0.00531   0.00494   0.11056   0.02453   0.02639   0.09168   0.29345   0.29040   0.25647   0.25263   0.10201   0.07794   0.41670   0.06595   0.91888   0.27127   0.05222   0.10814   0.18934   0.00000   0.18086   0.13270   0.01767   0.01731   0.05586   0.05364   0.67024   0.10460   0.28656   0.07321   0.06270   0.03381   0.17120   0.59923   1.20043   1.61325   0.33036  
 22 1874.5063  59783.024181  x:  0.22625   0.30196   0.41028   0.05286   0.39502   0.00974   0.00714   0.01860   0.10650   0.02408   0.02616   0.08994   0.29724   0.29231   0.26023   0.25440   0.09976   0.07598   0.43948   0.07716   0.79918   0.28393   0.04864   0.11150   0.20568   0.01645   0.17751   0.13139   0.02962   0.01194   0.05557   0.05946   0.77094   0.10475   0.29032   0.06807   0.06642   0.05268   0.16793   0.64349   1.17417   1.77970   0.32306  
 23 5947.0880  59769.333004  x:  0.22768   0.30315   0.41304   0.04936   0.39763   0.00244   0.01042   0.00983   0.10879   0.01734   0.02619   0.09117   0.29668   0.29198   0.25974   0.25333   0.10143   0.07795   0.44151   0.07321   0.77216   0.28358   0.05235   0.11098   0.20457   0.01846   0.17671   0.13204   0.02941   0.01211   0.05531   0.05562   0.78792   0.10339   0.29059   0.07166   0.06544   0.03988   0.16657   0.65070   1.16740   1.81628   0.30945  
 24 1520.1533  59765.985410  x:  0.22589   0.30148   0.41220   0.04784   0.39652   0.00412   0.01088   0.00887   0.11083   0.02456   0.02597   0.09224   0.29608   0.29166   0.25955   0.25244   0.10258   0.07910   0.44081   0.06912   0.76290   0.28210   0.05417   0.10996   0.20202   0.01952   0.17674   0.13266   0.02933   0.01090   0.05525   0.05275   0.79096   0.10270   0.29038   0.07440   0.06554   0.03541   0.16618   0.65196   1.16472   1.82856   0.30728  
 25 899.5703  59759.308546  x:  0.21670   0.29313   0.40637   0.04470   0.38920   0.00973   0.00730   0.01128   0.11661   0.02118   0.02618   0.09516   0.29392   0.29045   0.25856   0.24950   0.10551   0.08151   0.43623   0.05515   0.74180   0.27628   0.05754   0.10600   0.19190   0.02164   0.17783   0.13475   0.02724   0.01263   0.05530   0.04463   0.79151   0.10133   0.28906   0.08211   0.06733   0.03636   0.16586   0.65222   1.15775   1.85633   0.31478  
 26 718.4327  59756.286775  x:  0.20938   0.28698   0.40167   0.04558   0.38281   0.00356   0.01075   0.00975   0.11662   0.02272   0.02598   0.09439   0.29251   0.28972   0.25713   0.24810   0.10507   0.08037   0.43276   0.05108   0.73087   0.27374   0.05627   0.10457   0.18671   0.01945   0.17928   0.13499   0.02983   0.01191   0.05526   0.04418   0.78808   0.10186   0.28770   0.08216   0.06708   0.04059   0.16681   0.65100   1.15325   1.87173   0.31953  
 27 562.5885  59752.461919  x:  0.19566   0.27623   0.39285   0.05141   0.37129   0.00773   0.01058   0.01108   0.11215   0.02152   0.02605   0.09094   0.29051   0.28854   0.25585   0.24697   0.10213   0.07660   0.42664   0.05491   0.71539   0.27226   0.05259   0.10544   0.18184   0.01647   0.18257   0.13380   0.02970   0.01056   0.05533   0.04910   0.77713   0.10391   0.28506   0.07567   0.06447   0.03856   0.17034   0.64733   1.14504   1.89627   0.31960  
 28 494.8214  59751.309787  x:  0.19129   0.27307   0.38975   0.05388   0.36739   0.00598   0.00872   0.01087   0.11125   0.02245   0.02611   0.09127   0.29021   0.28828   0.25539   0.24727   0.10231   0.07747   0.42487   0.05990   0.71097   0.27295   0.05389   0.10707   0.18229   0.02037   0.18339   0.13334   0.02802   0.01267   0.05544   0.04955   0.77136   0.10387   0.28469   0.07441   0.06544   0.03820   0.17170   0.64590   1.14178   1.90503   0.32100  
 29 392.0294  59750.527302  x:  0.18903   0.27181   0.38755   0.05572   0.36517   0.00680   0.00992   0.01048   0.11192   0.02206   0.02606   0.09308   0.29056   0.28848   0.25565   0.24836   0.10358   0.07986   0.42407   0.06590   0.70866   0.27445   0.05569   0.10846   0.18448   0.01835   0.18263   0.13307   0.02914   0.01175   0.05523   0.04746   0.76447   0.10262   0.28520   0.07586   0.06704   0.03866   0.17136   0.64482   1.13860   1.91256   0.32214  
 30 238.7151  59750.162032  x:  0.18974   0.27277   0.38674   0.05531   0.36517   0.00575   0.00927   0.01190   0.11324   0.02216   0.02609   0.09343   0.29138   0.28890   0.25606   0.24965   0.10361   0.07938   0.42424   0.06731   0.70875   0.27513   0.05336   0.10708   0.18611   0.01811   0.18133   0.13344   0.02849   0.01159   0.05538   0.04735   0.75770   0.10241   0.28619   0.07819   0.06550   0.03860   0.17021   0.64442   1.13586   1.91787   0.32192  
 31 113.5495  59749.848699  x:  0.19143   0.27444   0.38638   0.05441   0.36594   0.00684   0.00980   0.00986   0.11375   0.02212   0.02605   0.09285   0.29218   0.28938   0.25673   0.25093   0.10330   0.07839   0.42465   0.06678   0.70957   0.27544   0.05277   0.10634   0.18735   0.01933   0.18009   0.13378   0.02907   0.01214   0.05542   0.04841   0.75028   0.10264   0.28709   0.07895   0.06505   0.03887   0.16909   0.64419   1.13285   1.92326   0.32261  
 32 177.5654  59749.495271  x:  0.19437   0.27705   0.38652   0.05314   0.36744   0.00622   0.00953   0.01083   0.11318   0.02213   0.02607   0.09198   0.29301   0.28983   0.25722   0.25220   0.10305   0.07787   0.42531   0.06405   0.71134   0.27537   0.05511   0.10702   0.18825   0.01882   0.17873   0.13388   0.02880   0.01186   0.05522   0.04983   0.74058   0.10293   0.28772   0.07734   0.06640   0.03854   0.16772   0.64397   1.12865   1.93030   0.32290  
 33 187.7448  59749.411186  x:  0.19549   0.27781   0.38723   0.05346   0.36814   0.00625   0.00954   0.01074   0.11234   0.02214   0.02607   0.09282   0.29268   0.28964   0.25699   0.25180   0.10357   0.07939   0.42548   0.06297   0.71263   0.27521   0.05417   0.10730   0.18823   0.01891   0.17929   0.13350   0.02880   0.01189   0.05539   0.04916   0.73822   0.10283   0.28727   0.07614   0.06591   0.03860   0.16817   0.64382   1.12702   1.93244   0.32293  
 34 56.8387  59749.356707  x:  0.19649   0.27808   0.38846   0.05401   0.36878   0.00627   0.00956   0.01076   0.11234   0.02214   0.02607   0.09301   0.29175   0.28914   0.25640   0.25040   0.10305   0.07877   0.42549   0.06292   0.71484   0.27522   0.05429   0.10771   0.18793   0.01876   0.18083   0.13318   0.02881   0.01187   0.05528   0.04858   0.73720   0.10324   0.28643   0.07712   0.06600   0.03857   0.16956   0.64341   1.12494   1.93442   0.32300  
 35 31.5215  59749.333617  x:  0.19680   0.27771   0.38897   0.05353   0.36889   0.00627   0.00958   0.01078   0.11286   0.02213   0.02607   0.09226   0.29146   0.28897   0.25628   0.24963   0.10347   0.07897   0.42531   0.06347   0.71662   0.27528   0.05434   0.10712   0.18746   0.01871   0.18102   0.13360   0.02882   0.01185   0.05547   0.04863   0.73746   0.10300   0.28610   0.07681   0.06617   0.03855   0.16975   0.64293   1.12332   1.93550   0.32306  
 36 20.7421  59749.314924  x:  0.19690   0.27711   0.38922   0.05325   0.36881   0.00627   0.00958   0.01077   0.11272   0.02213   0.02607   0.09281   0.29157   0.28902   0.25641   0.24945   0.10342   0.07886   0.42507   0.06374   0.71849   0.27518   0.05456   0.10714   0.18688   0.01877   0.18053   0.13365   0.02882   0.01187   0.05494   0.04889   0.73826   0.10280   0.28619   0.07672   0.06575   0.03864   0.16935   0.64231   1.12146   1.93643   0.32312  
 37 20.6928  59749.302322  x:  0.19693   0.27670   0.38924   0.05346   0.36869   0.00625   0.00957   0.01075   0.11245   0.02213   0.02607   0.09297   0.29179   0.28913   0.25656   0.24971   0.10325   0.07882   0.42492   0.06367   0.71977   0.27501   0.05433   0.10733   0.18665   0.01882   0.18018   0.13355   0.02882   0.01186   0.05552   0.04892   0.73898   0.10281   0.28642   0.07690   0.06613   0.03855   0.16902   0.64182   1.11999   1.93698   0.32314  
 38 25.0086  59749.292875  x:  0.19698   0.27655   0.38896   0.05392   0.36850   0.00624   0.00956   0.01076   0.11253   0.02213   0.02607   0.09241   0.29199   0.28925   0.25663   0.25028   0.10329   0.07902   0.42492   0.06336   0.72049   0.27485   0.05430   0.10747   0.18695   0.01884   0.18016   0.13328   0.02881   0.01187   0.05524   0.04870   0.73959   0.10299   0.28664   0.07701   0.06605   0.03856   0.16905   0.64148   1.11875   1.93720   0.32315  
 39 13.6787  59749.280885  x:  0.19715   0.27661   0.38821   0.05396   0.36816   0.00626   0.00957   0.01074   0.11289   0.02213   0.02607   0.09275   0.29209   0.28932   0.25658   0.25091   0.10335   0.07882   0.42509   0.06302   0.72087   0.27477   0.05455   0.10724   0.18777   0.01875   0.18061   0.13346   0.02881   0.01186   0.05548   0.04864   0.74021   0.10317   0.28673   0.07667   0.06585   0.03860   0.16945   0.64117   1.11716   1.93712   0.32314  
 40 11.3495  59749.268700  x:  0.19738   0.27681   0.38753   0.05359   0.36787   0.00627   0.00957   0.01073   0.11257   0.02212   0.02607   0.09291   0.29196   0.28926   0.25645   0.25101   0.10336   0.07880   0.42529   0.06290   0.72074   0.27483   0.05424   0.10707   0.18823   0.01871   0.18087   0.13363   0.02880   0.01186   0.05503   0.04872   0.74055   0.10305   0.28664   0.07672   0.06637   0.03849   0.16959   0.64102   1.11572   1.93676   0.32317  
 41 12.2056  59749.235610  x:  0.19804   0.27750   0.38639   0.05307   0.36744   0.00634   0.00957   0.01078   0.11175   0.02213   0.02607   0.09247   0.29146   0.28898   0.25617   0.25055   0.10330   0.07906   0.42577   0.06291   0.71971   0.27516   0.05443   0.10756   0.18844   0.01869   0.18090   0.13379   0.02878   0.01186   0.05541   0.04888   0.74092   0.10253   0.28627   0.07728   0.06580   0.03861   0.16928   0.64091   1.11231   1.93548   0.32328  
 42 18.7369  59749.155671  x:  0.19926   0.27882   0.38583   0.05439   0.36742   0.00635   0.00953   0.01070   0.11317   0.02213   0.02606   0.09267   0.29082   0.28860   0.25598   0.24938   0.10306   0.07879   0.42647   0.06322   0.71668   0.27576   0.05417   0.10771   0.18737   0.01878   0.17987   0.13305   0.02869   0.01188   0.05536   0.04902   0.74110   0.10229   0.28559   0.07672   0.06605   0.03858   0.16837   0.64096   1.10529   1.93240   0.32342  
 43 30.8043  59749.060923  x:  0.19957   0.27857   0.38759   0.05479   0.36858   0.00625   0.00952   0.01070   0.11227   0.02213   0.02607   0.09293   0.29173   0.28908   0.25666   0.24933   0.10395   0.07920   0.42619   0.06390   0.71367   0.27575   0.05469   0.10651   0.18626   0.01852   0.17973   0.13363   0.02863   0.01185   0.05534   0.04932   0.74076   0.10424   0.28624   0.07714   0.06605   0.03858   0.16925   0.64134   1.09963   1.92977   0.32350  
 44 25.9390  59748.937091  x:  0.19935   0.27723   0.39027   0.05329   0.37016   0.00614   0.00949   0.01060   0.11188   0.02214   0.02607   0.09249   0.29305   0.28982   0.25740   0.24993   0.10315   0.07828   0.42533   0.06460   0.71089   0.27531   0.05441   0.10699   0.18602   0.01845   0.18031   0.13395   0.02852   0.01186   0.05528   0.04720   0.74024   0.10362   0.28728   0.07627   0.06593   0.03860   0.17015   0.64208   1.09477   1.92757   0.32369  
 45 40.4572  59748.759832  x:  0.19879   0.27523   0.39318   0.05148   0.37153   0.00610   0.00948   0.01051   0.11359   0.02211   0.02606   0.09268   0.29350   0.29012   0.25733   0.25109   0.10285   0.07954   0.42417   0.06452   0.70893   0.27448   0.05370   0.10891   0.18675   0.01797   0.18215   0.13295   0.02839   0.01182   0.05535   0.04962   0.73999   0.10243   0.28794   0.07677   0.06601   0.03861   0.17043   0.64345   1.09147   1.92650   0.32387  
 46 32.0396  59747.747116  x:  0.19732   0.27019   0.40076   0.05471   0.37297   0.00631   0.00930   0.01013   0.11107   0.02213   0.02605   0.09266   0.28929   0.28779   0.25347   0.25447   0.10434   0.07779   0.42156   0.06303   0.70713   0.27275   0.05537   0.10446   0.19361   0.01743   0.18250   0.13192   0.02750   0.01184   0.05537   0.05190   0.74128   0.09698   0.28574   0.07745   0.06585   0.03861   0.16573   0.65163   1.08795   1.92915   0.32469  
 47 23.8181  59744.052095  x:  0.19558   0.26405   0.40741   0.05170   0.37010   0.00658   0.00871   0.00846   0.11266   0.02202   0.02597   0.09236   0.28230   0.28354   0.24994   0.25326   0.10179   0.07933   0.41957   0.06179   0.70776   0.27337   0.05267   0.11059   0.20607   0.01450   0.17172   0.13875   0.02445   0.01159   0.05464   0.04974   0.74947   0.11025   0.27987   0.07535   0.06551   0.03851   0.16266   0.67767   1.08693   1.94628   0.32725  
 48 72.6174  59737.352616  x:  0.19585   0.27257   0.40054   0.04981   0.36663   0.00551   0.00738   0.00551   0.11079   0.02181   0.02588   0.09210   0.29326   0.28922   0.26050   0.24531   0.10361   0.07780   0.42635   0.06392   0.71119   0.28014   0.05370   0.10657   0.20112   0.00805   0.17464   0.12450   0.01901   0.01119   0.05675   0.05065   0.76618   0.10642   0.28549   0.07419   0.06487   0.03829   0.17116   0.70952   1.09349   1.98145   0.33130  
 49 138.3661  59735.506836  x:  0.19585   0.27843   0.39802   0.05562   0.37080   0.00517   0.00700   0.00459   0.11124   0.02176   0.02584   0.09195   0.29561   0.29109   0.26043   0.24812   0.10217   0.07851   0.43000   0.06526   0.71090   0.28085   0.05274   0.10918   0.19414   0.00642   0.18072   0.13593   0.01750   0.01103   0.05487   0.05198   0.77135   0.10178   0.28857   0.07413   0.06475   0.03823   0.17039   0.71011   1.09690   1.99211   0.33220  
 50 158.6297  59734.391010  x:  0.19599   0.28296   0.39649   0.05134   0.38028   0.00532   0.00690   0.00413   0.11089   0.02174   0.02582   0.09195   0.29096   0.28952   0.25396   0.25503   0.10266   0.07799   0.43305   0.06926   0.70736   0.27888   0.05281   0.10862   0.18982   0.00549   0.18247   0.13251   0.01660   0.01096   0.05530   0.05037   0.77521   0.10554   0.28868   0.07321   0.06461   0.03825   0.16773   0.69288   1.10126   1.99891   0.33345  
 51 80.8114  59733.857166  x:  0.19915   0.28379   0.39949   0.05155   0.38226   0.00501   0.00679   0.00394   0.11082   0.02173   0.02581   0.09189   0.29041   0.28843   0.25656   0.25338   0.10207   0.07827   0.43340   0.06790   0.70311   0.27750   0.05273   0.10872   0.19395   0.00482   0.17737   0.13300   0.01615   0.01092   0.05547   0.05193   0.77737   0.10312   0.28702   0.07373   0.06457   0.03824   0.17213   0.67531   1.10473   2.00217   0.33416  
 52 67.0443  59733.690671  x:  0.20254   0.28307   0.40151   0.05168   0.38039   0.00496   0.00672   0.00384   0.11079   0.02173   0.02581   0.09186   0.29183   0.28903   0.25809   0.25083   0.10276   0.07791   0.43254   0.06723   0.70117   0.27839   0.05258   0.10904   0.19636   0.00476   0.17951   0.13301   0.01600   0.01094   0.05532   0.05167   0.77805   0.10433   0.28697   0.07341   0.06455   0.03823   0.16882   0.66823   1.10626   2.00314   0.33433  
 53 49.7776  59733.669833  x:  0.20442   0.28253   0.40189   0.05168   0.37931   0.00507   0.00672   0.00383   0.11080   0.02173   0.02581   0.09186   0.29190   0.28936   0.25708   0.25113   0.10182   0.07843   0.43186   0.06721   0.70078   0.27922   0.05273   0.10860   0.19608   0.00473   0.17949   0.13296   0.01598   0.01094   0.05533   0.05165   0.77812   0.10432   0.28757   0.07335   0.06455   0.03824   0.16900   0.66740   1.10663   2.00325   0.33435  
 54 15.1582  59733.663292  x:  0.20539   0.28224   0.40197   0.05167   0.37885   0.00511   0.00673   0.00383   0.11079   0.02173   0.02581   0.09186   0.29181   0.28939   0.25673   0.25149   0.10242   0.07810   0.43147   0.06722   0.70063   0.27953   0.05262   0.10890   0.19579   0.00471   0.17936   0.13299   0.01598   0.01093   0.05534   0.05165   0.77813   0.10423   0.28775   0.07336   0.06455   0.03824   0.16927   0.66719   1.10679   2.00327   0.33434  
 55 12.2154  59733.661339  x:  0.20591   0.28207   0.40181   0.05167   0.37884   0.00508   0.00673   0.00384   0.11079   0.02173   0.02581   0.09186   0.29167   0.28916   0.25721   0.25182   0.10235   0.07813   0.43119   0.06737   0.70058   0.27939   0.05263   0.10886   0.19560   0.00471   0.17946   0.13298   0.01598   0.01093   0.05534   0.05162   0.77813   0.10423   0.28746   0.07338   0.06455   0.03824   0.16927   0.66722   1.10686   2.00328   0.33434  
 56  2.8679  59733.653589  x:  0.20668   0.28175   0.40091   0.05191   0.37961   0.00508   0.00672   0.00384   0.11079   0.02173   0.02581   0.09186   0.29208   0.28948   0.25682   0.25127   0.10236   0.07813   0.43031   0.06769   0.70051   0.27832   0.05264   0.10886   0.19581   0.00469   0.17937   0.13298   0.01599   0.01094   0.05534   0.05166   0.77817   0.10423   0.28740   0.07339   0.06455   0.03826   0.16925   0.66733   1.10698   2.00333   0.33434  
 57  0.9591  59733.504633  x:  0.20617   0.28307   0.39890   0.05238   0.38235   0.00499   0.00656   0.00419   0.11077   0.02186   0.02579   0.09185   0.28940   0.28847   0.25828   0.24979   0.10235   0.07813   0.42526   0.06685   0.70073   0.28097   0.05258   0.10885   0.19645   0.00433   0.17968   0.13300   0.01619   0.01103   0.05531   0.05168   0.77876   0.10425   0.29148   0.07301   0.06461   0.03865   0.16928   0.66619   1.10763   2.00412   0.33419  
 58  1.3528  59732.963558  x:  0.20392   0.28955   0.39934   0.05167   0.38190   0.00553   0.00601   0.00506   0.11075   0.02232   0.02574   0.09174   0.29462   0.28983   0.25667   0.25186   0.10233   0.07803   0.41972   0.06646   0.70151   0.28459   0.05238   0.10879   0.19500   0.00323   0.18013   0.13301   0.01691   0.01144   0.05535   0.05162   0.78022   0.10379   0.28493   0.07370   0.06490   0.03997   0.16973   0.66178   1.10999   2.00698   0.33354  
 59 13.1280  59732.626291  x:  0.20565   0.28953   0.40123   0.05151   0.37731   0.00589   0.00568   0.00573   0.11070   0.02260   0.02570   0.09171   0.29273   0.29019   0.25715   0.25174   0.10233   0.07797   0.42765   0.06866   0.70159   0.27752   0.05238   0.10870   0.19365   0.00243   0.18076   0.13304   0.01736   0.01166   0.05535   0.05157   0.78006   0.10371   0.28825   0.07341   0.06504   0.04084   0.16999   0.65960   1.11186   2.00861   0.33308  
 60 25.0617  59732.553903  x:  0.20676   0.28432   0.39980   0.05199   0.37948   0.00588   0.00561   0.00584   0.11071   0.02267   0.02569   0.09169   0.29355   0.28955   0.25711   0.25133   0.10235   0.07795   0.43302   0.06799   0.70152   0.27960   0.05234   0.10869   0.19336   0.00228   0.18085   0.13303   0.01746   0.01171   0.05535   0.05155   0.77959   0.10367   0.28797   0.07345   0.06508   0.04102   0.17005   0.65908   1.11242   2.00889   0.33291  
 61 16.8670  59732.553104  x:  0.20677   0.28423   0.39977   0.05200   0.37953   0.00587   0.00560   0.00585   0.11070   0.02267   0.02569   0.09169   0.29331   0.29002   0.25719   0.25135   0.10235   0.07795   0.43308   0.06797   0.70152   0.27966   0.05234   0.10869   0.19335   0.00228   0.18085   0.13303   0.01746   0.01171   0.05535   0.05155   0.77958   0.10366   0.28786   0.07346   0.06508   0.04102   0.17004   0.65907   1.11243   2.00889   0.33291  
 62  2.4837  59732.301166  x:  0.20672   0.28490   0.39830   0.05218   0.37917   0.00622   0.00528   0.00488   0.11080   0.02325   0.02551   0.09172   0.29331   0.29002   0.25783   0.25124   0.10237   0.07793   0.43281   0.06787   0.70250   0.27970   0.05238   0.10849   0.19225   0.00358   0.18095   0.13294   0.01811   0.01236   0.05539   0.05133   0.77900   0.10336   0.28847   0.07376   0.06532   0.04205   0.17028   0.65701   1.11447   2.01055   0.33186  
 63  0.0106  59732.240424  x:  0.20571   0.28450   0.39749   0.05227   0.37825   0.00618   0.00527   0.00464   0.11091   0.02357   0.02512   0.09178   0.29334   0.29008   0.25794   0.25091   0.10247   0.07797   0.43211   0.06763   0.70328   0.27973   0.05253   0.10833   0.19196   0.00286   0.18103   0.13279   0.01768   0.01244   0.05544   0.05113   0.77783   0.10342   0.28851   0.07394   0.06532   0.04223   0.17052   0.65890   1.11435   2.01036   0.33102  
 64  0.0025  59732.168731  x:  0.20583   0.28425   0.39726   0.05234   0.37790   0.00606   0.00517   0.00511   0.11094   0.02384   0.02426   0.09179   0.29346   0.29012   0.25764   0.25090   0.10251   0.07801   0.43291   0.06761   0.70346   0.27933   0.05260   0.10830   0.19168   0.00351   0.18098   0.13288   0.01722   0.01238   0.05544   0.05099   0.77718   0.10341   0.28844   0.07405   0.06523   0.04212   0.17036   0.65743   1.11529   2.00972   0.33066  
 65  0.0015  59732.096199  x:  0.20620   0.28447   0.39754   0.05231   0.37832   0.00601   0.00562   0.00489   0.11088   0.02381   0.02326   0.09179   0.29335   0.29016   0.25765   0.25105   0.10248   0.07801   0.43299   0.06769   0.70314   0.27937   0.05257   0.10838   0.19179   0.00331   0.18104   0.13299   0.01781   0.01220   0.05542   0.05107   0.77741   0.10340   0.28840   0.07392   0.06520   0.04197   0.17031   0.65616   1.11557   2.00927   0.33089  
 66  0.0021  59732.073573  x:  0.20622   0.28463   0.39790   0.05223   0.37866   0.00617   0.00525   0.00483   0.11085   0.02358   0.02298   0.09177   0.29334   0.29007   0.25780   0.25109   0.10244   0.07798   0.43256   0.06771   0.70288   0.27961   0.05249   0.10842   0.19211   0.00324   0.18098   0.13292   0.01779   0.01230   0.05541   0.05119   0.77807   0.10342   0.28844   0.07384   0.06528   0.04198   0.17035   0.65755   1.11465   2.00968   0.33133  
 67  0.0024  59732.073236  x:  0.20618   0.28457   0.39790   0.05223   0.37861   0.00616   0.00527   0.00484   0.11084   0.02352   0.02300   0.09176   0.29333   0.29006   0.25779   0.25107   0.10243   0.07797   0.43257   0.06772   0.70292   0.27962   0.05248   0.10841   0.19210   0.00324   0.18098   0.13289   0.01779   0.01232   0.05541   0.05120   0.77813   0.10341   0.28844   0.07386   0.06528   0.04201   0.17036   0.65782   1.11447   2.00992   0.33138  
 68  0.0004  59732.073232  x:  0.20618   0.28457   0.39789   0.05223   0.37861   0.00616   0.00527   0.00484   0.11084   0.02352   0.02299   0.09176   0.29333   0.29006   0.25779   0.25107   0.10244   0.07797   0.43257   0.06772   0.70292   0.27962   0.05248   0.10841   0.19210   0.00324   0.18098   0.13289   0.01778   0.01233   0.05541   0.05120   0.77813   0.10341   0.28844   0.07386   0.06528   0.04202   0.17036   0.65778   1.11448   2.00994   0.33137  
 69  0.0000  59732.073232  x:  0.20618   0.28457   0.39789   0.05223   0.37861   0.00616   0.00527   0.00484   0.11084   0.02352   0.02299   0.09176   0.29333   0.29006   0.25779   0.25107   0.10244   0.07797   0.43257   0.06772   0.70292   0.27962   0.05248   0.10841   0.19210   0.00324   0.18098   0.13289   0.01778   0.01233   0.05541   0.05120   0.77813   0.10341   0.28844   0.07386   0.06528   0.04202   0.17036   0.65778   1.11449   2.00994   0.33137  
 70  0.0000  59732.073232  x:  0.20618   0.28457   0.39789   0.05223   0.37861   0.00616   0.00527   0.00484   0.11084   0.02352   0.02299   0.09176   0.29333   0.29006   0.25779   0.25107   0.10244   0.07797   0.43257   0.06772   0.70292   0.27962   0.05248   0.10841   0.19210   0.00324   0.18098   0.13289   0.01778   0.01233   0.05541   0.05120   0.77813   0.10341   0.28844   0.07386   0.06528   0.04202   0.17036   0.65778   1.11449   2.00994   0.33137  