

TREE # 1

  0  0.0000  12518.804250  x:  0.08919   0.05732   0.07005   0.09356   0.07367   0.10970   0.05010   0.06847   0.08937   0.04995   0.02801   0.03560   0.05395   0.08426   0.01622   0.01861   0.04259   0.07417   0.07003   0.01910   0.01888   0.07251   0.06072   0.02841   0.06071   0.07320   0.08643   0.06198   0.08551   0.03605   0.01307   0.01470   0.05479   0.02229   0.01236   0.01077   0.01254   0.05199   0.03925   0.09629   0.08720   1.03652   1.02360  
  1 99.0000  11761.517855  x:  0.09500   0.04950   0.09185   0.09759   0.07065   0.11101   0.03940   0.05542   0.07456   0.03713   0.02202   0.03306   0.05585   0.10404   0.22924   0.13728   0.09959   0.08006   0.07711   0.01033   0.04819   0.06016   0.05266   0.03269   0.05146   0.06721   0.07397   0.04988   0.09600   0.06649   0.03323   0.05679   0.05642   0.07547   0.00900   0.00000   0.00497   0.03697   0.02378   0.08331   0.08816   1.04965   1.01701  
  2 11019.3298  11664.994137  x:  0.09895   0.04418   0.10658   0.10032   0.06860   0.11190   0.03213   0.04656   0.06451   0.02842   0.01795   0.03127   0.05708   0.11738   0.37196   0.21682   0.13793   0.08404   0.08190   0.00441   0.06784   0.05177   0.04719   0.03558   0.04518   0.06314   0.06551   0.04165   0.10309   0.08698   0.04672   0.08500   0.05751   0.11116   0.00677   0.01747   0.00000   0.02676   0.01327   0.07449   0.08881   1.05857   1.01254  
  3 594634.9891  11645.340936  x:  0.10061   0.04193   0.11266   0.10147   0.06773   0.11226   0.02903   0.04277   0.06017   0.02467   0.01619   0.03031   0.05743   0.12280   0.42848   0.24832   0.15332   0.08572   0.08390   0.00215   0.07558   0.04817   0.04487   0.03674   0.04252   0.06143   0.06188   0.03810   0.10600   0.09518   0.05196   0.09608   0.05791   0.12533   0.00598   0.02423   0.02001   0.02241   0.00881   0.07070   0.08908   1.06241   1.01061  
  4 121471.8921  11590.880625  x:  0.10297   0.03841   0.11784   0.10288   0.06636   0.11256   0.02405   0.03625   0.05188   0.01779   0.01285   0.02446   0.05419   0.12575   0.42884   0.24809   0.15725   0.08789   0.08600   0.01040   0.07409   0.04173   0.04153   0.03700   0.03844   0.05927   0.05537   0.03086   0.10835   0.09666   0.04897   0.09366   0.05715   0.12541   0.00776   0.02426   0.02011   0.01460   0.00000   0.06373   0.08960   1.06946   1.00692  
  5 2166.2171  11517.737625  x:  0.10751   0.03185   0.12732   0.10549   0.06378   0.11311   0.01500   0.02309   0.03462   0.00407   0.00760   0.01309   0.04782   0.13133   0.42796   0.24678   0.16449   0.09202   0.08989   0.00496   0.07085   0.02928   0.03554   0.03746   0.03090   0.05487   0.04207   0.01616   0.11277   0.09922   0.04322   0.08861   0.05583   0.12513   0.00737   0.02415   0.02006   0.00000   0.00000   0.04965   0.09071   1.08381   0.99937  
  6 10877.6440  11517.737625  x:  0.10751   0.03185   0.12732   0.10549   0.06378   0.11311   0.01500   0.02309   0.03462   0.00407   0.00760   0.01309   0.04782   0.13133   0.42796   0.24678   0.16449   0.09202   0.08989   0.00496   0.07085   0.02928   0.03554   0.03746   0.03090   0.05487   0.04207   0.01616   0.11277   0.09922   0.04322   0.08861   0.05583   0.12513   0.00737   0.02415   0.02006   0.00000   0.00000   0.04965   0.09071   1.08381   0.99937  
  7 21824.5994  11506.923986  x:  0.10751   0.03185   0.12732   0.10549   0.06378   0.11311   0.01500   0.02309   0.03462   0.00407   0.00760   0.01309   0.04782   0.13133   0.42796   0.24678   0.16449   0.09202   0.08989   0.00496   0.07085   0.02928   0.03554   0.03746   0.03090   0.05487   0.04207   0.01616   0.11277   0.09922   0.04322   0.08861   0.05583   0.12513   0.00737   0.02414   0.02005   0.00273   0.00040   0.04964   0.09071   1.08381   0.99937  
  8 419077.1275  11504.617287  x:  0.10762   0.03172   0.12751   0.10554   0.06373   0.11312   0.01487   0.02281   0.03418   0.00379   0.00760   0.01287   0.04767   0.13145   0.42782   0.24669   0.16464   0.09211   0.08997   0.00516   0.07077   0.02902   0.03544   0.03747   0.03077   0.05480   0.04175   0.01580   0.11286   0.09926   0.04309   0.08847   0.05580   0.12509   0.00742   0.02378   0.01970   0.00279   0.00000   0.04930   0.09074   1.08418   0.99917  
  9 1761.5438  11478.973990  x:  0.10917   0.03010   0.13033   0.10635   0.06293   0.11330   0.01374   0.01865   0.02681   0.00000   0.00776   0.01028   0.04527   0.13333   0.42561   0.24527   0.16688   0.09358   0.09120   0.00106   0.06952   0.02544   0.03418   0.03759   0.02922   0.05365   0.03660   0.01025   0.11434   0.09981   0.04137   0.08633   0.05552   0.12454   0.00570   0.01899   0.01464   0.00361   0.00000   0.04386   0.09132   1.09019   0.99594  
 10 9547.9472  11468.854173  x:  0.11002   0.02991   0.13156   0.10672   0.06259   0.11343   0.01542   0.01714   0.02110   0.00000   0.00818   0.01114   0.04365   0.13445   0.42390   0.24443   0.16832   0.09453   0.09188   0.00191   0.06904   0.02474   0.03434   0.03767   0.02953   0.05333   0.03320   0.00704   0.11522   0.10003   0.04109   0.08516   0.05560   0.12423   0.00090   0.01857   0.01308   0.00401   0.00000   0.04027   0.09185   1.09479   0.99339  
 11 3079.7435  11440.695757  x:  0.11188   0.03043   0.13391   0.10744   0.06198   0.11374   0.02205   0.01486   0.00589   0.00000   0.00942   0.01604   0.03959   0.13710   0.41938   0.24244   0.17180   0.09684   0.09341   0.00222   0.06820   0.02492   0.03581   0.03785   0.03172   0.05298   0.02475   0.00000   0.11726   0.10042   0.04133   0.08255   0.05610   0.12360   0.00168   0.02061   0.01133   0.00480   0.00000   0.03171   0.09335   1.10696   0.98656  
 12 4515.3319  11432.559477  x:  0.11196   0.03030   0.13412   0.10753   0.06194   0.11384   0.02037   0.01668   0.00000   0.00000   0.00824   0.01557   0.03866   0.13774   0.41752   0.24170   0.17257   0.09690   0.09375   0.00227   0.06816   0.02546   0.03577   0.03774   0.03140   0.05322   0.02279   0.00000   0.11805   0.10046   0.04171   0.08193   0.05642   0.12364   0.00170   0.02129   0.01255   0.00487   0.00000   0.02978   0.09396   1.11205   0.98352  
 13 1875.0526  11399.382704  x:  0.11233   0.02646   0.13440   0.10783   0.06207   0.11471   0.00237   0.03310   0.00000   0.00000   0.02623   0.00921   0.03368   0.14294   0.39879   0.23470   0.17871   0.09430   0.09738   0.00275   0.06849   0.02989   0.03426   0.03696   0.02695   0.05594   0.00532   0.00000   0.12465   0.10048   0.04464   0.07737   0.05898   0.12414   0.00172   0.02592   0.01891   0.00495   0.00000   0.01879   0.09908   1.16407   0.95133  
 14 3387.5339  11382.487544  x:  0.11229   0.02287   0.13435   0.10789   0.06220   0.11515   0.00676   0.04268   0.00000   0.00000   0.03097   0.00000   0.03270   0.14504   0.38887   0.23101   0.18071   0.09170   0.09886   0.00293   0.06868   0.02990   0.03132   0.03652   0.02181   0.05705   0.00096   0.00000   0.12785   0.10049   0.04493   0.07550   0.05985   0.12461   0.00164   0.02368   0.02072   0.00456   0.00000   0.01752   0.10134   1.19208   0.93342  
 15 2741.2776  11343.910921  x:  0.11298   0.01012   0.13633   0.10850   0.06202   0.11623   0.01156   0.06603   0.00000   0.00000   0.03733   0.00566   0.03264   0.15113   0.35984   0.22026   0.18582   0.08429   0.10291   0.00318   0.06831   0.02332   0.02022   0.03572   0.00571   0.05832   0.00899   0.00000   0.13690   0.10092   0.04213   0.06992   0.06102   0.12564   0.00125   0.00647   0.01820   0.00293   0.00000   0.01857   0.10690   1.27511   0.87954  
 16 4118.5650  11331.548125  x:  0.11326   0.00843   0.13719   0.10870   0.06191   0.11655   0.01181   0.07142   0.00000   0.00000   0.03785   0.00517   0.03334   0.15256   0.35156   0.21725   0.18677   0.08225   0.10383   0.00321   0.06812   0.02041   0.01800   0.03574   0.01073   0.05813   0.01174   0.00000   0.13911   0.10110   0.04052   0.06865   0.06095   0.12586   0.00109   0.00108   0.01554   0.00234   0.00000   0.02079   0.10795   1.29935   0.86337  
 17 5223.1738  11308.041440  x:  0.11467   0.00552   0.14107   0.10960   0.06112   0.11736   0.01106   0.07959   0.00000   0.00000   0.03694   0.00170   0.03613   0.15595   0.33203   0.20992   0.18859   0.07773   0.10601   0.00349   0.06682   0.00845   0.01242   0.03614   0.01765   0.05612   0.02136   0.00000   0.14413   0.10190   0.03380   0.06548   0.05966   0.12605   0.00069   0.00610   0.00283   0.00083   0.00000   0.02848   0.10940   1.35761   0.82392  
 18 7185.9986  11297.776037  x:  0.11559   0.01113   0.14340   0.11008   0.06061   0.11771   0.01046   0.07829   0.00000   0.00000   0.03675   0.00000   0.03816   0.15668   0.32577   0.20764   0.18856   0.07696   0.10648   0.00361   0.06598   0.00625   0.01625   0.03669   0.01679   0.05436   0.02457   0.00000   0.14513   0.10238   0.03027   0.06493   0.05846   0.12592   0.00051   0.00561   0.00199   0.00056   0.00000   0.03250   0.10871   1.37788   0.80937  
 19 2787.1542  11297.776037  x:  0.11559   0.01113   0.14340   0.11008   0.06061   0.11771   0.01046   0.07829   0.00000   0.00000   0.03675   0.00000   0.03816   0.15668   0.32577   0.20764   0.18856   0.07696   0.10648   0.00361   0.06598   0.00625   0.01625   0.03669   0.01679   0.05436   0.02457   0.00000   0.14513   0.10238   0.03027   0.06493   0.05846   0.12592   0.00051   0.00561   0.00199   0.00056   0.00000   0.03250   0.10871   1.37788   0.80937  
 20 3708.6431  11282.784281  x:  0.11587   0.01183   0.14385   0.11020   0.06049   0.11772   0.01042   0.07702   0.00000   0.00000   0.03586   0.00247   0.03785   0.15683   0.32562   0.20759   0.18879   0.07762   0.10651   0.00492   0.06583   0.00772   0.01738   0.03679   0.01740   0.05412   0.02346   0.00000   0.14510   0.10247   0.03026   0.06481   0.05839   0.12586   0.01319   0.00575   0.00428   0.00788   0.00000   0.03176   0.10857   1.37866   0.80879  
 21 6169.4189  11251.867893  x:  0.11911   0.01922   0.14921   0.11159   0.05908   0.11788   0.01000   0.06163   0.00000   0.00000   0.02450   0.00987   0.03341   0.15862   0.32372   0.20685   0.19144   0.08540   0.10684   0.01388   0.06396   0.01929   0.02896   0.03793   0.02380   0.05124   0.01001   0.00000   0.14477   0.10347   0.03025   0.06342   0.05749   0.12449   0.01513   0.00645   0.00841   0.00060   0.00000   0.02017   0.10697   1.38819   0.80171  
 22 1359.7368  11245.915376  x:  0.12037   0.02183   0.15127   0.11213   0.05853   0.11793   0.00987   0.05563   0.00000   0.00000   0.02010   0.01216   0.03169   0.15931   0.32298   0.20655   0.19247   0.08837   0.10696   0.01682   0.06324   0.02319   0.03307   0.03835   0.02605   0.05013   0.00484   0.00000   0.14465   0.10386   0.03025   0.06289   0.05715   0.12396   0.01464   0.00664   0.00946   0.00010   0.00324   0.01575   0.10636   1.39192   0.79895  
 23 14410.0271  11241.238842  x:  0.12155   0.02426   0.15322   0.11263   0.05802   0.11799   0.00976   0.04998   0.00000   0.00000   0.01596   0.01415   0.03008   0.15996   0.32228   0.20627   0.19344   0.09116   0.10707   0.01953   0.06256   0.02681   0.03691   0.03874   0.02814   0.04909   0.00000   0.00000   0.14453   0.10423   0.03024   0.06239   0.05683   0.12345   0.01315   0.00675   0.01029   0.00135   0.00472   0.01160   0.10579   1.39544   0.79634  
 24 34754.4942  11224.935421  x:  0.12544   0.02573   0.15966   0.11430   0.05645   0.11781   0.01124   0.03034   0.00000   0.00000   0.00345   0.01193   0.02515   0.16230   0.31975   0.20517   0.19686   0.09917   0.10737   0.01752   0.06031   0.02634   0.04036   0.03923   0.02895   0.04599   0.00483   0.00000   0.14418   0.10543   0.03024   0.06092   0.05600   0.12175   0.01447   0.00281   0.00497   0.00147   0.00474   0.00438   0.10435   1.40860   0.78651  
 25 1416.1752  11215.704582  x:  0.12805   0.02602   0.16409   0.11545   0.05540   0.11773   0.01150   0.01641   0.00000   0.00000   0.00054   0.01004   0.02230   0.16401   0.31793   0.20440   0.19939   0.10443   0.10758   0.01528   0.05883   0.02481   0.04167   0.03944   0.02887   0.04411   0.00359   0.00000   0.14394   0.10625   0.03024   0.05999   0.05550   0.12058   0.01527   0.00473   0.00284   0.00134   0.00436   0.00749   0.10340   1.41834   0.77921  
 26 2583.0391  11209.879666  x:  0.13006   0.02634   0.16748   0.11633   0.05460   0.11767   0.01174   0.00602   0.00000   0.00000   0.00207   0.00884   0.02016   0.16532   0.31653   0.20382   0.20133   0.10847   0.10773   0.01374   0.05771   0.02381   0.04280   0.03962   0.02889   0.04268   0.00328   0.00000   0.14375   0.10688   0.03024   0.05927   0.05512   0.11968   0.01572   0.00505   0.00185   0.00127   0.00418   0.00797   0.10268   1.42580   0.77363  
 27 9085.2819  11208.240962  x:  0.13093   0.02633   0.16901   0.11673   0.05427   0.11765   0.01164   0.00352   0.00000   0.00000   0.00196   0.00828   0.01948   0.16595   0.31587   0.20356   0.20224   0.11018   0.10780   0.01298   0.05725   0.02306   0.04299   0.03965   0.02875   0.04219   0.00376   0.00000   0.14367   0.10716   0.03024   0.05899   0.05498   0.11928   0.01545   0.00502   0.00436   0.00130   0.00420   0.00823   0.10240   1.42947   0.77087  
 28 1931.3136  11188.805518  x:  0.16272   0.03408   0.22623   0.13162   0.04208   0.11761   0.00196   0.01811   0.00000   0.00000   0.00570   0.00485   0.00000   0.19019   0.29073   0.19374   0.23693   0.17389   0.11041   0.00114   0.04152   0.00764   0.05687   0.04136   0.02881   0.02680   0.01081   0.00000   0.14043   0.11751   0.03031   0.04895   0.05017   0.10449   0.01537   0.01172   0.01042   0.00184   0.00439   0.01621   0.09192   1.57138   0.66401  
 29 1390.4649  11182.756611  x:  0.16850   0.03424   0.23681   0.13433   0.04014   0.11759   0.00347   0.01982   0.00000   0.00000   0.00631   0.00403   0.00024   0.19489   0.28606   0.19192   0.24342   0.18519   0.11087   0.00621   0.03929   0.00429   0.05758   0.04148   0.02783   0.02534   0.01286   0.00000   0.13984   0.11937   0.03032   0.04745   0.04952   0.10189   0.01506   0.01204   0.01127   0.00204   0.00471   0.01872   0.09019   1.59916   0.64306  
 30 7749.0911  11161.801675  x:  0.18477   0.03057   0.26805   0.14200   0.03657   0.11753   0.01217   0.02298   0.00000   0.00000   0.00685   0.00846   0.02125   0.20975   0.27220   0.18675   0.26286   0.21642   0.11209   0.00310   0.03745   0.00995   0.05392   0.04120   0.02345   0.02886   0.01448   0.00000   0.13826   0.12440   0.03025   0.04537   0.04913   0.09523   0.01383   0.00807   0.01257   0.00229   0.00534   0.02496   0.08617   1.69046   0.57421  
 31 5265.3261  11143.232873  x:  0.18965   0.02276   0.28116   0.14448   0.03925   0.11751   0.00217   0.02358   0.00000   0.00000   0.00613   0.00537   0.02296   0.21539   0.26535   0.18495   0.27133   0.22609   0.11230   0.00497   0.04494   0.01164   0.04379   0.03999   0.02094   0.03894   0.00820   0.00000   0.13799   0.12554   0.03008   0.04885   0.05151   0.09506   0.01479   0.00176   0.01210   0.00171   0.00456   0.02372   0.08685   1.74557   0.53322  
 32 2469.8259  11127.399246  x:  0.19282   0.01237   0.29413   0.14604   0.04492   0.11790   0.00732   0.02558   0.00000   0.00000   0.00556   0.00213   0.01725   0.22022   0.25777   0.18374   0.27986   0.23244   0.11220   0.00368   0.05694   0.01099   0.02772   0.03820   0.01981   0.05148   0.00000   0.00000   0.13813   0.12567   0.02981   0.05533   0.05561   0.09746   0.01621   0.00949   0.01225   0.00096   0.00286   0.01305   0.08990   1.81752   0.48072  
 33 4148.6129  11121.537251  x:  0.19141   0.01037   0.29717   0.14522   0.04832   0.11854   0.00701   0.02423   0.00000   0.00000   0.00538   0.01394   0.01175   0.22059   0.25547   0.18433   0.28198   0.23003   0.11187   0.00422   0.06225   0.01083   0.02138   0.03777   0.02182   0.05473   0.00311   0.00000   0.13872   0.12456   0.02967   0.05889   0.05767   0.10084   0.01437   0.01212   0.01195   0.00124   0.00329   0.01316   0.09309   1.85551   0.45499  
 34 2123.5215  11100.643192  x:  0.17690   0.02498   0.29153   0.13719   0.05480   0.12283   0.01417   0.02378   0.00000   0.00000   0.00535   0.01132   0.00753   0.21512   0.25615   0.18944   0.27914   0.20275   0.11020   0.00256   0.06611   0.00963   0.02784   0.03938   0.02883   0.04706   0.00251   0.00000   0.14204   0.11781   0.02949   0.06487   0.06031   0.11516   0.01456   0.00224   0.01188   0.00125   0.00376   0.01954   0.10505   1.96057   0.39453  
 35 1299.1213  11090.187476  x:  0.16629   0.02990   0.28560   0.13147   0.05596   0.12494   0.00658   0.02157   0.00000   0.00000   0.00572   0.00621   0.01406   0.21103   0.25825   0.19321   0.27586   0.18216   0.10931   0.00427   0.06373   0.01248   0.03394   0.04066   0.02949   0.03916   0.00873   0.00000   0.14429   0.11357   0.02953   0.06558   0.05998   0.12285   0.01470   0.01161   0.01147   0.00174   0.00425   0.01645   0.11120   2.03212   0.35991  
 36 2774.3471  11081.396381  x:  0.15979   0.02400   0.27896   0.12839   0.05083   0.12497   0.00490   0.02110   0.00000   0.00000   0.00468   0.01110   0.01650   0.20764   0.26120   0.19590   0.27228   0.16675   0.10954   0.00342   0.05377   0.00521   0.03502   0.04049   0.02330   0.03436   0.00274   0.00000   0.14543   0.11242   0.02990   0.06001   0.05615   0.12295   0.01495   0.01088   0.01074   0.00118   0.00327   0.01151   0.11017   2.08700   0.35030  
 37 1045.2359  11072.379393  x:  0.15323   0.01363   0.27037   0.12570   0.04316   0.12441   0.00652   0.02139   0.00000   0.00000   0.00447   0.01161   0.00986   0.20327   0.26489   0.19883   0.26774   0.14887   0.11024   0.00438   0.04088   0.01314   0.03408   0.04005   0.01714   0.03136   0.00098   0.00000   0.14651   0.11218   0.03039   0.05176   0.05094   0.12038   0.01480   0.00879   0.01060   0.00106   0.00327   0.01143   0.10654   2.15811   0.34650  
 38 2345.9841  11050.804174  x:  0.14418   0.01115   0.24785   0.12550   0.03032   0.12234   0.00701   0.01979   0.00000   0.00000   0.00454   0.00952   0.00829   0.19457   0.27623   0.20441   0.25542   0.11396   0.11347   0.00363   0.03563   0.01051   0.04012   0.03840   0.04076   0.05220   0.00409   0.00000   0.14750   0.11666   0.03093   0.03733   0.04410   0.10353   0.01501   0.01006   0.01013   0.00131   0.00364   0.01196   0.08825   2.36068   0.37525  
 39 1393.4676  11013.309756  x:  0.13838   0.03005   0.21014   0.13161   0.04531   0.11904   0.00577   0.01821   0.00000   0.00000   0.00430   0.01057   0.00660   0.18272   0.29597   0.21053   0.23409   0.07934   0.11752   0.00416   0.05238   0.01259   0.03745   0.03866   0.02446   0.03603   0.00449   0.00000   0.14699   0.12537   0.03019   0.05119   0.05214   0.07868   0.01494   0.01189   0.00965   0.00134   0.00365   0.00995   0.06660   2.71407   0.45799  
 40 2276.2099  10986.129633  x:  0.13276   0.01813   0.17163   0.12677   0.05296   0.11752   0.00513   0.01865   0.00000   0.00000   0.00439   0.00948   0.00928   0.17279   0.31387   0.21323   0.21187   0.10114   0.11324   0.00441   0.04548   0.01195   0.04273   0.04271   0.02881   0.02884   0.00386   0.00000   0.14658   0.11963   0.02807   0.05971   0.05662   0.11548   0.01495   0.01191   0.00964   0.00128   0.00355   0.00974   0.11202   2.99719   0.54216  
 41 1532.5051  10984.430538  x:  0.13139   0.02428   0.17079   0.12282   0.05112   0.11913   0.00504   0.01837   0.00000   0.00000   0.00444   0.00984   0.00833   0.17250   0.31491   0.21272   0.21053   0.10377   0.11120   0.00433   0.04597   0.01212   0.04269   0.04093   0.02223   0.03468   0.00442   0.00000   0.14676   0.11525   0.02981   0.05680   0.05401   0.12067   0.01483   0.01281   0.00964   0.00133   0.00360   0.00952   0.11361   3.01391   0.54782  
 42 358.8517  10983.821034  x:  0.13016   0.02493   0.17305   0.11774   0.04963   0.12100   0.00484   0.01846   0.00000   0.00000   0.00442   0.00968   0.00873   0.17329   0.31504   0.21149   0.21049   0.10489   0.10877   0.00444   0.04880   0.01239   0.03972   0.03930   0.02353   0.03183   0.00406   0.00000   0.14694   0.10931   0.03062   0.05423   0.05192   0.12396   0.01487   0.01266   0.00966   0.00129   0.00353   0.00934   0.11087   3.02002   0.55089  
 43 134.6547  10983.625528  x:  0.12937   0.02382   0.17562   0.11462   0.05092   0.12213   0.00493   0.01850   0.00000   0.00000   0.00444   0.00971   0.00867   0.17404   0.31488   0.21032   0.21084   0.10458   0.10751   0.00441   0.04747   0.01227   0.04080   0.04070   0.02353   0.03251   0.00418   0.00000   0.14713   0.10547   0.03003   0.05577   0.05304   0.12534   0.01485   0.01267   0.00967   0.00130   0.00355   0.00943   0.10821   3.02211   0.55242  
 44 68.5917  10983.612270  x:  0.12917   0.02355   0.17660   0.11451   0.05107   0.12223   0.00496   0.01849   0.00000   0.00000   0.00444   0.00973   0.00866   0.17427   0.31471   0.20974   0.21106   0.10401   0.10778   0.00440   0.04749   0.01225   0.04121   0.04003   0.02350   0.03251   0.00420   0.00000   0.14737   0.10561   0.03072   0.05600   0.05299   0.12556   0.01485   0.01267   0.00967   0.00130   0.00356   0.00945   0.10850   3.02231   0.55278  
 45 12.5175  10983.600475  x:  0.12887   0.02369   0.17776   0.11456   0.05094   0.12231   0.00494   0.01848   0.00000   0.00000   0.00443   0.00975   0.00866   0.17450   0.31444   0.20891   0.21133   0.10328   0.10817   0.00441   0.04753   0.01226   0.04107   0.04023   0.02347   0.03250   0.00417   0.00000   0.14767   0.10594   0.03008   0.05588   0.05280   0.12581   0.01485   0.01269   0.00966   0.00130   0.00355   0.00941   0.10910   3.02252   0.55321  
 46 11.4972  10983.586369  x:  0.12855   0.02391   0.17801   0.11473   0.05070   0.12223   0.00491   0.01847   0.00000   0.00000   0.00442   0.00974   0.00870   0.17436   0.31415   0.20820   0.21137   0.10315   0.10804   0.00441   0.04743   0.01227   0.04067   0.04107   0.02355   0.03247   0.00412   0.00000   0.14789   0.10610   0.03082   0.05569   0.05321   0.12582   0.01485   0.01269   0.00966   0.00130   0.00355   0.00937   0.10926   3.02281   0.55333  
 47  4.0554  10983.384428  x:  0.12595   0.02358   0.17684   0.11650   0.05024   0.12090   0.00506   0.01845   0.00000   0.00000   0.00444   0.00981   0.00895   0.17145   0.31078   0.20152   0.21072   0.10429   0.10535   0.00439   0.04797   0.01224   0.04127   0.03976   0.02332   0.03249   0.00419   0.00000   0.14907   0.10595   0.02988   0.05478   0.05532   0.12511   0.01484   0.01262   0.00964   0.00130   0.00355   0.00949   0.10872   3.02690   0.55325  
 48  8.4062  10982.791148  x:  0.12687   0.02393   0.17411   0.11683   0.05311   0.12045   0.00507   0.01837   0.00000   0.00000   0.00445   0.00963   0.00967   0.16808   0.30393   0.19346   0.20965   0.10564   0.10586   0.00439   0.04653   0.01222   0.03964   0.04038   0.02435   0.03306   0.00412   0.00000   0.14926   0.10560   0.03056   0.05777   0.04846   0.12429   0.01489   0.01244   0.00958   0.00129   0.00351   0.00957   0.10764   3.03881   0.55345  
 49 34.1096  10979.614944  x:  0.14226   0.02043   0.16914   0.10921   0.04618   0.12445   0.00596   0.01811   0.00000   0.00000   0.00449   0.00942   0.01134   0.16703   0.27922   0.18531   0.20876   0.10610   0.11910   0.00422   0.05372   0.01194   0.04043   0.04261   0.02299   0.03462   0.00420   0.00000   0.14564   0.10462   0.03055   0.05938   0.05270   0.12453   0.01489   0.01149   0.00923   0.00129   0.00342   0.01040   0.10752   3.10451   0.55732  
 50 90.4654  10974.934453  x:  0.14955   0.02373   0.17439   0.11035   0.05562   0.12704   0.00583   0.01747   0.00000   0.00000   0.00437   0.00792   0.01418   0.17312   0.25975   0.19063   0.21204   0.10805   0.12042   0.00431   0.04660   0.01223   0.02863   0.03526   0.02690   0.03768   0.00311   0.00000   0.14268   0.10618   0.02952   0.05276   0.06224   0.12422   0.01518   0.01026   0.00863   0.00116   0.00305   0.01038   0.10814   3.19836   0.56473  
 51 346.9439  10967.312781  x:  0.14326   0.01421   0.19248   0.12298   0.06196   0.12384   0.00884   0.01720   0.00000   0.00000   0.00448   0.00666   0.01654   0.18574   0.25128   0.20796   0.22199   0.11586   0.10393   0.00393   0.06099   0.01161   0.02885   0.04301   0.02523   0.04302   0.00305   0.00000   0.14192   0.11196   0.03071   0.04923   0.05472   0.12186   0.01522   0.00753   0.00797   0.00114   0.00283   0.01281   0.10828   3.35660   0.57627  
 52 599.0068  10964.550196  x:  0.13910   0.01537   0.19957   0.12588   0.05042   0.12079   0.00932   0.01699   0.00000   0.00000   0.00447   0.00578   0.01748   0.18846   0.26216   0.20983   0.22691   0.12147   0.10170   0.00394   0.06044   0.01177   0.02274   0.04015   0.02685   0.04491   0.00256   0.00000   0.14340   0.11312   0.02976   0.06286   0.05437   0.11958   0.01537   0.00661   0.00770   0.00109   0.00265   0.01321   0.10765   3.41327   0.57901  
 53 426.5080  10963.123179  x:  0.14097   0.01419   0.20183   0.12529   0.05482   0.11902   0.00986   0.01710   0.00000   0.00000   0.00452   0.00548   0.01748   0.18673   0.28585   0.20079   0.23067   0.12666   0.11139   0.00389   0.06234   0.01172   0.02128   0.04070   0.02697   0.04611   0.00243   0.00000   0.14572   0.11097   0.02997   0.05882   0.05585   0.11736   0.01540   0.00599   0.00764   0.00107   0.00259   0.01376   0.10680   3.44279   0.57775  
 54 141.4044  10963.018056  x:  0.14477   0.01405   0.20140   0.12489   0.05489   0.12075   0.00981   0.01709   0.00000   0.00000   0.00452   0.00551   0.01736   0.18764   0.28910   0.19819   0.23117   0.12533   0.10790   0.00389   0.06232   0.01173   0.02121   0.04063   0.02702   0.04623   0.00239   0.00000   0.14448   0.11250   0.02992   0.05867   0.05598   0.11769   0.01540   0.00597   0.00762   0.00107   0.00258   0.01373   0.10722   3.44493   0.57750  
 55 31.5417  10963.011926  x:  0.14456   0.01410   0.20092   0.12538   0.05484   0.12034   0.00981   0.01708   0.00000   0.00000   0.00451   0.00552   0.01729   0.18899   0.28920   0.19769   0.23113   0.12516   0.10807   0.00389   0.06232   0.01173   0.02124   0.04063   0.02702   0.04622   0.00240   0.00000   0.14373   0.11227   0.02995   0.05867   0.05599   0.11809   0.01540   0.00598   0.00762   0.00107   0.00258   0.01372   0.10701   3.44513   0.57745  
 56  3.1960  10962.977095  x:  0.14343   0.01407   0.19963   0.12401   0.05503   0.12130   0.00982   0.01702   0.00000   0.00000   0.00451   0.00554   0.01715   0.19169   0.28922   0.19713   0.23080   0.12564   0.10798   0.00390   0.06232   0.01173   0.02133   0.04062   0.02702   0.04626   0.00242   0.00000   0.14496   0.11262   0.02990   0.05871   0.05595   0.11636   0.01540   0.00596   0.00759   0.00107   0.00258   0.01371   0.10779   3.44664   0.57732  
 57  1.5334  10961.784071  x:  0.14633   0.01453   0.19495   0.12463   0.05516   0.11876   0.00976   0.01618   0.00000   0.00000   0.00450   0.00531   0.01802   0.19565   0.29174   0.19871   0.22698   0.12349   0.10820   0.00412   0.06227   0.01187   0.02320   0.03988   0.02608   0.04690   0.00283   0.00000   0.16151   0.11754   0.02905   0.05977   0.05639   0.12539   0.01525   0.00563   0.00705   0.00111   0.00254   0.01367   0.09997   3.50171   0.57734  
 58  6.0559  10956.609490  x:  0.14579   0.01634   0.19275   0.12791   0.05419   0.11791   0.00948   0.01222   0.00000   0.00000   0.00435   0.00464   0.02242   0.18529   0.30277   0.20436   0.22092   0.11051   0.10669   0.00504   0.06250   0.01245   0.03161   0.03649   0.02250   0.05018   0.00416   0.00000   0.15360   0.10149   0.02988   0.06350   0.05763   0.11417   0.01478   0.00408   0.00462   0.00124   0.00234   0.01332   0.10849   3.73561   0.58008  
 59 185.5517  10955.863791  x:  0.13844   0.01628   0.19206   0.12200   0.05510   0.12160   0.00952   0.01165   0.00000   0.00000   0.00434   0.00449   0.02324   0.18130   0.30461   0.20462   0.22227   0.11175   0.10831   0.00518   0.06261   0.01254   0.03272   0.03614   0.02193   0.05056   0.00451   0.00000   0.14423   0.11069   0.02954   0.06382   0.05835   0.11674   0.01470   0.00383   0.00429   0.00126   0.00232   0.01334   0.10493   3.76953   0.58037  
 60 152.2796  10955.858797  x:  0.13846   0.01635   0.19159   0.12156   0.05516   0.12095   0.00952   0.01163   0.00000   0.00000   0.00433   0.00449   0.02325   0.18122   0.30449   0.20465   0.22381   0.11159   0.10818   0.00518   0.06260   0.01254   0.03275   0.03614   0.02193   0.05056   0.00451   0.00000   0.14431   0.11069   0.02954   0.06381   0.05834   0.11673   0.01470   0.00384   0.00428   0.00126   0.00232   0.01332   0.10504   3.76979   0.58049  
 61  4.9740  10955.857147  x:  0.13836   0.01632   0.19137   0.12191   0.05512   0.12151   0.00952   0.01163   0.00000   0.00000   0.00433   0.00449   0.02325   0.18117   0.30447   0.20466   0.22435   0.11158   0.10827   0.00518   0.06259   0.01254   0.03275   0.03614   0.02192   0.05056   0.00452   0.00000   0.14442   0.11055   0.02954   0.06383   0.05833   0.11682   0.01470   0.00384   0.00428   0.00126   0.00232   0.01331   0.10498   3.76992   0.58054  
 62  1.4645  10953.783342  x:  0.13791   0.02019   0.18856   0.11974   0.05586   0.12187   0.00848   0.01067   0.00000   0.00000   0.00467   0.00679   0.02454   0.18171   0.29755   0.20386   0.22122   0.10899   0.10910   0.00672   0.06110   0.01380   0.02656   0.04030   0.02142   0.04999   0.00413   0.00000   0.14668   0.11006   0.03007   0.06025   0.05711   0.11741   0.01334   0.00535   0.00388   0.00127   0.00161   0.01127   0.10272   3.96170   0.57722  
 63  0.3799  10952.876531  x:  0.13908   0.01758   0.19454   0.12120   0.05396   0.12148   0.00897   0.01250   0.00000   0.00000   0.00553   0.00629   0.02517   0.18171   0.29643   0.20177   0.22590   0.11259   0.10947   0.00774   0.05876   0.01407   0.02702   0.03896   0.02394   0.04792   0.00449   0.00000   0.14529   0.11057   0.02987   0.06020   0.05648   0.11561   0.01215   0.00497   0.00525   0.00139   0.00122   0.01210   0.10277   4.07258   0.57034  
 64  0.0766  10952.695133  x:  0.13882   0.01668   0.19309   0.12122   0.05406   0.12153   0.00947   0.01180   0.00000   0.00000   0.00577   0.00579   0.02481   0.18301   0.29839   0.20379   0.22438   0.11104   0.10857   0.00809   0.05832   0.01360   0.02804   0.03834   0.02273   0.04673   0.00447   0.00000   0.14620   0.11055   0.02989   0.05981   0.05619   0.11736   0.01175   0.00491   0.00490   0.00146   0.00096   0.01167   0.10448   4.10992   0.56704  
 65  0.0237  10952.613285  x:  0.13866   0.01767   0.19363   0.12109   0.05418   0.12167   0.00955   0.01155   0.00000   0.00000   0.00605   0.00582   0.02393   0.18246   0.29914   0.20355   0.22450   0.11271   0.10886   0.00832   0.05862   0.01307   0.02882   0.03871   0.02300   0.04632   0.00423   0.00000   0.14577   0.11056   0.02985   0.05978   0.05654   0.11776   0.01137   0.00556   0.00479   0.00159   0.00096   0.01155   0.10505   4.09658   0.56523  
 66  0.0077  10952.550967  x:  0.13848   0.01763   0.19280   0.12084   0.05436   0.12178   0.00980   0.01145   0.00000   0.00000   0.00640   0.00551   0.02343   0.18229   0.29748   0.20323   0.22422   0.11233   0.10877   0.00854   0.05874   0.01268   0.02750   0.03911   0.02316   0.04595   0.00407   0.00000   0.14602   0.11012   0.02990   0.05977   0.05659   0.11794   0.01103   0.00539   0.00479   0.00172   0.00088   0.01213   0.10479   4.08403   0.56433  
 67  0.0085  10952.501631  x:  0.13893   0.01665   0.19361   0.12109   0.05410   0.12149   0.00962   0.01147   0.00000   0.00000   0.00671   0.00579   0.02328   0.18250   0.29726   0.20278   0.22476   0.11241   0.10880   0.00879   0.05884   0.01256   0.02769   0.03848   0.02317   0.04647   0.00374   0.00000   0.14573   0.11032   0.02986   0.06052   0.05660   0.11707   0.01063   0.00547   0.00477   0.00188   0.00074   0.01198   0.10410   4.07356   0.56620  
 68  0.0061  10952.459651  x:  0.13899   0.01709   0.19377   0.12121   0.05412   0.12168   0.00945   0.01147   0.00000   0.00000   0.00708   0.00545   0.02355   0.18270   0.29831   0.20301   0.22468   0.11170   0.10874   0.00899   0.05857   0.01282   0.02776   0.03841   0.02261   0.04673   0.00425   0.00000   0.14560   0.11070   0.02987   0.06025   0.05640   0.11658   0.01034   0.00565   0.00483   0.00210   0.00063   0.01201   0.10408   4.06510   0.56822  
 69  0.0056  10952.431849  x:  0.13844   0.01747   0.19299   0.12110   0.05425   0.12165   0.00951   0.01146   0.00000   0.00000   0.00729   0.00555   0.02373   0.18241   0.29888   0.20352   0.22390   0.11134   0.10892   0.00909   0.05874   0.01295   0.02792   0.03873   0.02325   0.04710   0.00409   0.00000   0.14596   0.11063   0.02988   0.05974   0.05642   0.11700   0.01018   0.00561   0.00478   0.00225   0.00040   0.01170   0.10426   4.06208   0.56862  
 70  0.0024  10952.399586  x:  0.13885   0.01732   0.19309   0.12102   0.05423   0.12141   0.00963   0.01152   0.00000   0.00000   0.00759   0.00570   0.02398   0.18221   0.29732   0.20273   0.22392   0.11296   0.10891   0.00905   0.05863   0.01307   0.02791   0.03896   0.02272   0.04641   0.00415   0.00000   0.14604   0.11013   0.02991   0.05989   0.05655   0.11739   0.01014   0.00588   0.00473   0.00253   0.00006   0.01152   0.10422   4.05173   0.56796  
 71  0.0034  10952.386269  x:  0.13882   0.01726   0.19299   0.12099   0.05421   0.12146   0.00963   0.01153   0.00000   0.00000   0.00765   0.00570   0.02402   0.18222   0.29738   0.20281   0.22390   0.11273   0.10883   0.00901   0.05867   0.01308   0.02791   0.03886   0.02286   0.04641   0.00418   0.00000   0.14592   0.11017   0.02990   0.05998   0.05657   0.11746   0.01014   0.00601   0.00473   0.00262   0.00000   0.01157   0.10435   4.04994   0.56755  
 72  0.0035  10952.386269  x:  0.13882   0.01726   0.19299   0.12099   0.05421   0.12146   0.00963   0.01153   0.00000   0.00000   0.00765   0.00570   0.02402   0.18222   0.29738   0.20281   0.22390   0.11273   0.10883   0.00901   0.05867   0.01308   0.02791   0.03886   0.02286   0.04641   0.00418   0.00000   0.14592   0.11017   0.02990   0.05998   0.05657   0.11746   0.01014   0.00601   0.00473   0.00262   0.00000   0.01157   0.10435   4.04994   0.56755  
 73  0.0026  10952.350228  x:  0.13881   0.01726   0.19299   0.12100   0.05421   0.12146   0.00961   0.01153   0.00000   0.00000   0.00747   0.00567   0.02400   0.18222   0.29739   0.20281   0.22390   0.11272   0.10883   0.00890   0.05867   0.01307   0.02790   0.03885   0.02288   0.04642   0.00413   0.00000   0.14592   0.11017   0.02990   0.05998   0.05656   0.11746   0.01016   0.00606   0.00476   0.00316   0.00002   0.01163   0.10435   4.04994   0.56754  
 74 130.7158  10952.347791  x:  0.13881   0.01726   0.19299   0.12100   0.05421   0.12146   0.00961   0.01153   0.00000   0.00000   0.00746   0.00567   0.02400   0.18222   0.29739   0.20281   0.22390   0.11271   0.10883   0.00889   0.05867   0.01307   0.02790   0.03885   0.02288   0.04642   0.00413   0.00000   0.14592   0.11017   0.02990   0.05998   0.05656   0.11746   0.01016   0.00606   0.00476   0.00317   0.00000   0.01163   0.10435   4.04994   0.56754  
 75 166.6544  10952.346555  x:  0.13881   0.01726   0.19299   0.12100   0.05421   0.12146   0.00960   0.01153   0.00000   0.00000   0.00739   0.00567   0.02400   0.18222   0.29739   0.20281   0.22390   0.11270   0.10883   0.00885   0.05867   0.01306   0.02790   0.03884   0.02289   0.04642   0.00411   0.00000   0.14592   0.11018   0.02990   0.05998   0.05656   0.11745   0.01016   0.00610   0.00477   0.00327   0.00000   0.01165   0.10435   4.04994   0.56754  
 76 384.6846  10952.336237  x:  0.13880   0.01726   0.19300   0.12100   0.05421   0.12147   0.00957   0.01154   0.00000   0.00000   0.00702   0.00564   0.02396   0.18222   0.29741   0.20283   0.22391   0.11265   0.10882   0.00864   0.05868   0.01303   0.02789   0.03880   0.02293   0.04646   0.00403   0.00000   0.14592   0.11020   0.02989   0.05999   0.05655   0.11743   0.01009   0.00631   0.00478   0.00311   0.00000   0.01176   0.10435   4.04995   0.56753  
 77 47.3189  10952.335294  x:  0.13880   0.01725   0.19301   0.12101   0.05421   0.12149   0.00956   0.01158   0.00000   0.00000   0.00697   0.00569   0.02395   0.18223   0.29743   0.20285   0.22393   0.11257   0.10882   0.00862   0.05868   0.01303   0.02787   0.03877   0.02297   0.04652   0.00407   0.00000   0.14591   0.11022   0.02989   0.05999   0.05654   0.11741   0.01000   0.00625   0.00473   0.00312   0.00000   0.01178   0.10435   4.04995   0.56751  
 78 10.3360  10952.334623  x:  0.13878   0.01725   0.19303   0.12102   0.05421   0.12151   0.00956   0.01160   0.00000   0.00000   0.00698   0.00572   0.02392   0.18225   0.29747   0.20288   0.22397   0.11243   0.10882   0.00863   0.05870   0.01302   0.02786   0.03871   0.02302   0.04661   0.00406   0.00000   0.14590   0.11027   0.02989   0.05999   0.05652   0.11736   0.00997   0.00624   0.00481   0.00311   0.00000   0.01180   0.10435   4.04997   0.56748  
 79  8.6624  10952.333682  x:  0.13874   0.01724   0.19307   0.12104   0.05421   0.12156   0.00956   0.01160   0.00000   0.00000   0.00702   0.00571   0.02388   0.18229   0.29756   0.20295   0.22404   0.11217   0.10882   0.00864   0.05872   0.01302   0.02783   0.03863   0.02307   0.04675   0.00402   0.00000   0.14588   0.11035   0.02988   0.06001   0.05648   0.11727   0.01002   0.00626   0.00476   0.00311   0.00000   0.01181   0.10436   4.05000   0.56740  
 80 14.8121  10952.333363  x:  0.13873   0.01724   0.19310   0.12105   0.05421   0.12158   0.00957   0.01159   0.00000   0.00000   0.00701   0.00567   0.02387   0.18231   0.29762   0.20299   0.22408   0.11205   0.10882   0.00862   0.05873   0.01302   0.02784   0.03863   0.02304   0.04677   0.00408   0.00000   0.14587   0.11040   0.02988   0.06001   0.05647   0.11723   0.01003   0.00627   0.00476   0.00311   0.00000   0.01177   0.10436   4.05002   0.56736  
 81  6.6601  10952.333098  x:  0.13871   0.01724   0.19312   0.12106   0.05421   0.12161   0.00956   0.01156   0.00000   0.00000   0.00700   0.00569   0.02388   0.18234   0.29769   0.20304   0.22413   0.11194   0.10881   0.00861   0.05873   0.01303   0.02787   0.03867   0.02297   0.04673   0.00405   0.00000   0.14586   0.11044   0.02988   0.06001   0.05647   0.11719   0.01001   0.00626   0.00476   0.00311   0.00000   0.01175   0.10437   4.05005   0.56730  
 82  5.9208  10952.332958  x:  0.13870   0.01724   0.19315   0.12107   0.05421   0.12162   0.00956   0.01158   0.00000   0.00000   0.00700   0.00570   0.02389   0.18236   0.29775   0.20308   0.22417   0.11189   0.10881   0.00863   0.05872   0.01303   0.02787   0.03871   0.02296   0.04668   0.00406   0.00000   0.14585   0.11046   0.02988   0.06001   0.05648   0.11717   0.01002   0.00626   0.00476   0.00311   0.00000   0.01180   0.10437   4.05008   0.56724  
 83  4.1450  10952.332865  x:  0.13869   0.01724   0.19317   0.12107   0.05421   0.12163   0.00957   0.01160   0.00000   0.00000   0.00700   0.00567   0.02390   0.18238   0.29781   0.20311   0.22421   0.11188   0.10881   0.00863   0.05871   0.01303   0.02786   0.03873   0.02300   0.04664   0.00405   0.00000   0.14584   0.11047   0.02988   0.06001   0.05649   0.11716   0.01001   0.00626   0.00476   0.00311   0.00000   0.01179   0.10437   4.05012   0.56718  
 84  2.8238  10952.332784  x:  0.13869   0.01724   0.19319   0.12107   0.05420   0.12163   0.00957   0.01158   0.00000   0.00000   0.00700   0.00570   0.02390   0.18240   0.29789   0.20315   0.22425   0.11190   0.10882   0.00862   0.05871   0.01302   0.02785   0.03872   0.02303   0.04661   0.00406   0.00000   0.14584   0.11047   0.02988   0.06000   0.05650   0.11716   0.01003   0.00626   0.00476   0.00311   0.00000   0.01177   0.10437   4.05017   0.56710  
 85  2.8996  10952.332661  x:  0.13869   0.01723   0.19322   0.12107   0.05420   0.12163   0.00956   0.01156   0.00000   0.00000   0.00699   0.00568   0.02388   0.18244   0.29802   0.20320   0.22431   0.11197   0.10882   0.00864   0.05870   0.01303   0.02785   0.03868   0.02302   0.04663   0.00406   0.00000   0.14583   0.11045   0.02988   0.06000   0.05652   0.11718   0.01002   0.00626   0.00476   0.00311   0.00000   0.01179   0.10436   4.05027   0.56694  
 86  3.4446  10952.332604  x:  0.13869   0.01724   0.19323   0.12107   0.05420   0.12163   0.00956   0.01158   0.00000   0.00000   0.00700   0.00569   0.02387   0.18245   0.29808   0.20322   0.22434   0.11200   0.10882   0.00862   0.05870   0.01303   0.02786   0.03868   0.02299   0.04665   0.00406   0.00000   0.14583   0.11044   0.02988   0.05999   0.05651   0.11719   0.01002   0.00626   0.00476   0.00311   0.00000   0.01179   0.10436   4.05033   0.56686  
 87  3.6509  10952.332582  x:  0.13869   0.01724   0.19323   0.12107   0.05420   0.12162   0.00957   0.01159   0.00000   0.00000   0.00699   0.00569   0.02387   0.18245   0.29810   0.20322   0.22434   0.11201   0.10882   0.00863   0.05871   0.01303   0.02786   0.03869   0.02300   0.04667   0.00405   0.00000   0.14583   0.11044   0.02988   0.06000   0.05650   0.11720   0.01002   0.00626   0.00476   0.00311   0.00000   0.01177   0.10436   4.05038   0.56682  
 88  1.2893  10952.332548  x:  0.13870   0.01724   0.19322   0.12107   0.05421   0.12162   0.00956   0.01158   0.00000   0.00000   0.00700   0.00569   0.02387   0.18244   0.29812   0.20320   0.22433   0.11201   0.10882   0.00862   0.05872   0.01303   0.02787   0.03873   0.02301   0.04669   0.00406   0.00000   0.14584   0.11043   0.02988   0.06001   0.05648   0.11721   0.01002   0.00626   0.00476   0.00311   0.00000   0.01178   0.10437   4.05047   0.56675  
 89  1.7811  10952.332462  x:  0.13873   0.01724   0.19318   0.12106   0.05421   0.12160   0.00957   0.01158   0.00000   0.00000   0.00700   0.00569   0.02388   0.18241   0.29812   0.20313   0.22426   0.11198   0.10882   0.00863   0.05873   0.01302   0.02783   0.03870   0.02299   0.04666   0.00405   0.00000   0.14587   0.11042   0.02988   0.06003   0.05646   0.11721   0.01002   0.00626   0.00476   0.00311   0.00000   0.01178   0.10437   4.05079   0.56656  
 90  1.6833  10952.332421  x:  0.13873   0.01724   0.19317   0.12106   0.05421   0.12160   0.00955   0.01159   0.00000   0.00000   0.00700   0.00569   0.02388   0.18239   0.29811   0.20310   0.22423   0.11196   0.10882   0.00863   0.05872   0.01304   0.02787   0.03869   0.02300   0.04665   0.00406   0.00000   0.14587   0.11042   0.02988   0.06003   0.05647   0.11721   0.01002   0.00626   0.00476   0.00311   0.00000   0.01178   0.10437   4.05097   0.56648  
 91  2.4929  10952.332383  x:  0.13873   0.01725   0.19316   0.12106   0.05421   0.12160   0.00957   0.01158   0.00000   0.00000   0.00700   0.00569   0.02387   0.18239   0.29809   0.20308   0.22421   0.11196   0.10882   0.00863   0.05871   0.01302   0.02789   0.03868   0.02301   0.04665   0.00406   0.00000   0.14588   0.11042   0.02988   0.06001   0.05650   0.11720   0.01002   0.00626   0.00476   0.00311   0.00000   0.01178   0.10437   4.05115   0.56643  
 92  3.2517  10952.332286  x:  0.13871   0.01723   0.19315   0.12107   0.05420   0.12163   0.00955   0.01159   0.00000   0.00000   0.00700   0.00569   0.02387   0.18239   0.29802   0.20308   0.22419   0.11197   0.10882   0.00863   0.05868   0.01301   0.02785   0.03871   0.02300   0.04668   0.00406   0.00000   0.14586   0.11045   0.02988   0.05997   0.05656   0.11718   0.01002   0.00626   0.00476   0.00311   0.00000   0.01178   0.10437   4.05167   0.56635  
 93  3.5087  10952.332199  x:  0.13869   0.01724   0.19316   0.12108   0.05420   0.12165   0.00957   0.01158   0.00000   0.00000   0.00700   0.00569   0.02388   0.18239   0.29795   0.20309   0.22418   0.11198   0.10882   0.00862   0.05868   0.01306   0.02783   0.03872   0.02300   0.04669   0.00405   0.00000   0.14585   0.11047   0.02988   0.05995   0.05657   0.11717   0.01002   0.00626   0.00476   0.00311   0.00000   0.01178   0.10436   4.05216   0.56631  
 94  6.5789  10952.331779  x:  0.13861   0.01726   0.19323   0.12112   0.05421   0.12172   0.00956   0.01158   0.00000   0.00000   0.00700   0.00569   0.02393   0.18245   0.29767   0.20320   0.22421   0.11206   0.10883   0.00863   0.05878   0.01302   0.02786   0.03869   0.02300   0.04666   0.00406   0.00000   0.14577   0.11055   0.02987   0.05996   0.05647   0.11713   0.01002   0.00626   0.00476   0.00311   0.00000   0.01178   0.10436   4.05459   0.56622  
 95 10.9447  10952.331353  x:  0.13863   0.01715   0.19328   0.12110   0.05420   0.12168   0.00957   0.01160   0.00000   0.00000   0.00700   0.00569   0.02385   0.18248   0.29755   0.20329   0.22429   0.11204   0.10882   0.00863   0.05871   0.01303   0.02788   0.03870   0.02300   0.04665   0.00405   0.00000   0.14577   0.11049   0.02990   0.06008   0.05645   0.11719   0.01002   0.00626   0.00476   0.00311   0.00000   0.01178   0.10437   4.05710   0.56630  
 96 10.2411  10952.330846  x:  0.13871   0.01729   0.19332   0.12106   0.05420   0.12160   0.00956   0.01158   0.00000   0.00000   0.00700   0.00569   0.02384   0.18249   0.29751   0.20335   0.22438   0.11197   0.10881   0.00863   0.05864   0.01303   0.02784   0.03871   0.02300   0.04666   0.00406   0.00000   0.14580   0.11040   0.02989   0.06014   0.05648   0.11726   0.01002   0.00626   0.00476   0.00311   0.00000   0.01178   0.10438   4.06013   0.56646  
 97 23.4268  10952.330247  x:  0.13880   0.01723   0.19331   0.12102   0.05420   0.12152   0.00956   0.01159   0.00000   0.00000   0.00699   0.00568   0.02397   0.18248   0.29766   0.20332   0.22444   0.11191   0.10881   0.00862   0.05870   0.01303   0.02786   0.03869   0.02300   0.04669   0.00405   0.00000   0.14589   0.11032   0.02985   0.05998   0.05652   0.11729   0.01002   0.00626   0.00476   0.00311   0.00000   0.01178   0.10438   4.06373   0.56677  
 98 19.1541  10952.329852  x:  0.13879   0.01724   0.19325   0.12104   0.05421   0.12157   0.00956   0.01158   0.00000   0.00000   0.00699   0.00569   0.02384   0.18242   0.29789   0.20323   0.22441   0.11195   0.10882   0.00863   0.05877   0.01303   0.02786   0.03870   0.02300   0.04665   0.00405   0.00000   0.14592   0.11039   0.02993   0.05992   0.05650   0.11722   0.01002   0.00626   0.00476   0.00311   0.00000   0.01178   0.10437   4.06611   0.56702  
 99 12.6176  10952.329678  x:  0.13874   0.01724   0.19321   0.12106   0.05421   0.12162   0.00956   0.01158   0.00000   0.00000   0.00699   0.00569   0.02386   0.18241   0.29803   0.20316   0.22435   0.11199   0.10882   0.00863   0.05872   0.01303   0.02786   0.03870   0.02300   0.04666   0.00405   0.00000   0.14590   0.11045   0.02985   0.06000   0.05649   0.11718   0.01002   0.00626   0.00476   0.00311   0.00000   0.01178   0.10436   4.06716   0.56715  
100  8.0677  10952.329662  x:  0.13873   0.01724   0.19320   0.12107   0.05421   0.12163   0.00956   0.01158   0.00000   0.00000   0.00699   0.00568   0.02388   0.18241   0.29805   0.20316   0.22433   0.11199   0.10882   0.00863   0.05871   0.01303   0.02786   0.03870   0.02300   0.04667   0.00405   0.00000   0.14588   0.11045   0.02988   0.06001   0.05650   0.11718   0.01002   0.00626   0.00476   0.00311   0.00000   0.01178   0.10436   4.06726   0.56717  
101  1.3205  10952.329654  x:  0.13871   0.01724   0.19321   0.12107   0.05421   0.12163   0.00956   0.01158   0.00000   0.00000   0.00699   0.00568   0.02388   0.18243   0.29807   0.20316   0.22430   0.11198   0.10882   0.00863   0.05871   0.01303   0.02786   0.03870   0.02300   0.04666   0.00405   0.00000   0.14585   0.11044   0.02988   0.06000   0.05649   0.11720   0.01002   0.00626   0.00476   0.00311   0.00000   0.01178   0.10437   4.06731   0.56718  
102  0.3599  10952.329653  x:  0.13871   0.01724   0.19321   0.12107   0.05421   0.12162   0.00956   0.01158   0.00000   0.00000   0.00699   0.00568   0.02388   0.18243   0.29807   0.20317   0.22429   0.11198   0.10882   0.00863   0.05872   0.01303   0.02786   0.03870   0.02300   0.04666   0.00405   0.00000   0.14585   0.11044   0.02988   0.06001   0.05650   0.11720   0.01002   0.00626   0.00476   0.00311   0.00000   0.01178   0.10437   4.06731   0.56718  
103  0.0689  10952.329653  x:  0.13871   0.01724   0.19321   0.12107   0.05421   0.12162   0.00956   0.01158   0.00000   0.00000   0.00699   0.00568   0.02387   0.18243   0.29807   0.20317   0.22428   0.11198   0.10882   0.00863   0.05871   0.01303   0.02786   0.03870   0.02300   0.04666   0.00405   0.00000   0.14585   0.11044   0.02988   0.06000   0.05650   0.11720   0.01002   0.00626   0.00476   0.00311   0.00000   0.01178   0.10437   4.06731   0.56718  
104  0.0536  10952.329651  x:  0.13871   0.01724   0.19322   0.12107   0.05420   0.12163   0.00956   0.01158   0.00000   0.00000   0.00699   0.00568   0.02387   0.18243   0.29807   0.20318   0.22427   0.11198   0.10881   0.00863   0.05872   0.01303   0.02786   0.03870   0.02300   0.04666   0.00405   0.00000   0.14587   0.11044   0.02988   0.06001   0.05650   0.11720   0.01002   0.00626   0.00476   0.00311   0.00000   0.01178   0.10437   4.06731   0.56718  
105  0.0131  10952.329642  x:  0.13870   0.01724   0.19322   0.12108   0.05423   0.12165   0.00956   0.01158   0.00000   0.00000   0.00699   0.00568   0.02387   0.18243   0.29807   0.20319   0.22426   0.11198   0.10881   0.00863   0.05871   0.01303   0.02786   0.03870   0.02300   0.04666   0.00405   0.00000   0.14589   0.11043   0.02988   0.06000   0.05649   0.11721   0.01002   0.00626   0.00476   0.00311   0.00000   0.01178   0.10438   4.06731   0.56718  
106  0.0560  10952.329391  x:  0.13857   0.01724   0.19329   0.12108   0.05418   0.12162   0.00956   0.01158   0.00000   0.00000   0.00699   0.00568   0.02389   0.18228   0.29808   0.20326   0.22422   0.11197   0.10895   0.00862   0.05872   0.01303   0.02786   0.03870   0.02300   0.04667   0.00405   0.00000   0.14597   0.11036   0.02988   0.06002   0.05649   0.11720   0.01004   0.00625   0.00476   0.00311   0.00000   0.01178   0.10424   4.06731   0.56717  
107  0.0792  10952.327782  x:  0.13862   0.01724   0.19338   0.12102   0.05421   0.12147   0.00956   0.01158   0.00000   0.00000   0.00693   0.00567   0.02391   0.18201   0.29809   0.20333   0.22422   0.11201   0.10874   0.00858   0.05871   0.01302   0.02786   0.03870   0.02301   0.04667   0.00403   0.00000   0.14583   0.11048   0.02988   0.06001   0.05650   0.11710   0.01015   0.00615   0.00477   0.00310   0.00000   0.01180   0.10449   4.06732   0.56715  
108  0.3565  10952.327130  x:  0.13878   0.01723   0.19325   0.12107   0.05421   0.12167   0.00955   0.01158   0.00000   0.00000   0.00690   0.00567   0.02388   0.18233   0.29806   0.20320   0.22429   0.11198   0.10882   0.00857   0.05871   0.01302   0.02786   0.03869   0.02301   0.04667   0.00403   0.00000   0.14582   0.11047   0.02988   0.06001   0.05650   0.11722   0.01020   0.00611   0.00477   0.00310   0.00000   0.01181   0.10433   4.06733   0.56714  
109  1.4391  10952.327089  x:  0.13872   0.01723   0.19321   0.12107   0.05421   0.12163   0.00955   0.01158   0.00000   0.00000   0.00690   0.00567   0.02387   0.18242   0.29805   0.20317   0.22430   0.11199   0.10883   0.00857   0.05871   0.01302   0.02786   0.03869   0.02301   0.04667   0.00403   0.00000   0.14587   0.11045   0.02988   0.06001   0.05649   0.11718   0.01020   0.00611   0.00477   0.00310   0.00000   0.01181   0.10437   4.06733   0.56714  
110  0.5624  10952.327089  x:  0.13872   0.01723   0.19321   0.12107   0.05421   0.12163   0.00955   0.01158   0.00000   0.00000   0.00690   0.00567   0.02387   0.18242   0.29805   0.20317   0.22430   0.11199   0.10882   0.00857   0.05871   0.01302   0.02786   0.03869   0.02301   0.04667   0.00403   0.00000   0.14587   0.11045   0.02988   0.06001   0.05649   0.11719   0.01020   0.00611   0.00477   0.00310   0.00000   0.01181   0.10436   4.06733   0.56714  
111  0.0671  10952.327089  x:  0.13872   0.01723   0.19321   0.12107   0.05421   0.12163   0.00955   0.01158   0.00000   0.00000   0.00690   0.00567   0.02387   0.18242   0.29805   0.20317   0.22430   0.11199   0.10882   0.00857   0.05871   0.01302   0.02786   0.03869   0.02301   0.04667   0.00403   0.00000   0.14587   0.11045   0.02988   0.06001   0.05649   0.11719   0.01020   0.00611   0.00477   0.00310   0.00000   0.01181   0.10437   4.06733   0.56714  
112  0.0047  10952.327088  x:  0.13872   0.01723   0.19319   0.12106   0.05421   0.12163   0.00955   0.01158   0.00000   0.00000   0.00690   0.00567   0.02387   0.18242   0.29806   0.20318   0.22430   0.11199   0.10882   0.00857   0.05871   0.01302   0.02786   0.03869   0.02301   0.04667   0.00403   0.00000   0.14587   0.11045   0.02988   0.06001   0.05649   0.11719   0.01020   0.00611   0.00478   0.00310   0.00000   0.01181   0.10436   4.06732   0.56714  
113  0.0017  10952.327078  x:  0.13871   0.01724   0.19319   0.12110   0.05420   0.12161   0.00955   0.01158   0.00000   0.00000   0.00690   0.00567   0.02387   0.18243   0.29807   0.20318   0.22429   0.11198   0.10882   0.00856   0.05871   0.01302   0.02786   0.03869   0.02301   0.04667   0.00403   0.00000   0.14586   0.11045   0.02988   0.06001   0.05649   0.11720   0.01020   0.00611   0.00478   0.00310   0.00000   0.01181   0.10437   4.06727   0.56715  
114  0.0169  10952.327071  x:  0.13871   0.01724   0.19321   0.12107   0.05421   0.12163   0.00955   0.01158   0.00000   0.00000   0.00689   0.00567   0.02386   0.18243   0.29807   0.20317   0.22428   0.11197   0.10882   0.00856   0.05871   0.01302   0.02786   0.03869   0.02301   0.04667   0.00403   0.00000   0.14585   0.11044   0.02988   0.06001   0.05649   0.11720   0.01021   0.00611   0.00478   0.00311   0.00000   0.01181   0.10437   4.06724   0.56716  
115  0.1615  10952.327071  x:  0.13871   0.01724   0.19321   0.12107   0.05421   0.12163   0.00955   0.01158   0.00000   0.00000   0.00689   0.00567   0.02386   0.18243   0.29807   0.20317   0.22428   0.11197   0.10882   0.00856   0.05871   0.01302   0.02786   0.03869   0.02301   0.04667   0.00403   0.00000   0.14585   0.11044   0.02988   0.06001   0.05649   0.11720   0.01021   0.00612   0.00478   0.00311   0.00000   0.01181   0.10437   4.06722   0.56716  
116  0.0000  10952.327071  x:  0.13871   0.01724   0.19321   0.12107   0.05421   0.12163   0.00955   0.01158   0.00000   0.00000   0.00689   0.00567   0.02386   0.18243   0.29807   0.20317   0.22428   0.11197   0.10882   0.00856   0.05871   0.01302   0.02786   0.03869   0.02301   0.04667   0.00403   0.00000   0.14585   0.11044   0.02988   0.06001   0.05649   0.11720   0.01021   0.00612   0.00478   0.00311   0.00000   0.01181   0.10437   4.06722   0.56716  
117  0.0000  10952.327071  x:  0.13871   0.01724   0.19321   0.12107   0.05421   0.12163   0.00955   0.01158   0.00000   0.00000   0.00689   0.00567   0.02386   0.18243   0.29807   0.20317   0.22428   0.11197   0.10882   0.00856   0.05871   0.01302   0.02786   0.03869   0.02301   0.04667   0.00403   0.00000   0.14585   0.11044   0.02988   0.06001   0.05649   0.11720   0.01021   0.00612   0.00478   0.00311   0.00000   0.01181   0.10437   4.06722   0.56716  
check convergence!
