

TREE # 1

  0  0.0000  20162.401770  x:  0.02791   0.02525   0.02001   0.03769   0.01510   0.88023   0.94121  
  1 99.0000  15839.817004  x:  0.49389   0.52256   0.37807   0.17605   0.28190   0.88728   0.93833  
  2 43847.4969  15723.363298  x:  0.58401   0.57150   0.31203   0.20876   0.11306   1.03663   0.77876  
  3 642.4249  15592.459886  x:  0.64600   0.55141   0.18266   0.32051   0.16279   1.33699   0.40752  
  4 964.5777  15556.580807  x:  0.64812   0.52063   0.22876   0.30212   0.16464   1.43258   0.28043  
  5 969.6428  15530.364799  x:  0.69169   0.42431   0.29264   0.31856   0.17164   1.66950   0.30869  
  6 281.4797  15521.193863  x:  0.66018   0.46292   0.28758   0.25661   0.19189   1.79525   0.33558  
  7 180.3116  15520.298351  x:  0.63820   0.47523   0.29653   0.26931   0.18848   1.81094   0.33887  
  8 66.6240  15511.900188  x:  0.64037   0.44967   0.36613   0.24299   0.17878   1.78057   0.30556  
  9  0.0577  15504.404289  x:  0.66244   0.45985   0.40694   0.27914   0.18039   1.63058   0.31419  
 10  0.0274  15486.809493  x:  0.78007   0.50755   0.45961   0.25389   0.21660   1.78793   0.25601  
 11  0.0489  15485.211340  x:  0.81511   0.51201   0.45393   0.26431   0.21031   1.79363   0.26912  
 12  0.0321  15484.814535  x:  0.83749   0.50877   0.45172   0.27160   0.20556   1.79490   0.25851  
 13  0.0245  15484.802528  x:  0.83934   0.50879   0.45091   0.26951   0.20495   1.79971   0.25891  
 14  0.0048  15484.802504  x:  0.83921   0.50872   0.45090   0.26953   0.20489   1.79989   0.25889  
 15  0.0002  15484.802503  x:  0.83919   0.50873   0.45091   0.26954   0.20488   1.79992   0.25891  
 16  0.0000  15484.802503  x:  0.83920   0.50873   0.45091   0.26954   0.20488   1.79992   0.25890  
 17  0.0000  15484.802503  x:  0.83920   0.50873   0.45091   0.26954   0.20488   1.79992   0.25890  
 18  0.0000  15484.802503  x:  0.83920   0.50873   0.45091   0.26954   0.20488   1.79992   0.25890  