

TREE # 1

  0  0.0000  10495.706738  x:  0.01848   0.01323   0.04420   0.01931   0.03918   0.04109   0.03924   0.07014   0.08333   1.03010   1.11099  
  1 99.0000   8670.388414  x:  0.37789   0.59181   0.17351   0.35094   0.31174   0.10011   0.11732   0.15606   0.60070   1.05160   1.09143  
  2 13873.8214   8353.773612  x:  0.26227   0.41381   0.04134   0.24289   0.33500   0.00000   0.10690   0.31238   1.01059   1.25201   0.87532  
  3 856.5816   8196.927938  x:  0.13688   0.20516   0.05260   0.13055   0.36827   0.18839   0.10067   0.40834   1.38759   1.47176   0.60711  
  4 2588.7753   8131.307500  x:  0.10630   0.13414   0.18914   0.09847   0.34875   0.15985   0.07192   0.38742   1.50588   1.58085   0.42915  
  5 1145.7366   8089.837489  x:  0.12321   0.12341   0.16869   0.11730   0.31306   0.15970   0.09106   0.32266   1.52575   1.66602   0.27137  
  6 606.6877   8082.320789  x:  0.10505   0.15455   0.16016   0.09741   0.29805   0.16159   0.07755   0.28022   1.53432   1.73396   0.26901  
  7 202.3839   8069.029834  x:  0.12108   0.14416   0.15751   0.10761   0.27875   0.15726   0.08918   0.19891   1.54925   1.91335   0.31771  
  8 321.1429   8052.847675  x:  0.12929   0.18186   0.17522   0.11126   0.29798   0.14999   0.13785   0.24273   1.46233   2.25628   0.34464  
  9 241.3407   8045.628464  x:  0.14826   0.18560   0.16970   0.13020   0.32649   0.15139   0.09030   0.26333   1.41903   2.39756   0.34978  
 10 378.9903   8045.453681  x:  0.14570   0.18447   0.16914   0.12877   0.34046   0.14932   0.09223   0.25828   1.41646   2.40044   0.34862  
 11 22.5915   8043.729161  x:  0.18218   0.18749   0.16534   0.09797   0.34160   0.14509   0.09503   0.25091   1.41294   2.39226   0.34212  
 12  0.3264   8028.825971  x:  0.19174   0.22249   0.14362   0.15127   0.32497   0.10335   0.11774   0.19106   1.39148   2.32557   0.29780  
 13 20.2945   8017.291625  x:  0.20071   0.24310   0.11351   0.17526   0.33227   0.05248   0.10893   0.22954   1.40993   2.26957   0.32948  
 14  0.0611   8008.594443  x:  0.17931   0.22366   0.10569   0.16019   0.37806   0.06218   0.09093   0.26959   1.59841   2.27441   0.30073  
 15  0.0359   7997.831434  x:  0.19538   0.24966   0.12730   0.16728   0.36908   0.03506   0.12539   0.25103   1.83571   2.37185   0.29292  
 16  0.0993   7993.650933  x:  0.21061   0.26457   0.12829   0.17037   0.35837   0.06739   0.11674   0.24180   1.95559   2.48614   0.29117  
 17  0.1320   7992.531724  x:  0.22172   0.27740   0.11368   0.17783   0.37334   0.06015   0.10513   0.23824   2.00457   2.49415   0.28256  
 18  0.0520   7992.437305  x:  0.22246   0.28071   0.11473   0.18002   0.37717   0.05759   0.10859   0.24238   2.01573   2.47448   0.28135  
 19  0.0165   7992.431661  x:  0.22296   0.28189   0.11484   0.18087   0.37744   0.05818   0.10817   0.24166   2.01377   2.46618   0.28097  
 20  0.0049   7992.431351  x:  0.22275   0.28189   0.11474   0.18090   0.37740   0.05826   0.10824   0.24181   2.01163   2.46518   0.28120  
 21  0.0017   7992.431331  x:  0.22273   0.28197   0.11471   0.18092   0.37742   0.05823   0.10825   0.24181   2.01143   2.46548   0.28115  
 22  0.0002   7992.431327  x:  0.22271   0.28201   0.11472   0.18091   0.37742   0.05823   0.10824   0.24180   2.01145   2.46565   0.28118  
 23  0.0001   7992.431327  x:  0.22270   0.28201   0.11472   0.18090   0.37741   0.05824   0.10824   0.24181   2.01148   2.46560   0.28118  
 24  0.0000   7992.431326  x:  0.22270   0.28201   0.11472   0.18090   0.37741   0.05824   0.10824   0.24181   2.01148   2.46559   0.28118  
 25  0.0000   7992.431326  x:  0.22270   0.28201   0.11472   0.18090   0.37741   0.05824   0.10824   0.24180   2.01148   2.46559   0.28118  
 26  0.0000   7992.431326  x:  0.22270   0.28201   0.11472   0.18090   0.37741   0.05824   0.10824   0.24181   2.01148   2.46559   0.28118  
 27  0.0000   7992.431326  x:  0.22270   0.28201   0.11472   0.18090   0.37741   0.05824   0.10824   0.24181   2.01148   2.46559   0.28118  
 28  0.0000   7992.431326  x:  0.22270   0.28201   0.11472   0.18090   0.37741   0.05824   0.10824   0.24181   2.01148   2.46559   0.28118  