

TREE # 1

  0  0.0000  13437.607278  x:  0.10641   0.08980   0.04415   0.04336   0.03322   0.09234   0.08404   0.06529   0.04955   0.06782   0.04098   0.05722   0.02461   1.14267   0.80263  
  1 99.0000  10965.243472  x:  0.18302   0.12239   0.18115   0.32059   0.93091   0.24916   0.33853   0.04228   0.02674   0.27924   0.24367   0.16039   1.01723   1.16182   0.77264  
  2 16547.4985  10869.510576  x:  0.18250   0.12617   0.18363   0.31012   0.93040   0.24629   0.46582   0.00431   0.01955   0.34927   0.23023   0.14142   0.98267   1.25190   0.61892  
  3 590.3803  10721.708096  x:  0.18192   0.13385   0.18902   0.28885   0.93131   0.24051   0.73283   0.03133   0.03380   0.49520   0.20341   0.10260   0.91013   1.44414   0.28731  
  4 11694.0199  10710.705371  x:  0.19869   0.12885   0.19005   0.30271   0.94574   0.25029   0.74886   0.03517   0.01935   0.48996   0.24627   0.15285   0.87353   1.48797   0.26030  
  5 281.0539  10705.938864  x:  0.21065   0.12683   0.19237   0.31429   0.96561   0.26238   0.76270   0.02814   0.04755   0.48426   0.26488   0.16905   0.84230   1.52738   0.26389  
  6 340.2508  10690.949848  x:  0.23768   0.12532   0.20199   0.34929   1.06390   0.31652   0.80476   0.03698   0.02954   0.45258   0.27745   0.14860   0.72833   1.68083   0.31479  
  7 328.4407  10677.352814  x:  0.21572   0.11453   0.19256   0.35517   1.19787   0.37457   0.75885   0.03096   0.03328   0.36108   0.26884   0.11994   0.63397   1.82800   0.27694  
  8 275.6317  10675.286862  x:  0.19345   0.13791   0.19702   0.33610   1.22360   0.39096   0.74674   0.03079   0.03370   0.36265   0.25657   0.13641   0.61718   1.85884   0.27903  
  9 111.6935  10674.661072  x:  0.18740   0.12661   0.19058   0.32589   1.23237   0.39904   0.73816   0.03102   0.03361   0.37532   0.24917   0.14463   0.61269   1.87105   0.28236  
 10 60.2450  10674.140858  x:  0.20310   0.12748   0.19416   0.32297   1.23851   0.40791   0.70954   0.03060   0.03369   0.40242   0.24317   0.14412   0.60733   1.88553   0.27859  
 11 32.8712  10674.065047  x:  0.20095   0.12865   0.19245   0.32067   1.23911   0.40657   0.70389   0.03059   0.03371   0.40918   0.25081   0.13940   0.60690   1.88969   0.27918  
 12 14.4028  10674.050603  x:  0.19878   0.12767   0.19463   0.32269   1.23850   0.40167   0.70185   0.03057   0.03369   0.41048   0.25072   0.13956   0.60775   1.89329   0.27982  
 13  4.0660  10674.042747  x:  0.19837   0.12836   0.19289   0.32432   1.23781   0.39841   0.70073   0.03057   0.03366   0.41090   0.25002   0.14001   0.60893   1.89618   0.28034  
 14  6.1203  10674.035420  x:  0.19985   0.12826   0.19308   0.32217   1.23472   0.39715   0.70011   0.03056   0.03360   0.40913   0.25007   0.14010   0.61282   1.90162   0.28123  
 15  1.9396  10674.031084  x:  0.19850   0.12825   0.19311   0.32406   1.23221   0.39954   0.69978   0.03056   0.03357   0.40895   0.25013   0.13998   0.61434   1.90380   0.28127  
 16  0.8569  10673.555123  x:  0.20120   0.12679   0.19296   0.32376   1.23140   0.40036   0.72728   0.03301   0.02911   0.41386   0.25100   0.13902   0.60205   1.95644   0.27856  
 17  0.1447  10673.408208  x:  0.20168   0.12762   0.19303   0.32190   1.22122   0.40119   0.72968   0.03203   0.03290   0.41584   0.25161   0.14148   0.59786   1.97339   0.27623  
 18  0.0065  10672.594280  x:  0.20417   0.12923   0.19314   0.31713   1.15226   0.40759   0.71774   0.03233   0.03166   0.41524   0.24688   0.13926   0.57598   1.97006   0.28868  
 19  0.0094  10672.426089  x:  0.20381   0.12682   0.19158   0.31605   1.13852   0.40571   0.71233   0.03209   0.03053   0.40856   0.24754   0.13877   0.57202   1.94150   0.28418  
 20  0.0266  10672.422827  x:  0.20412   0.12712   0.19180   0.31629   1.13884   0.40544   0.71315   0.03222   0.03052   0.40901   0.24827   0.13965   0.57282   1.93955   0.28363  
 21  0.0023  10672.422065  x:  0.20405   0.12718   0.19176   0.31610   1.13873   0.40583   0.71218   0.03249   0.03039   0.40909   0.24821   0.13985   0.57228   1.94008   0.28376  
 22  0.0004  10672.421792  x:  0.20407   0.12710   0.19177   0.31623   1.13869   0.40557   0.71239   0.03261   0.03044   0.40883   0.24821   0.13967   0.57271   1.93980   0.28372  
 23  0.0004  10672.421788  x:  0.20407   0.12711   0.19177   0.31621   1.13875   0.40561   0.71243   0.03261   0.03044   0.40887   0.24819   0.13966   0.57263   1.93973   0.28370  
 24  0.0001  10672.421788  x:  0.20407   0.12711   0.19177   0.31621   1.13873   0.40560   0.71243   0.03261   0.03044   0.40887   0.24819   0.13966   0.57264   1.93973   0.28370  
 25  0.0000  10672.421788  x:  0.20407   0.12711   0.19177   0.31621   1.13873   0.40560   0.71243   0.03261   0.03044   0.40887   0.24819   0.13966   0.57264   1.93973   0.28370  
 26  0.0000  10672.421788  x:  0.20407   0.12711   0.19177   0.31621   1.13873   0.40560   0.71243   0.03261   0.03044   0.40887   0.24819   0.13966   0.57264   1.93973   0.28370  