

TREE # 1

  0  0.0000  26222.111665  x:  0.01992   0.03209   0.07506   0.03634   0.01912   0.06703   0.10162   0.01187   0.06917   0.04589   0.05908   0.04887   0.01414   0.01998   0.03137   0.03430   0.05815   0.02041   0.01096   0.02634   0.08447   0.07408   0.06048   0.86564   1.10334  
  1 99.0000  23893.741280  x:  0.10775   0.06064   0.14259   0.01629   0.01364   0.03650   0.06781   0.00289   0.03889   0.06784   0.09696   0.02901   0.03105   0.02577   0.48539   0.09040   0.03464   0.16265   0.32442   0.12875   0.15171   0.22586   0.10635   0.90429   1.08241  
  2 24848.3208  23853.434815  x:  0.10645   0.06011   0.14503   0.01521   0.01166   0.03283   0.06348   0.00000   0.03574   0.06817   0.09795   0.02817   0.02937   0.02542   0.48633   0.09057   0.03250   0.16114   0.32238   0.12882   0.15400   0.22924   0.10725   0.90832   1.07993  
  3 3837.2738  23605.477180  x:  0.09575   0.05982   0.15877   0.04301   0.00739   0.00000   0.01114   0.00000   0.01347   0.07036   0.09938   0.05457   0.03866   0.03503   0.50113   0.09662   0.03859   0.14755   0.29855   0.13145   0.16624   0.25469   0.10945   0.95725   1.04640  
  4 6625.6270  23564.242715  x:  0.09362   0.05968   0.16153   0.04722   0.00617   0.00303   0.00000   0.00000   0.00964   0.07084   0.09973   0.05864   0.03976   0.03601   0.50433   0.09785   0.03965   0.14472   0.29343   0.13196   0.16872   0.25993   0.10985   0.96774   1.03906  
  5 12001.1287  23527.733899  x:  0.08898   0.05937   0.16755   0.05638   0.00352   0.00961   0.00000   0.00206   0.00139   0.07186   0.10048   0.06749   0.04213   0.03812   0.51132   0.10053   0.04196   0.13854   0.28224   0.13306   0.17413   0.27135   0.11073   0.99070   1.02298  
  6 750366.5094  23460.806455  x:  0.08324   0.05883   0.17517   0.06559   0.00000   0.01500   0.00000   0.00339   0.00795   0.07331   0.10176   0.07645   0.04368   0.03932   0.52051   0.10374   0.04387   0.13063   0.26764   0.13436   0.18107   0.28601   0.11189   1.02071   1.00168  
  7 15209.8316  23209.764592  x:  0.05380   0.05744   0.21287   0.10124   0.13616   0.04277   0.00000   0.01041   0.03726   0.07819   0.10487   0.10447   0.03656   0.01074   0.60625   0.12309   0.05908   0.07343   0.13637   0.14341   0.21704   0.38456   0.11055   1.29155   0.79157  
  8 8339.5290  23065.583129  x:  0.07652   0.06153   0.20460   0.09108   0.18593   0.05499   0.00000   0.01331   0.04892   0.07164   0.09947   0.08802   0.03000   0.10215   0.65194   0.11743   0.05884   0.07840   0.05954   0.13195   0.21106   0.41188   0.10565   1.47667   0.61747  
  9 5102.3388  22650.610771  x:  0.09423   0.05824   0.14759   0.08092   0.17787   0.05426   0.00000   0.01306   0.04739   0.06225   0.08476   0.06667   0.04959   0.08419   0.65919   0.08851   0.06699   0.11750   0.07057   0.08513   0.15743   0.38948   0.09934   1.79960   0.25214  
 10 4074.4993  22618.327149  x:  0.10050   0.06642   0.15339   0.08088   0.17728   0.05331   0.00000   0.01290   0.04662   0.08179   0.10656   0.06356   0.03603   0.08986   0.64754   0.10884   0.07582   0.10935   0.08226   0.11811   0.15252   0.35417   0.11746   1.85447   0.22358  
 11 956.6205  22573.958897  x:  0.10544   0.05960   0.16803   0.06697   0.16197   0.04770   0.00000   0.01169   0.04282   0.05164   0.08779   0.05507   0.03509   0.08511   0.64713   0.11556   0.08454   0.10822   0.09017   0.16427   0.14885   0.29068   0.11661   1.98683   0.25873  
 12 718.7756  22548.772635  x:  0.10792   0.05892   0.16262   0.05020   0.15032   0.04293   0.00000   0.01065   0.03888   0.08485   0.09054   0.05416   0.04498   0.07883   0.65144   0.10538   0.08862   0.11587   0.08775   0.17352   0.14778   0.25972   0.10082   2.07917   0.29704  
 13 1147.2652  22518.765295  x:  0.10986   0.08139   0.13543   0.03393   0.14111   0.03752   0.00000   0.00954   0.03523   0.07174   0.12896   0.07198   0.03176   0.07552   0.64505   0.10500   0.09949   0.11913   0.09539   0.14888   0.15514   0.26235   0.11392   2.16535   0.33595  
 14 475.0004  22410.433364  x:  0.11033   0.07236   0.16497   0.01359   0.11671   0.01690   0.00000   0.00556   0.02388   0.09852   0.09272   0.06456   0.03217   0.08382   0.60153   0.15579   0.12164   0.10483   0.13269   0.07364   0.17843   0.30443   0.17501   2.36010   0.38865  
 15 477.2538  22273.202038  x:  0.10429   0.05982   0.17107   0.02960   0.08507   0.00000   0.00000   0.00214   0.01302   0.09854   0.10348   0.04473   0.02959   0.07741   0.58365   0.15361   0.11255   0.10573   0.13061   0.08853   0.19273   0.33447   0.16857   2.47311   0.40271  
 16 1197.0399  22273.202038  x:  0.10429   0.05982   0.17107   0.02960   0.08507   0.00000   0.00000   0.00214   0.01302   0.09854   0.10348   0.04473   0.02959   0.07741   0.58365   0.15361   0.11255   0.10573   0.13061   0.08853   0.19273   0.33447   0.16857   2.47311   0.40271  
 17 1230.7432  22252.765867  x:  0.10281   0.05914   0.17231   0.02689   0.08165   0.00090   0.00000   0.00000   0.01126   0.09743   0.10421   0.04286   0.02782   0.07404   0.58283   0.15186   0.10900   0.10510   0.12969   0.08927   0.19366   0.33556   0.16773   2.47359   0.40089  
 18 2698.1347  22149.658237  x:  0.09319   0.05468   0.18035   0.00932   0.05940   0.00637   0.00000   0.00054   0.00000   0.09025   0.10894   0.03073   0.01632   0.05217   0.57744   0.14048   0.08588   0.10096   0.12371   0.09407   0.19974   0.34264   0.16225   2.47674   0.38902  
 19 40106.9230  22101.192109  x:  0.08794   0.05230   0.18478   0.00000   0.04711   0.00854   0.00000   0.00069   0.00215   0.08644   0.11159   0.02435   0.01057   0.04023   0.57447   0.13425   0.07313   0.09872   0.12045   0.09671   0.20308   0.34654   0.15924   2.47848   0.38249  
 20 32177.6121  22012.003774  x:  0.07496   0.04797   0.19735   0.00813   0.01387   0.00153   0.00000   0.00064   0.00266   0.07769   0.11792   0.01626   0.01863   0.01177   0.56614   0.11795   0.03807   0.09353   0.11231   0.10415   0.21178   0.35717   0.15186   2.48348   0.36473  
 21 6630.7840  21986.461082  x:  0.07046   0.04744   0.20287   0.01011   0.00000   0.00642   0.00000   0.00075   0.00313   0.07503   0.12014   0.02096   0.02058   0.01551   0.56217   0.11137   0.02433   0.09193   0.10935   0.10759   0.21535   0.36205   0.14842   2.48594   0.35673  
 22 3748.7725  21977.278461  x:  0.06678   0.04733   0.20811   0.01103   0.00356   0.00669   0.00000   0.00077   0.00329   0.07292   0.12204   0.02376   0.02027   0.01821   0.55827   0.10547   0.01392   0.09077   0.10680   0.11103   0.21861   0.36678   0.14510   2.48838   0.34905  
 23 2301.7098  21967.367220  x:  0.06433   0.04860   0.21465   0.01050   0.00279   0.00130   0.00000   0.00066   0.00298   0.07193   0.12371   0.02557   0.01844   0.02157   0.55276   0.09924   0.01600   0.09065   0.10476   0.11526   0.22237   0.37321   0.14083   2.49195   0.33894  
 24 1468.0817  21952.584353  x:  0.05968   0.05230   0.23143   0.01439   0.00413   0.00501   0.00000   0.00079   0.00360   0.07061   0.12747   0.02700   0.01801   0.02224   0.53805   0.08470   0.02758   0.09100   0.10039   0.12593   0.23171   0.39012   0.13023   2.50162   0.31268  
 25 3705.7484  21944.316965  x:  0.07078   0.05555   0.24147   0.00892   0.00434   0.00504   0.00000   0.00078   0.00326   0.07848   0.12570   0.02416   0.02578   0.02298   0.52276   0.09170   0.02606   0.09464   0.10391   0.13028   0.23505   0.40588   0.12624   2.51319   0.29384  
 26 720.1003  21939.990830  x:  0.07618   0.05465   0.24618   0.01339   0.00361   0.00495   0.00000   0.00079   0.00345   0.08243   0.12358   0.02570   0.01852   0.02145   0.51159   0.09930   0.02440   0.09679   0.10753   0.13106   0.23517   0.41672   0.12696   2.52274   0.28510  
 27 803.6919  21935.421823  x:  0.06955   0.04455   0.24803   0.01205   0.00410   0.00486   0.00000   0.00079   0.00350   0.07771   0.12059   0.02722   0.02084   0.02197   0.49017   0.10595   0.02632   0.09639   0.11186   0.12767   0.22997   0.43596   0.13422   2.54559   0.28524  
 28 375.4234  21931.251406  x:  0.06776   0.05427   0.24610   0.01310   0.00388   0.00504   0.00000   0.00081   0.00364   0.07455   0.11956   0.02259   0.02034   0.02401   0.46686   0.10420   0.02557   0.09471   0.11199   0.12320   0.22254   0.45532   0.14014   2.57701   0.29441  
 29 532.0913  21929.551398  x:  0.06905   0.05712   0.24395   0.01151   0.00407   0.00489   0.00000   0.00078   0.00348   0.07579   0.11995   0.02774   0.02071   0.02103   0.45785   0.10172   0.02563   0.09439   0.11079   0.12197   0.21980   0.46218   0.14050   2.59341   0.29947  
 30 714.0194  21926.229070  x:  0.07422   0.04932   0.23638   0.01288   0.00393   0.00494   0.00000   0.00079   0.00346   0.08412   0.12293   0.02564   0.02001   0.02220   0.44556   0.09502   0.02531   0.09549   0.10550   0.12283   0.21789   0.46921   0.13408   2.63637   0.30938  
 31 450.1109  21915.575956  x:  0.07247   0.05156   0.21499   0.01400   0.00387   0.00499   0.00000   0.00079   0.00359   0.07153   0.12590   0.02602   0.01986   0.02207   0.43703   0.10788   0.02561   0.09781   0.10595   0.13271   0.22770   0.46217   0.11072   2.81507   0.31856  
 32 447.1863  21888.727705  x:  0.05989   0.05648   0.20538   0.01195   0.00386   0.00474   0.00000   0.00077   0.00335   0.09023   0.11705   0.02584   0.02049   0.02181   0.45028   0.10022   0.02521   0.09034   0.11643   0.13460   0.24887   0.42209   0.14138   3.33126   0.31793  
 33 1444.6044  21877.498215  x:  0.07871   0.05090   0.22841   0.01189   0.00406   0.00479   0.00000   0.00077   0.00355   0.07367   0.11994   0.02631   0.02043   0.02238   0.46704   0.09502   0.02586   0.09505   0.10988   0.12051   0.24384   0.40984   0.14995   3.54271   0.32334  
 34 1794.1014  21873.671769  x:  0.07080   0.05257   0.24670   0.01166   0.00408   0.00483   0.00000   0.00077   0.00346   0.08049   0.12209   0.02623   0.02043   0.02220   0.48154   0.10126   0.02587   0.09691   0.10618   0.11296   0.23296   0.41266   0.14118   3.61451   0.33025  
 35 650.5460  21872.902500  x:  0.07202   0.05199   0.24834   0.01173   0.00397   0.00483   0.00000   0.00077   0.00349   0.08023   0.11936   0.02610   0.02028   0.02210   0.49114   0.09936   0.02567   0.09337   0.11174   0.11795   0.22787   0.42024   0.13910   3.62929   0.33253  
 36 144.3974  21872.589965  x:  0.07183   0.05227   0.24509   0.01170   0.00394   0.00484   0.00000   0.00077   0.00349   0.07995   0.12011   0.02613   0.02033   0.02208   0.49854   0.09979   0.02564   0.09615   0.10910   0.12034   0.22585   0.42738   0.14130   3.63547   0.33128  
 37 80.9007  21872.543659  x:  0.07205   0.05226   0.24375   0.01177   0.00398   0.00484   0.00000   0.00077   0.00348   0.07997   0.12069   0.02617   0.02035   0.02214   0.50012   0.09987   0.02576   0.09476   0.10881   0.11848   0.22622   0.42912   0.14106   3.63641   0.33032  
 38 31.7162  21872.537031  x:  0.07198   0.05227   0.24358   0.01177   0.00398   0.00484   0.00000   0.00077   0.00348   0.07996   0.12045   0.02617   0.02034   0.02213   0.50044   0.09959   0.02571   0.09526   0.10921   0.11783   0.22676   0.42955   0.14087   3.63655   0.33038  
 39 11.4098  21872.534040  x:  0.07203   0.05226   0.24379   0.01177   0.00399   0.00484   0.00000   0.00077   0.00349   0.07999   0.12035   0.02618   0.02035   0.02214   0.50060   0.09973   0.02574   0.09515   0.10908   0.11783   0.22755   0.42987   0.14096   3.63662   0.33079  
 40  4.1598  21872.516622  x:  0.07202   0.05228   0.24397   0.01176   0.00398   0.00483   0.00000   0.00077   0.00348   0.08005   0.12181   0.02618   0.02035   0.02216   0.50057   0.09978   0.02573   0.09528   0.10980   0.11798   0.22790   0.43008   0.14119   3.63735   0.33105  
 41  0.8679  21867.551596  x:  0.06840   0.05203   0.24952   0.01189   0.00174   0.00417   0.00000   0.00083   0.00407   0.07676   0.12325   0.02747   0.02014   0.02390   0.47773   0.09566   0.02071   0.09431   0.10634   0.12269   0.23295   0.45170   0.13324   3.84476   0.32700  
 42  8.5659  21866.187548  x:  0.07094   0.05249   0.24272   0.01274   0.00215   0.00354   0.00000   0.00093   0.00486   0.07788   0.12156   0.02901   0.02066   0.02624   0.47439   0.09958   0.02373   0.09553   0.10836   0.12277   0.23188   0.45126   0.13215   3.95575   0.33225  
 43  0.1326  21865.624385  x:  0.07048   0.05194   0.24042   0.01068   0.00197   0.00344   0.00000   0.00093   0.00524   0.07770   0.12198   0.02792   0.01910   0.02490   0.47872   0.09923   0.02365   0.09502   0.10806   0.12292   0.23385   0.44848   0.13296   4.04126   0.33392  
 44  0.0492  21865.167788  x:  0.06952   0.05314   0.24354   0.01019   0.00204   0.00383   0.00000   0.00105   0.00686   0.07766   0.12127   0.02725   0.02062   0.02463   0.47792   0.09805   0.02353   0.09487   0.10831   0.12197   0.23297   0.44518   0.13437   4.02965   0.33331  
 45  0.0037  21864.967346  x:  0.07032   0.05217   0.24258   0.01050   0.00207   0.00385   0.00000   0.00106   0.00760   0.07734   0.12146   0.02755   0.01916   0.02480   0.47706   0.09911   0.02356   0.09502   0.10823   0.12219   0.23282   0.44874   0.13361   3.99485   0.33265  
 46  0.0201  21864.944495  x:  0.07030   0.05225   0.24228   0.01004   0.00214   0.00378   0.00000   0.00103   0.00784   0.07731   0.12163   0.02766   0.01943   0.02489   0.47788   0.09874   0.02353   0.09501   0.10804   0.12253   0.23304   0.44869   0.13323   3.98711   0.33261  
 47  0.0055  21864.934690  x:  0.07018   0.05237   0.24265   0.01013   0.00219   0.00371   0.00000   0.00095   0.00794   0.07720   0.12152   0.02765   0.01935   0.02505   0.47746   0.09876   0.02344   0.09499   0.10814   0.12240   0.23284   0.44798   0.13356   3.98419   0.33273  
 48  0.0010  21864.929656  x:  0.07024   0.05226   0.24244   0.01011   0.00220   0.00372   0.00000   0.00088   0.00789   0.07735   0.12155   0.02762   0.01938   0.02494   0.47776   0.09879   0.02344   0.09498   0.10810   0.12238   0.23297   0.44838   0.13341   3.98945   0.33269  
 49  0.0026  21864.929097  x:  0.07026   0.05229   0.24244   0.01014   0.00217   0.00377   0.00000   0.00088   0.00789   0.07728   0.12156   0.02766   0.01940   0.02492   0.47767   0.09879   0.02347   0.09501   0.10810   0.12245   0.23296   0.44849   0.13337   3.98866   0.33267  
 50  0.0005  21864.929029  x:  0.07025   0.05229   0.24244   0.01013   0.00216   0.00377   0.00000   0.00088   0.00791   0.07730   0.12156   0.02765   0.01939   0.02493   0.47767   0.09878   0.02348   0.09500   0.10810   0.12244   0.23295   0.44841   0.13339   3.98857   0.33268  
 51  0.0001  21864.929026  x:  0.07025   0.05228   0.24244   0.01014   0.00216   0.00377   0.00000   0.00088   0.00790   0.07730   0.12155   0.02765   0.01939   0.02493   0.47768   0.09878   0.02349   0.09500   0.10810   0.12243   0.23296   0.44842   0.13339   3.98859   0.33268  
 52  0.0000  21864.929025  x:  0.07025   0.05228   0.24244   0.01014   0.00216   0.00377   0.00000   0.00088   0.00790   0.07729   0.12155   0.02765   0.01940   0.02493   0.47768   0.09878   0.02349   0.09500   0.10810   0.12243   0.23295   0.44842   0.13339   3.98852   0.33268  
 53  0.0000  21864.929025  x:  0.07025   0.05228   0.24244   0.01014   0.00216   0.00377   0.00000   0.00088   0.00790   0.07729   0.12155   0.02765   0.01940   0.02493   0.47768   0.09878   0.02349   0.09500   0.10810   0.12243   0.23295   0.44842   0.13339   3.98852   0.33268  
 54  0.0000  21864.929025  x:  0.07025   0.05228   0.24244   0.01014   0.00216   0.00377   0.00000   0.00088   0.00790   0.07729   0.12155   0.02765   0.01940   0.02493   0.47768   0.09878   0.02349   0.09500   0.10810   0.12243   0.23295   0.44842   0.13339   3.98853   0.33268  