

TREE # 1

  0  0.0000  56245.745174  x:  0.01805   0.02456   0.08762   0.02478   0.05749   0.08540   0.01648   0.04459   0.05134   0.05575   0.08522   0.05863   0.08002   0.86803   0.86754  
  1 99.0000  45658.227316  x:  0.40103   0.24712   0.16630   0.44149   0.42981   0.18880   0.95127   0.31854   0.34805   0.04225   0.06038   0.33030   0.29818   0.90668   0.82634  
  2 70420.2556  45033.625938  x:  0.35763   0.21831   0.19120   0.41130   0.48914   0.18206   0.93434   0.30923   0.38373   0.01795   0.00000   0.36989   0.36318   1.00389   0.68856  
  3 4010.5482  44403.139714  x:  0.30857   0.18581   0.21925   0.37723   0.55631   0.17438   0.91552   0.29878   0.42420   0.00137   0.00436   0.41465   0.43649   1.11392   0.53154  
  4 43376.8311  43205.036997  x:  0.20653   0.11830   0.27752   0.30641   0.69611   0.15836   0.87653   0.27711   0.50834   0.00856   0.00709   0.50770   0.58888   1.34287   0.20398  
  5 523620.6073  43133.185102  x:  0.18679   0.15999   0.28392   0.29510   0.75881   0.15065   0.83614   0.27625   0.52584   0.01117   0.00849   0.52833   0.63185   1.42415   0.26078  
  6 1232.8180  43094.015753  x:  0.22739   0.22232   0.23146   0.33066   0.81536   0.12758   0.78436   0.28564   0.50450   0.01103   0.00856   0.50745   0.61977   1.49305   0.24764  
  7 728.5786  43083.150728  x:  0.23794   0.18724   0.21648   0.34402   0.85289   0.12345   0.77565   0.31259   0.49009   0.01125   0.00868   0.49144   0.59536   1.52888   0.25847  
  8 342.4150  43078.544295  x:  0.23590   0.18881   0.24045   0.34410   0.87368   0.12298   0.77471   0.33435   0.47708   0.01113   0.00863   0.47662   0.56342   1.54799   0.25773  
  9 262.4853  43077.644446  x:  0.22710   0.19341   0.23307   0.33624   0.87881   0.12821   0.77940   0.34064   0.47849   0.01103   0.00855   0.47748   0.54886   1.55244   0.25700  
 10 90.5059  43077.440160  x:  0.23090   0.19255   0.23397   0.33534   0.87983   0.13293   0.77844   0.33457   0.48252   0.01104   0.00854   0.48202   0.54068   1.55554   0.25737  
 11 22.7870  43077.026580  x:  0.22883   0.19244   0.23373   0.33665   0.88084   0.14291   0.78349   0.32422   0.47616   0.01104   0.00856   0.47679   0.54136   1.56193   0.25782  
 12  7.3779  43071.142835  x:  0.21447   0.18898   0.23307   0.34349   0.86040   0.10864   0.80764   0.29955   0.47219   0.01122   0.00856   0.47851   0.53574   1.61446   0.26298  
 13 12.9807  43036.532048  x:  0.23027   0.18112   0.24130   0.33132   0.75965   0.14040   0.80095   0.35522   0.49059   0.01269   0.00892   0.50116   0.58896   1.84624   0.26290  
 14 113.7142  42963.235644  x:  0.19565   0.15254   0.26227   0.28258   0.99857   0.11426   0.72281   0.31701   0.55407   0.01531   0.00963   0.51945   0.68327   1.96119   0.23541  
 15 122.6132  42962.238566  x:  0.18436   0.15235   0.26322   0.29803   1.00136   0.11787   0.71702   0.31892   0.54361   0.01534   0.00965   0.53739   0.68213   1.96014   0.23434  
 16 66.7458  42962.114591  x:  0.18705   0.15229   0.26311   0.29389   1.00256   0.11691   0.71790   0.31908   0.53571   0.01534   0.00967   0.54377   0.68276   1.96001   0.23435  
 17 21.6446  42921.750270  x:  0.22470   0.17625   0.24916   0.32562   1.01482   0.11209   0.70667   0.31393   0.51308   0.02393   0.02101   0.51567   0.64185   2.01027   0.22363  
 18  0.0434  42908.626434  x:  0.19430   0.15324   0.25232   0.30886   1.00754   0.11565   0.73654   0.31849   0.51372   0.02802   0.02548   0.51903   0.63340   2.01544   0.23852  
 19  0.0397  42904.539883  x:  0.19190   0.16618   0.25725   0.30188   1.00823   0.11689   0.72870   0.31670   0.52832   0.03205   0.02965   0.53217   0.65175   1.98445   0.23106  
 20  0.0243  42903.531479  x:  0.20180   0.15921   0.25711   0.30854   1.00604   0.11540   0.72726   0.31795   0.52579   0.03402   0.03149   0.52937   0.65209   1.97429   0.23164  
 21  0.0138  42903.118829  x:  0.19636   0.16127   0.25357   0.30749   1.00601   0.11460   0.73626   0.31866   0.51974   0.03567   0.03234   0.52415   0.64792   1.97346   0.23237  
 22  0.0057  42900.884861  x:  0.19792   0.16313   0.25602   0.31054   1.02079   0.11589   0.73564   0.31494   0.52553   0.03943   0.02972   0.52822   0.64973   1.99275   0.23046  
 23  0.0033  42898.371802  x:  0.20054   0.16315   0.25787   0.31246   1.03595   0.11325   0.74589   0.31721   0.53013   0.04606   0.02149   0.53317   0.65182   2.01190   0.22928  
 24  0.0230  42897.882577  x:  0.20028   0.16112   0.25551   0.31046   1.02135   0.11230   0.75566   0.31997   0.52691   0.04669   0.02084   0.53024   0.65294   1.97753   0.22990  
 25  0.0224  42897.852522  x:  0.20002   0.16173   0.25597   0.31071   1.01970   0.11262   0.75371   0.31910   0.52722   0.04601   0.02064   0.53078   0.65335   1.97212   0.22948  
 26  0.0033  42897.762402  x:  0.19916   0.16069   0.25581   0.31058   1.01906   0.11278   0.74801   0.31918   0.52564   0.04586   0.02084   0.52878   0.65098   1.97136   0.23017  
 27  0.0009  42897.685980  x:  0.19889   0.16062   0.25547   0.30935   1.01515   0.11369   0.74080   0.31902   0.52403   0.04680   0.02024   0.52749   0.64918   1.97075   0.23084  
 28  0.0061  42897.673713  x:  0.19921   0.16114   0.25555   0.30897   1.01213   0.11404   0.74115   0.31874   0.52469   0.04707   0.02039   0.52835   0.65033   1.97026   0.23062  
 29  0.0027  42897.673356  x:  0.19922   0.16111   0.25561   0.30908   1.01201   0.11404   0.74136   0.31869   0.52481   0.04710   0.02032   0.52847   0.65041   1.97079   0.23060  
 30  0.0007  42897.673345  x:  0.19921   0.16110   0.25561   0.30910   1.01191   0.11403   0.74136   0.31869   0.52480   0.04709   0.02032   0.52846   0.65038   1.97088   0.23062  
 31  0.0001  42897.673345  x:  0.19921   0.16110   0.25561   0.30909   1.01190   0.11404   0.74136   0.31869   0.52479   0.04709   0.02032   0.52846   0.65038   1.97088   0.23061  
 32  0.0000  42897.673345  x:  0.19921   0.16110   0.25561   0.30909   1.01190   0.11404   0.74136   0.31869   0.52479   0.04709   0.02032   0.52846   0.65038   1.97088   0.23061  
 33  0.0000  42897.673345  x:  0.19921   0.16110   0.25561   0.30909   1.01190   0.11404   0.74136   0.31869   0.52479   0.04709   0.02032   0.52846   0.65038   1.97088   0.23061  