

TREE # 1

  0  0.0000   9062.114248  x:  0.10882   0.09584   0.01067   0.01062   0.08917   0.06548   0.08413   0.08997   0.09376   0.07859   0.06762   0.06371   0.03553   0.07376   0.03323   1.12234   1.12712  
  1 99.0000   8402.528507  x:  0.04536   0.22220   0.03035   0.04307   0.08859   0.12226   0.00000   0.00489   0.11330   0.07740   0.28452   0.36238   0.34355   0.18565   0.87118   1.16378   1.10081  
  2 6831.4093   8392.016963  x:  0.04465   0.22360   0.03055   0.04342   0.08858   0.12288   0.00115   0.00400   0.11351   0.07737   0.28692   0.36568   0.34696   0.18689   0.88044   1.16424   1.10052  
  3 190410.4838   8372.748785  x:  0.02384   0.22995   0.01130   0.02264   0.08635   0.12243   0.00065   0.04392   0.09922   0.06138   0.28921   0.36970   0.34263   0.18306   0.89486   1.17843   1.09065  
  4 1167.4874   8355.102213  x:  0.00583   0.23494   0.00582   0.00739   0.08478   0.12279   0.00074   0.03706   0.08435   0.04496   0.28915   0.37035   0.33395   0.17771   0.90037   1.19372   1.07987  
  5 1035.6085   8348.277358  x:  0.00000   0.23762   0.00941   0.00860   0.08418   0.12306   0.00073   0.03727   0.07652   0.03635   0.28907   0.37055   0.32891   0.17475   0.90290   1.20228   1.07380  
  6 1597.0104   8326.351923  x:  0.00600   0.24980   0.01006   0.01111   0.08296   0.12514   0.00075   0.03598   0.04352   0.00000   0.28920   0.37178   0.30662   0.16191   0.91492   1.24081   1.04642  
  7 2602.8320   8292.147728  x:  0.00336   0.27465   0.00128   0.02050   0.08269   0.13103   0.00077   0.03367   0.02166   0.02050   0.29667   0.37554   0.24294   0.13364   0.93660   1.34765   0.96841  
  8 764.0999   8268.475902  x:  0.00683   0.29853   0.00842   0.01478   0.08268   0.13655   0.00076   0.03454   0.00476   0.04034   0.30398   0.37929   0.18175   0.10727   0.95797   1.45170   0.89218  
  9 15460.7484   8242.048070  x:  0.00674   0.32335   0.00955   0.01436   0.08294   0.14126   0.00075   0.03445   0.03254   0.03352   0.30874   0.38084   0.11577   0.08660   0.97949   1.57835   0.79751  
 10 3096.3292   8154.921599  x:  0.00668   0.34836   0.01098   0.01409   0.08726   0.13080   0.00075   0.03378   0.03628   0.03815   0.30267   0.36010   0.07980   0.22630   0.97558   2.04187   0.42482  
 11 1109.5289   8129.541317  x:  0.00715   0.34113   0.01179   0.01382   0.08480   0.13445   0.00075   0.03367   0.04131   0.04048   0.30022   0.35918   0.14231   0.18875   0.95660   2.20418   0.31427  
 12 839.1073   8094.768959  x:  0.00764   0.23242   0.01301   0.01262   0.11254   0.12213   0.00075   0.03362   0.04635   0.03562   0.33293   0.40635   0.19072   0.18575   0.92510   2.66136   0.44924  
 13 234.3530   8091.132777  x:  0.00895   0.24450   0.01339   0.01275   0.08006   0.12980   0.00075   0.03337   0.04834   0.03744   0.32695   0.40432   0.19915   0.18933   0.92089   2.70877   0.47099  
 14 208.4786   8089.891275  x:  0.00848   0.27013   0.01360   0.01265   0.08815   0.13231   0.00075   0.03335   0.04963   0.03961   0.31369   0.39502   0.20733   0.19080   0.92010   2.72991   0.48508  
 15 92.9099   8089.733818  x:  0.00874   0.26957   0.01362   0.01274   0.08718   0.12539   0.00076   0.03317   0.04968   0.04057   0.30758   0.38801   0.20806   0.18959   0.92454   2.73275   0.48688  
 16 25.0925   8089.623000  x:  0.00869   0.26558   0.01362   0.01270   0.08752   0.12913   0.00075   0.03330   0.04954   0.04122   0.30199   0.37914   0.20817   0.18907   0.92942   2.73475   0.48800  
 17 22.8834   8089.442436  x:  0.00864   0.26689   0.01361   0.01269   0.08752   0.12865   0.00076   0.03316   0.04963   0.04067   0.31372   0.36648   0.20933   0.18856   0.92972   2.73743   0.48902  
 18  3.6744   8038.982916  x:  0.00580   0.26505   0.01182   0.01454   0.08631   0.12849   0.00115   0.00340   0.05498   0.01594   0.30884   0.37215   0.22563   0.15182   0.78277   3.16474   0.48432  
 19  2.4432   8000.274105  x:  0.00497   0.25576   0.01119   0.02363   0.08864   0.14102   0.00098   0.02051   0.06310   0.00251   0.28743   0.37530   0.23846   0.12157   0.52151   3.74392   0.46520  
 20  0.5324   7988.201340  x:  0.00701   0.25481   0.01240   0.02387   0.08743   0.13686   0.00104   0.01978   0.06150   0.03382   0.26210   0.34772   0.22918   0.13798   0.42548   3.88334   0.46049  
 21  0.3000   7980.227234  x:  0.00693   0.25133   0.01199   0.01545   0.08718   0.12392   0.00123   0.01271   0.05804   0.03363   0.25981   0.29215   0.18407   0.16551   0.45279   3.68451   0.45586  
 22  0.1578   7978.409786  x:  0.00674   0.25579   0.01165   0.01364   0.08678   0.12422   0.00135   0.00840   0.05808   0.02930   0.26540   0.31198   0.17058   0.16503   0.42555   3.61414   0.45990  
 23  0.0954   7977.238697  x:  0.00729   0.25762   0.01157   0.01608   0.08662   0.12911   0.00145   0.00929   0.05917   0.02851   0.26149   0.32496   0.17078   0.15196   0.43666   3.48307   0.48159  
 24  0.0894   7976.610811  x:  0.00767   0.25318   0.01170   0.01607   0.08758   0.12771   0.00163   0.00925   0.06143   0.02731   0.26359   0.30652   0.16855   0.15067   0.42092   3.39652   0.49186  
 25  0.0486   7976.056949  x:  0.00791   0.24911   0.01219   0.01457   0.08765   0.12449   0.00186   0.01064   0.06384   0.02739   0.26128   0.31240   0.16840   0.15981   0.42593   3.28060   0.48582  
 26  0.0543   7975.417175  x:  0.00740   0.25287   0.01253   0.01579   0.08628   0.12642   0.00225   0.01005   0.06712   0.02732   0.25766   0.31515   0.18153   0.15581   0.41540   3.26223   0.46693  
 27  0.0114   7974.908232  x:  0.00687   0.25328   0.01248   0.01516   0.08693   0.12736   0.00269   0.00793   0.06704   0.02791   0.26251   0.30970   0.17771   0.15285   0.42875   3.20912   0.46036  
 28  0.0259   7972.949675  x:  0.00535   0.25066   0.01218   0.01555   0.08911   0.12778   0.00470   0.01157   0.06567   0.03036   0.27055   0.30953   0.16544   0.15807   0.42757   3.39412   0.47553  
 29  0.0290   7972.130924  x:  0.00585   0.25551   0.01218   0.01537   0.08614   0.12502   0.00600   0.00918   0.06762   0.02914   0.25281   0.31495   0.17146   0.15415   0.42382   3.40533   0.48268  
 30  0.0152   7971.706651  x:  0.00668   0.25391   0.01211   0.01575   0.08703   0.12622   0.00756   0.00833   0.06775   0.02742   0.26732   0.31635   0.17468   0.15420   0.42568   3.38012   0.47722  
 31  0.0150   7971.521063  x:  0.00728   0.25133   0.01191   0.01527   0.08768   0.12684   0.00869   0.00925   0.06600   0.02788   0.26155   0.31220   0.17120   0.15570   0.42826   3.38080   0.47615  
 32  0.0054   7971.480482  x:  0.00751   0.25434   0.01179   0.01543   0.08678   0.12616   0.00922   0.00905   0.06473   0.02768   0.26153   0.31379   0.17251   0.15517   0.42581   3.38056   0.47727  
 33  0.0029   7971.467396  x:  0.00738   0.25283   0.01176   0.01548   0.08725   0.12653   0.00929   0.00906   0.06318   0.02802   0.26212   0.31358   0.17315   0.15508   0.42641   3.37306   0.47630  
 34  0.0034   7971.464733  x:  0.00727   0.25328   0.01180   0.01542   0.08706   0.12647   0.00914   0.00906   0.06287   0.02807   0.26188   0.31319   0.17311   0.15545   0.42636   3.37057   0.47713  
 35  0.0018   7971.464163  x:  0.00727   0.25325   0.01186   0.01545   0.08713   0.12638   0.00908   0.00906   0.06284   0.02797   0.26175   0.31351   0.17309   0.15524   0.42615   3.37108   0.47686  
 36  0.0003   7971.463685  x:  0.00733   0.25331   0.01196   0.01543   0.08707   0.12648   0.00910   0.00907   0.06278   0.02788   0.26191   0.31331   0.17311   0.15528   0.42639   3.37172   0.47682  
 37  0.0003   7971.463604  x:  0.00732   0.25324   0.01199   0.01543   0.08710   0.12643   0.00912   0.00905   0.06278   0.02792   0.26185   0.31335   0.17304   0.15533   0.42633   3.37153   0.47698  
 38  0.0002   7971.463587  x:  0.00731   0.25326   0.01199   0.01543   0.08709   0.12644   0.00912   0.00906   0.06279   0.02795   0.26187   0.31336   0.17307   0.15530   0.42632   3.37164   0.47695  
 39  0.0001   7971.463586  x:  0.00730   0.25327   0.01199   0.01543   0.08709   0.12645   0.00912   0.00906   0.06280   0.02795   0.26186   0.31335   0.17306   0.15530   0.42632   3.37157   0.47693  
 40  0.0000   7971.463585  x:  0.00730   0.25327   0.01199   0.01543   0.08709   0.12645   0.00912   0.00906   0.06280   0.02794   0.26186   0.31335   0.17306   0.15530   0.42632   3.37157   0.47694  
 41  0.0000   7971.463585  x:  0.00730   0.25327   0.01199   0.01543   0.08709   0.12645   0.00912   0.00906   0.06280   0.02794   0.26186   0.31335   0.17306   0.15530   0.42632   3.37158   0.47694  
 42  0.0000   7971.463585  x:  0.00730   0.25327   0.01199   0.01543   0.08709   0.12645   0.00912   0.00906   0.06280   0.02794   0.26186   0.31335   0.17306   0.15530   0.42632   3.37158   0.47694  
 43  0.0000   7971.463585  x:  0.00730   0.25327   0.01199   0.01543   0.08709   0.12645   0.00912   0.00906   0.06280   0.02794   0.26186   0.31335   0.17306   0.15530   0.42632   3.37158   0.47694  