

TREE # 1

  0  0.0000  29466.286139  x:  0.02019   0.05527   0.10084   0.06864   0.04847   0.04403   0.04869   0.01481   0.09848   0.86665   0.90990  
  1 99.0000  25457.380280  x:  0.20024   0.12063   0.07227   0.03893   0.09417   0.11275   0.32312   0.73810   0.16364   0.88515   0.89803  
  2 53751.5839  25239.570612  x:  0.19374   0.13100   0.03523   0.00000   0.10450   0.11238   0.33962   0.73057   0.19552   0.90773   0.88130  
  3 3639.0285  25143.456343  x:  0.18842   0.13944   0.00557   0.00275   0.11248   0.11195   0.35334   0.72442   0.22106   0.92669   0.86715  
  4 8703.1893  24839.291358  x:  0.12585   0.22286   0.07711   0.01397   0.17574   0.09760   0.52565   0.65457   0.48441   1.17673   0.67282  
  5 3986.7442  24258.786953  x:  0.16813   0.17221   0.07420   0.01340   0.03401   0.01533   0.68392   0.60410   0.51130   1.54303   0.26326  
  6 2612.9398  24171.177297  x:  0.18234   0.15941   0.07385   0.01333   0.05211   0.04150   0.70814   0.59043   0.49109   1.61935   0.17061  
  7 4223.1572  24050.876999  x:  0.25025   0.17112   0.06496   0.01134   0.05224   0.11597   0.82495   0.52909   0.37320   1.95576   0.23056  
  8 961.8833  24013.331968  x:  0.19901   0.16729   0.06017   0.01047   0.10352   0.06736   0.82242   0.54852   0.30937   2.08974   0.25108  
  9 748.2883  23996.847402  x:  0.15314   0.17287   0.05836   0.01013   0.08987   0.09165   0.76394   0.57928   0.30376   2.17233   0.25943  
 10 426.6355  23976.912757  x:  0.17423   0.18591   0.06028   0.01039   0.09911   0.08870   0.63790   0.61661   0.32344   2.29258   0.27227  
 11 594.6850  23976.246337  x:  0.17478   0.17405   0.06040   0.01047   0.10057   0.08965   0.63442   0.61822   0.32808   2.29766   0.27500  
 12 106.7041  23878.690080  x:  0.18269   0.17679   0.02267   0.00000   0.09884   0.09929   0.69882   0.58219   0.35843   2.61172   0.25039  
 13  0.3717  23858.327556  x:  0.20124   0.16693   0.02561   0.00712   0.09521   0.10973   0.71288   0.56262   0.36630   2.79853   0.22450  
 14  0.2015  23837.670944  x:  0.19649   0.16944   0.00941   0.00713   0.10153   0.11380   0.71931   0.54735   0.38447   3.02184   0.21404  
 15  0.2518  23830.022000  x:  0.17521   0.18176   0.01262   0.00712   0.11630   0.11485   0.70197   0.53809   0.40906   3.16255   0.22958  
 16  0.0762  23821.557030  x:  0.18099   0.17935   0.00893   0.00675   0.11845   0.13133   0.72711   0.48544   0.40939   3.47834   0.22109  
 17  0.1221  23816.957647  x:  0.18594   0.17479   0.01540   0.00622   0.11229   0.13752   0.72144   0.46210   0.39456   3.54210   0.21715  
 18  0.0510  23808.836348  x:  0.16622   0.17135   0.01455   0.00438   0.10585   0.13154   0.64223   0.45639   0.37649   3.44230   0.23701  
 19  0.0392  23803.578393  x:  0.17417   0.17666   0.01245   0.00302   0.10248   0.12559   0.65303   0.41970   0.38688   3.24380   0.23220  
 20  0.1112  23802.649948  x:  0.17863   0.17286   0.01272   0.00349   0.10631   0.13193   0.65160   0.42281   0.39440   3.14887   0.22788  
 21  0.0503  23802.311397  x:  0.17516   0.17305   0.01279   0.00360   0.10934   0.13717   0.64612   0.41350   0.39043   3.15090   0.22647  
 22  0.0084  23802.240107  x:  0.17440   0.17406   0.01254   0.00387   0.11022   0.13629   0.64727   0.41505   0.38615   3.13491   0.22659  
 23  0.0099  23802.205858  x:  0.17555   0.17351   0.01244   0.00415   0.10998   0.13603   0.64716   0.41354   0.38678   3.14317   0.22745  
 24  0.0030  23802.198048  x:  0.17498   0.17373   0.01245   0.00422   0.10935   0.13572   0.64564   0.41371   0.38744   3.13751   0.22737  
 25  0.0045  23802.197778  x:  0.17491   0.17370   0.01245   0.00423   0.10928   0.13576   0.64599   0.41370   0.38746   3.13856   0.22727  
 26  0.0012  23802.197774  x:  0.17492   0.17369   0.01245   0.00423   0.10926   0.13578   0.64599   0.41370   0.38745   3.13851   0.22727  
 27  0.0001  23802.197774  x:  0.17492   0.17369   0.01245   0.00423   0.10926   0.13578   0.64599   0.41370   0.38745   3.13851   0.22727  
 28  0.0000  23802.197774  x:  0.17492   0.17369   0.01245   0.00423   0.10926   0.13578   0.64599   0.41370   0.38745   3.13851   0.22727  
 29  0.0000  23802.197774  x:  0.17492   0.17369   0.01245   0.00423   0.10926   0.13578   0.64599   0.41370   0.38745   3.13851   0.22727  