

TREE # 1

  0  0.0000  26320.021091  x:  0.09182   0.08908   0.02874   0.04498   0.07774   0.05924   0.10535   0.08130   0.04364   0.10062   0.04320   0.05986   0.08390   0.03224   0.02481   0.05584   0.07148   0.05271   0.04039   0.01532   0.02640   0.06364   0.09846   0.05458   0.07901   0.10695   0.07429   0.08199   0.03284   0.07715   0.08821   0.04083   0.10658   0.04443   0.08123   0.04665   0.10998   0.09950   0.02995   0.06739   0.08336   0.10622   0.01798   0.06988   0.10528   0.02276   0.05614   0.03105   0.04827   0.87004   0.83421  
  1 99.0000  24829.561057  x:  0.16810   0.12465   0.05648   0.08954   0.15315   0.10667   0.14654   0.08580   0.08268   0.09174   0.02577   0.03593   0.08396   0.02228   0.03752   0.02390   0.05128   0.03407   0.02149   0.00734   0.02182   0.04397   0.06733   0.03372   0.05280   0.07582   0.04530   0.06347   0.03331   0.05315   0.05676   0.01742   0.07488   0.02376   0.05323   0.02001   0.07730   0.06907   0.00000   0.03488   0.05181   0.07383   0.00243   0.04354   0.08444   0.00503   0.02587   0.00585   0.04074   0.89917   0.81086  
  2 9383.1208  24272.035802  x:  0.20555   0.14260   0.06469   0.10640   0.18732   0.12741   0.16906   0.08799   0.09903   0.08484   0.01718   0.02041   0.08317   0.01830   0.04176   0.00000   0.03812   0.02331   0.01191   0.00984   0.02135   0.03151   0.04379   0.02109   0.03431   0.05231   0.02427   0.05117   0.03444   0.03691   0.03313   0.00547   0.05085   0.01290   0.03302   0.00350   0.05281   0.04684   0.04132   0.01068   0.02834   0.04922   0.02836   0.02535   0.07000   0.01447   0.00471   0.00083   0.03742   0.92087   0.79339  
  3 23239.3392  24272.035802  x:  0.20555   0.14260   0.06469   0.10640   0.18732   0.12741   0.16906   0.08799   0.09903   0.08484   0.01718   0.02041   0.08317   0.01830   0.04176   0.00000   0.03812   0.02331   0.01191   0.00984   0.02135   0.03151   0.04379   0.02109   0.03431   0.05231   0.02427   0.05117   0.03444   0.03691   0.03313   0.00547   0.05085   0.01290   0.03302   0.00350   0.05281   0.04684   0.04132   0.01068   0.02834   0.04922   0.02836   0.02535   0.07000   0.01447   0.00471   0.00083   0.03742   0.92087   0.79339  
  4 34355.1796  24160.587209  x:  0.21232   0.14572   0.06260   0.10627   0.19195   0.12941   0.17423   0.08816   0.09999   0.08199   0.01980   0.01820   0.08233   0.01933   0.04086   0.02261   0.03509   0.02350   0.01734   0.01053   0.02259   0.02924   0.03326   0.02055   0.02824   0.04179   0.01693   0.04759   0.03522   0.03159   0.02306   0.02064   0.03992   0.01685   0.02571   0.02045   0.04130   0.03697   0.03021   0.00076   0.01821   0.03804   0.02093   0.01953   0.06478   0.01187   0.00850   0.08491   0.03746   0.93052   0.78549  
  5 12197.4595  23932.514752  x:  0.22229   0.15026   0.05951   0.10607   0.19880   0.13236   0.18182   0.08847   0.10146   0.07775   0.02179   0.01586   0.08119   0.02011   0.03960   0.01433   0.03113   0.02335   0.01761   0.01069   0.02413   0.02641   0.01724   0.02028   0.02024   0.02566   0.00802   0.04265   0.03577   0.02420   0.00753   0.01880   0.02292   0.01838   0.01579   0.01684   0.02302   0.02205   0.01334   0.01972   0.00385   0.02031   0.01122   0.01349   0.05689   0.01008   0.00000   0.09358   0.03781   0.94551   0.77301  
  6 6068.1890  23893.105036  x:  0.22472   0.15137   0.05875   0.10602   0.20047   0.13307   0.18368   0.08855   0.10182   0.07672   0.02226   0.01531   0.08091   0.02029   0.03930   0.01217   0.03018   0.02332   0.01765   0.01073   0.02449   0.02574   0.01334   0.02022   0.01832   0.02173   0.00596   0.04146   0.03590   0.02243   0.00378   0.01828   0.01877   0.01874   0.01342   0.01588   0.01854   0.01843   0.00924   0.02407   0.00051   0.01598   0.00891   0.01208   0.05497   0.00972   0.00122   0.09533   0.03789   0.94918   0.76996  
  7 110892.6613  23854.520114  x:  0.22721   0.15250   0.05798   0.10596   0.20218   0.13381   0.18557   0.08863   0.10218   0.07567   0.02268   0.01482   0.08062   0.02045   0.03900   0.00989   0.02927   0.02329   0.01768   0.01076   0.02483   0.02511   0.00940   0.02019   0.01651   0.01771   0.00450   0.04028   0.03603   0.02075   0.00038   0.01778   0.01450   0.01904   0.01122   0.01493   0.01388   0.01479   0.00515   0.02726   0.00291   0.01152   0.00692   0.01089   0.05303   0.00950   0.00196   0.09696   0.03799   0.95301   0.76677  
  8 31315.9560  23817.558897  x:  0.23017   0.15383   0.05707   0.10590   0.20422   0.13469   0.18782   0.08873   0.10262   0.07443   0.02312   0.01434   0.08028   0.02061   0.03866   0.00709   0.02827   0.02326   0.01769   0.01079   0.02518   0.02445   0.00490   0.02019   0.01460   0.01298   0.00391   0.03894   0.03618   0.01900   0.00311   0.01724   0.00946   0.01933   0.00901   0.01383   0.00827   0.01063   0.00065   0.02975   0.00457   0.00626   0.00518   0.00984   0.05077   0.00943   0.00254   0.09866   0.03812   0.95763   0.76292  
  9 25811.6736  23787.034164  x:  0.23319   0.15518   0.05614   0.10583   0.20631   0.13559   0.19011   0.08883   0.10306   0.07319   0.02346   0.01404   0.07993   0.02073   0.03835   0.00415   0.02741   0.02326   0.01768   0.01082   0.02547   0.02394   0.00110   0.02027   0.01313   0.00837   0.00537   0.03768   0.03634   0.01763   0.00407   0.01677   0.00447   0.01952   0.00768   0.01278   0.00251   0.00693   0.00345   0.03050   0.00521   0.00121   0.00490   0.00944   0.04853   0.00962   0.00277   0.10008   0.03825   0.96249   0.75885  
 10 14573.2228  23776.384143  x:  0.23456   0.15579   0.05573   0.10579   0.20726   0.13599   0.19115   0.08888   0.10326   0.07265   0.02355   0.01401   0.07977   0.02076   0.03824   0.00281   0.02712   0.02327   0.01769   0.01085   0.02558   0.02385   0.00232   0.02036   0.01282   0.00662   0.00629   0.03718   0.03641   0.01730   0.00390   0.01662   0.00272   0.01954   0.00778   0.01240   0.00038   0.00590   0.00320   0.02993   0.00508   0.00086   0.00559   0.00965   0.04758   0.00982   0.00272   0.10051   0.03832   0.96479   0.75692  
 11 7260.5206  23766.016699  x:  0.23657   0.15667   0.05512   0.10575   0.20865   0.13659   0.19266   0.08895   0.10355   0.07185   0.02367   0.01397   0.07953   0.02080   0.03807   0.00097   0.02672   0.02329   0.01770   0.01088   0.02571   0.02371   0.00239   0.02049   0.01241   0.00430   0.00734   0.03647   0.03653   0.01687   0.00370   0.01640   0.00074   0.01957   0.00792   0.01185   0.00096   0.00465   0.00292   0.02908   0.00491   0.00163   0.00638   0.00993   0.04620   0.01009   0.00264   0.10108   0.03841   0.96816   0.75408  
 12 8924.5185  23759.113151  x:  0.23782   0.15722   0.05475   0.10571   0.20952   0.13696   0.19361   0.08899   0.10373   0.07136   0.02373   0.01395   0.07938   0.02082   0.03797   0.00000   0.02649   0.02330   0.01772   0.01089   0.02579   0.02363   0.00222   0.02057   0.01220   0.00316   0.00783   0.03604   0.03660   0.01665   0.00356   0.01627   0.00127   0.01958   0.00805   0.01151   0.00100   0.00415   0.00272   0.02850   0.00480   0.00177   0.00677   0.01011   0.04535   0.01025   0.00259   0.10135   0.03847   0.97028   0.75229  
 13 11973.9963  23727.343371  x:  0.24650   0.16103   0.05215   0.10550   0.21555   0.13954   0.20015   0.08929   0.10497   0.06801   0.02408   0.01397   0.07833   0.02095   0.03735   0.00251   0.02512   0.02344   0.01792   0.01098   0.02619   0.02332   0.00066   0.02114   0.01135   0.00067   0.00987   0.03327   0.03716   0.01553   0.00262   0.01491   0.00172   0.01948   0.00920   0.00877   0.00092   0.00402   0.00122   0.02457   0.00400   0.00143   0.00876   0.01140   0.03966   0.01127   0.00221   0.10023   0.03886   0.98521   0.73964  
 14 10554.6697  23701.603543  x:  0.25419   0.16441   0.04984   0.10530   0.22089   0.14183   0.20596   0.08955   0.10608   0.06503   0.02443   0.01391   0.07741   0.02108   0.03679   0.00294   0.02384   0.02355   0.01807   0.01106   0.02660   0.02297   0.00000   0.02160   0.01040   0.00193   0.01122   0.03079   0.03764   0.01436   0.00206   0.01382   0.00187   0.01946   0.00973   0.00655   0.00108   0.00336   0.00036   0.02164   0.00350   0.00098   0.00992   0.01222   0.03461   0.01204   0.00196   0.09991   0.03920   0.99842   0.72846  
 15 56463.8650  23682.937132  x:  0.26052   0.16719   0.04795   0.10515   0.22528   0.14371   0.21074   0.08976   0.10698   0.06259   0.02475   0.01381   0.07665   0.02120   0.03632   0.00357   0.02276   0.02363   0.01820   0.01111   0.02695   0.02263   0.00041   0.02196   0.00951   0.00247   0.01189   0.02873   0.03803   0.01331   0.00186   0.01289   0.00217   0.01947   0.00985   0.00471   0.00168   0.00279   0.00010   0.01971   0.00328   0.00026   0.01037   0.01269   0.03045   0.01259   0.00184   0.09966   0.03947   1.00924   0.71930  
 16 242778.6335  23645.013320  x:  0.27347   0.17288   0.04408   0.10483   0.23427   0.14756   0.22051   0.09020   0.10884   0.05758   0.02543   0.01355   0.07509   0.02146   0.03535   0.00500   0.02052   0.02380   0.01849   0.01125   0.02769   0.02193   0.00079   0.02267   0.00763   0.00336   0.01188   0.02451   0.03884   0.01107   0.00189   0.01100   0.00284   0.01952   0.00993   0.00116   0.00161   0.00189   0.00034   0.01654   0.00316   0.00143   0.01082   0.01341   0.02198   0.01358   0.00170   0.09921   0.04002   1.03137   0.70055  
 17 213310.6636  23585.787219  x:  0.29555   0.18255   0.03754   0.10428   0.24958   0.15412   0.23716   0.09096   0.11199   0.04920   0.02650   0.01318   0.07245   0.02187   0.03378   0.00542   0.01710   0.02407   0.01878   0.01147   0.02892   0.02089   0.00108   0.02382   0.00552   0.00409   0.01122   0.01783   0.04014   0.00810   0.00183   0.00802   0.00312   0.01954   0.00999   0.00501   0.00164   0.00444   0.00056   0.01149   0.00289   0.00194   0.01121   0.01440   0.00859   0.01502   0.00146   0.09680   0.04092   1.06940   0.66826  
 18 60188.9688  23436.512212  x:  0.34215   0.20266   0.02482   0.10319   0.28193   0.16793   0.27220   0.09268   0.11859   0.03373   0.02799   0.01311   0.06709   0.02260   0.03154   0.00358   0.01513   0.02462   0.01907   0.01189   0.03108   0.02044   0.00105   0.02550   0.01616   0.00403   0.00394   0.01200   0.04228   0.01325   0.00152   0.01061   0.00217   0.01954   0.00997   0.00477   0.00161   0.00696   0.00100   0.00000   0.00195   0.00060   0.00899   0.01420   0.01454   0.01588   0.00075   0.09289   0.04239   1.15273   0.59648  
 19 17602.9651  23378.654002  x:  0.37169   0.21539   0.01677   0.10249   0.30244   0.17668   0.29441   0.09378   0.12276   0.02398   0.02876   0.01341   0.06369   0.02299   0.03018   0.00326   0.01417   0.02502   0.01939   0.01217   0.03230   0.02047   0.00112   0.02670   0.02378   0.00439   0.00279   0.00853   0.04366   0.01732   0.00180   0.01291   0.00205   0.01941   0.01183   0.00477   0.00187   0.00920   0.00126   0.00013   0.00225   0.00004   0.01043   0.01540   0.01854   0.01698   0.00086   0.09218   0.04334   1.20579   0.55076  
 20 145307.4016  23319.991457  x:  0.41309   0.23319   0.00590   0.10155   0.33118   0.18895   0.32554   0.09537   0.12863   0.01119   0.02987   0.01355   0.05902   0.02355   0.02843   0.00489   0.01331   0.02555   0.01956   0.01231   0.03397   0.02011   0.00143   0.02797   0.03301   0.00529   0.00800   0.00594   0.04541   0.02220   0.00178   0.01590   0.00290   0.01934   0.01051   0.00683   0.00173   0.00930   0.00112   0.00024   0.00247   0.00170   0.00852   0.01538   0.02564   0.01804   0.00100   0.08995   0.04460   1.28041   0.48630  
 21 210856.9288  23183.078568  x:  0.46032   0.25327   0.00000   0.10099   0.36402   0.20306   0.36099   0.09789   0.13556   0.01321   0.03024   0.01441   0.05479   0.02379   0.02808   0.00565   0.01712   0.02605   0.01975   0.01280   0.03541   0.02118   0.00164   0.02847   0.03765   0.00605   0.00865   0.02643   0.04674   0.02489   0.00202   0.01789   0.00334   0.01918   0.01278   0.00814   0.00193   0.00950   0.00129   0.00028   0.00280   0.00196   0.01021   0.01594   0.02790   0.01789   0.00115   0.08843   0.04558   1.36901   0.40845  
 22 31454.9822  22987.992286  x:  0.54923   0.29030   0.03820   0.10327   0.42640   0.23045   0.42804   0.10544   0.14814   0.05755   0.02665   0.01768   0.05159   0.02248   0.03435   0.00779   0.03165   0.02611   0.01914   0.01178   0.03238   0.02726   0.00213   0.02507   0.03813   0.00763   0.01177   0.01755   0.04609   0.02836   0.00248   0.02147   0.00451   0.01869   0.01799   0.01137   0.00242   0.01005   0.00156   0.00036   0.00350   0.00285   0.01416   0.01597   0.04089   0.01245   0.00154   0.08517   0.04523   1.55378   0.24048  
 23 19118.7606  22954.436146  x:  0.53906   0.28288   0.04135   0.10466   0.42199   0.22290   0.42563   0.11024   0.13872   0.04834   0.01963   0.01536   0.06193   0.01939   0.04492   0.00606   0.02215   0.02436   0.01877   0.01286   0.02366   0.02894   0.00213   0.02000   0.02104   0.00748   0.01207   0.02034   0.03934   0.02597   0.00249   0.01901   0.00395   0.02045   0.01605   0.00893   0.00235   0.01878   0.00146   0.00034   0.00349   0.00268   0.01559   0.01979   0.05032   0.01810   0.00145   0.08707   0.04074   1.59863   0.20845  
 24 1444.3739  22923.334152  x:  0.51421   0.26866   0.04059   0.10692   0.41053   0.20901   0.41734   0.11557   0.12544   0.03887   0.02730   0.02203   0.07359   0.02200   0.04747   0.00849   0.02976   0.02675   0.01924   0.00961   0.02647   0.02943   0.00229   0.02769   0.01366   0.00797   0.00904   0.01957   0.03627   0.02615   0.00265   0.01863   0.00481   0.01840   0.02180   0.01290   0.00276   0.00928   0.00179   0.00031   0.00357   0.00247   0.01894   0.01855   0.05130   0.01035   0.00156   0.08529   0.03943   1.66260   0.18675  
 25 1769.1770  22861.037275  x:  0.44746   0.23443   0.03993   0.11355   0.38240   0.17601   0.39788   0.12502   0.10116   0.04186   0.03191   0.01592   0.09309   0.02745   0.04118   0.00619   0.03489   0.02798   0.01902   0.02085   0.03681   0.02708   0.00183   0.03312   0.03901   0.00682   0.01187   0.01893   0.03908   0.02392   0.00220   0.02110   0.00380   0.02041   0.01801   0.00906   0.00212   0.01217   0.00136   0.00033   0.00315   0.00254   0.00982   0.01112   0.03554   0.02137   0.00124   0.08684   0.04333   1.84044   0.17144  
 26 3024.0186  22779.395716  x:  0.37634   0.20392   0.03690   0.12038   0.35668   0.14817   0.38265   0.12830   0.09239   0.04857   0.02559   0.01197   0.10018   0.02339   0.03019   0.00793   0.02366   0.02476   0.01902   0.00828   0.03658   0.02507   0.00192   0.02273   0.04509   0.00698   0.00824   0.01824   0.04405   0.02675   0.00207   0.02003   0.00440   0.01987   0.00608   0.01160   0.00218   0.00487   0.00145   0.00035   0.00292   0.00274   0.01340   0.02845   0.03262   0.01133   0.00120   0.08633   0.04791   2.06586   0.19643  
 27 5026.0575  22731.515205  x:  0.33115   0.18755   0.03537   0.12402   0.34090   0.13504   0.37366   0.12717   0.09354   0.04985   0.02461   0.01699   0.09923   0.02032   0.02830   0.00591   0.02041   0.02414   0.01911   0.00778   0.03459   0.02358   0.00183   0.01790   0.03748   0.00652   0.01129   0.01735   0.04635   0.02451   0.00197   0.01821   0.00350   0.01967   0.01931   0.00975   0.00176   0.00937   0.00132   0.00033   0.00288   0.00259   0.00368   0.02536   0.03607   0.00539   0.00126   0.08785   0.04890   2.21812   0.22272  
 28 10237.4129  22685.115445  x:  0.28239   0.17267   0.03601   0.12709   0.32343   0.12555   0.36324   0.12323   0.09939   0.04875   0.02630   0.02192   0.09400   0.01838   0.03176   0.00699   0.02438   0.02515   0.01916   0.01425   0.03165   0.02312   0.00200   0.01895   0.02255   0.00695   0.00917   0.01572   0.04783   0.02206   0.00208   0.01674   0.00403   0.01914   0.02175   0.01155   0.00212   0.00781   0.00150   0.00031   0.00289   0.00252   0.01018   0.01155   0.04403   0.01973   0.00105   0.08732   0.04818   2.38671   0.25656  
 29 13271.2525  22669.089182  x:  0.26628   0.17214   0.04189   0.12598   0.31412   0.13035   0.35495   0.11847   0.10394   0.04290   0.02758   0.01645   0.08852   0.02150   0.03932   0.00503   0.03054   0.02677   0.01872   0.01487   0.03049   0.02711   0.00179   0.02970   0.01901   0.00641   0.01067   0.01707   0.04435   0.02329   0.00201   0.01982   0.00337   0.01931   0.01504   0.00818   0.00193   0.01494   0.00126   0.00031   0.00288   0.00242   0.01120   0.01114   0.04252   0.01465   0.00111   0.08814   0.04409   2.44147   0.26732  
 30 2706.5466  22661.090373  x:  0.25812   0.17645   0.04756   0.12247   0.30411   0.13989   0.34361   0.11301   0.10755   0.03831   0.02710   0.01409   0.08344   0.02321   0.04414   0.00594   0.02968   0.02624   0.01842   0.01606   0.02916   0.02775   0.00184   0.03039   0.02295   0.00653   0.00947   0.01864   0.03849   0.02321   0.00194   0.01936   0.00360   0.02002   0.01834   0.01001   0.00191   0.00973   0.00137   0.00031   0.00276   0.00241   0.00808   0.01485   0.04022   0.01685   0.00103   0.08765   0.03960   2.46767   0.26946  
 31 1191.6816  22655.376968  x:  0.25285   0.18252   0.04872   0.11770   0.29296   0.14971   0.32989   0.10801   0.11008   0.03704   0.02721   0.01743   0.07972   0.02397   0.04384   0.00594   0.02688   0.02541   0.01828   0.01407   0.02960   0.02586   0.00181   0.02662   0.02577   0.00644   0.00966   0.01925   0.03464   0.02318   0.00197   0.01865   0.00361   0.01981   0.01719   0.00954   0.00194   0.01013   0.00132   0.00031   0.00281   0.00241   0.01034   0.00972   0.03854   0.01491   0.00107   0.08788   0.03823   2.48606   0.26825  
 32 1146.0918  22650.657792  x:  0.24999   0.19069   0.04459   0.11193   0.28016   0.15964   0.31279   0.10368   0.11225   0.03937   0.02906   0.01925   0.07741   0.02441   0.04025   0.00536   0.02924   0.02638   0.01862   0.01499   0.03180   0.02426   0.00178   0.02445   0.02288   0.00632   0.00976   0.01791   0.03599   0.02219   0.00191   0.01884   0.00340   0.01894   0.01563   0.00884   0.00185   0.01209   0.00127   0.00031   0.00274   0.00239   0.00933   0.01343   0.03988   0.01636   0.00102   0.08830   0.04093   2.50250   0.26607  
 33 1006.3273  22648.658612  x:  0.25072   0.19523   0.04173   0.10994   0.27436   0.16319   0.30363   0.10299   0.11248   0.04103   0.02763   0.01502   0.07803   0.02349   0.03868   0.00561   0.02872   0.02633   0.01869   0.01521   0.03143   0.02608   0.00180   0.02566   0.02127   0.00638   0.00975   0.01705   0.03881   0.02276   0.00195   0.01891   0.00350   0.01974   0.01719   0.00927   0.00192   0.01122   0.00131   0.00030   0.00277   0.00238   0.00973   0.01174   0.04047   0.01569   0.00104   0.08801   0.04246   2.50947   0.26557  
 34 696.2620  22647.604750  x:  0.25511   0.19943   0.04143   0.11077   0.27145   0.16355   0.29557   0.10473   0.11146   0.04136   0.02681   0.01773   0.08102   0.02180   0.03989   0.00557   0.02766   0.02585   0.01861   0.01530   0.02956   0.02711   0.00179   0.02844   0.02192   0.00635   0.00969   0.01712   0.04142   0.02296   0.00191   0.01890   0.00348   0.01970   0.01673   0.00933   0.00188   0.01091   0.00130   0.00030   0.00273   0.00239   0.00910   0.01180   0.04009   0.01607   0.00101   0.08808   0.04221   2.51412   0.26733  
 35 281.9577  22646.661373  x:  0.26211   0.20371   0.04257   0.11324   0.26976   0.16193   0.28627   0.10723   0.10992   0.04004   0.02777   0.01631   0.08466   0.02183   0.04098   0.00556   0.02908   0.02629   0.01868   0.01509   0.02997   0.02488   0.00180   0.02680   0.02216   0.00637   0.00971   0.01739   0.04136   0.02223   0.00193   0.01862   0.00348   0.01919   0.01692   0.00926   0.00190   0.01118   0.00131   0.00030   0.00275   0.00238   0.00952   0.01169   0.04027   0.01588   0.00103   0.08812   0.04122   2.51880   0.27037  
 36 293.7359  22646.404587  x:  0.26479   0.20430   0.04270   0.11416   0.26977   0.16043   0.28277   0.10739   0.10985   0.03995   0.02803   0.01657   0.08500   0.02284   0.04045   0.00557   0.02885   0.02618   0.01849   0.01528   0.03098   0.02650   0.00179   0.02627   0.02167   0.00636   0.00973   0.01738   0.03950   0.02286   0.00193   0.01902   0.00347   0.01993   0.01689   0.00923   0.00190   0.01121   0.00130   0.00030   0.00275   0.00238   0.00939   0.01172   0.04015   0.01612   0.00102   0.08803   0.04137   2.52018   0.27122  
 37 167.1817  22646.284627  x:  0.26638   0.20362   0.04249   0.11447   0.27023   0.15893   0.28031   0.10666   0.11036   0.04023   0.02760   0.01648   0.08418   0.02318   0.04003   0.00558   0.02856   0.02613   0.01869   0.01554   0.03070   0.02610   0.00179   0.02711   0.02168   0.00637   0.00972   0.01732   0.03823   0.02261   0.00193   0.01885   0.00348   0.01912   0.01691   0.00925   0.00190   0.01120   0.00131   0.00030   0.00275   0.00238   0.00940   0.01173   0.04032   0.01607   0.00102   0.08808   0.04164   2.52081   0.27123  
 38 92.2289  22646.213214  x:  0.26746   0.20246   0.04252   0.11445   0.27082   0.15782   0.27834   0.10577   0.11093   0.04016   0.02759   0.01654   0.08316   0.02307   0.04015   0.00557   0.02882   0.02623   0.01849   0.01530   0.03030   0.02576   0.00179   0.02714   0.02176   0.00636   0.00970   0.01731   0.03859   0.02253   0.00193   0.01881   0.00348   0.02001   0.01690   0.00924   0.00190   0.01119   0.00130   0.00030   0.00275   0.00238   0.00941   0.01175   0.04025   0.01607   0.00102   0.08808   0.04157   2.52118   0.27100  
 39 76.9866  22646.175673  x:  0.26806   0.20151   0.04272   0.11428   0.27129   0.15744   0.27720   0.10530   0.11123   0.03996   0.02778   0.01650   0.08262   0.02288   0.04042   0.00555   0.02881   0.02619   0.01859   0.01530   0.03041   0.02611   0.00179   0.02677   0.02176   0.00635   0.00971   0.01736   0.03929   0.02267   0.00192   0.01889   0.00347   0.01949   0.01687   0.00923   0.00189   0.01117   0.00130   0.00030   0.00274   0.00237   0.00936   0.01170   0.04012   0.01608   0.00102   0.08808   0.04142   2.52139   0.27086  
 40 66.7132  22646.145618  x:  0.26859   0.20016   0.04293   0.11368   0.27205   0.15822   0.27642   0.10547   0.11122   0.03991   0.02783   0.01651   0.08285   0.02277   0.04045   0.00558   0.02843   0.02608   0.01866   0.01556   0.03104   0.02596   0.00179   0.02698   0.02172   0.00636   0.00971   0.01741   0.03943   0.02248   0.00193   0.01883   0.00348   0.01966   0.01687   0.00926   0.00190   0.01118   0.00131   0.00030   0.00275   0.00237   0.00947   0.01177   0.04031   0.01595   0.00103   0.08806   0.04144   2.52168   0.27103  
 41 20.8444  22646.102421  x:  0.26929   0.19823   0.04282   0.11282   0.27311   0.15960   0.27549   0.10588   0.11107   0.03993   0.02767   0.01650   0.08342   0.02279   0.04030   0.00555   0.02870   0.02622   0.01848   0.01510   0.03083   0.02596   0.00179   0.02700   0.02169   0.00635   0.00971   0.01737   0.03915   0.02266   0.00192   0.01885   0.00347   0.01954   0.01692   0.00922   0.00189   0.01122   0.00130   0.00030   0.00274   0.00237   0.00932   0.01169   0.04021   0.01623   0.00102   0.08810   0.04149   2.52213   0.27132  
 42 55.1721  22646.081945  x:  0.26952   0.19762   0.04260   0.11265   0.27342   0.16009   0.27523   0.10601   0.11099   0.03998   0.02771   0.01655   0.08360   0.02298   0.04032   0.00556   0.02887   0.02621   0.01865   0.01552   0.03033   0.02607   0.00179   0.02676   0.02176   0.00636   0.00970   0.01730   0.03905   0.02262   0.00193   0.01888   0.00347   0.01959   0.01684   0.00924   0.00190   0.01115   0.00130   0.00030   0.00275   0.00237   0.00939   0.01170   0.04016   0.01599   0.00102   0.08806   0.04150   2.52234   0.27143  
 43 34.3408  22645.829045  x:  0.27034   0.19647   0.04172   0.11524   0.27347   0.16195   0.27538   0.10551   0.11027   0.04072   0.02972   0.01613   0.08309   0.02371   0.04047   0.00556   0.02804   0.02530   0.01816   0.01488   0.02954   0.02633   0.00180   0.02699   0.02190   0.00638   0.00974   0.01715   0.03918   0.02187   0.00194   0.01898   0.00348   0.01947   0.01695   0.00924   0.00191   0.01136   0.00131   0.00030   0.00276   0.00237   0.00950   0.01178   0.04065   0.01623   0.00103   0.08801   0.04109   2.52479   0.27144  
 44  8.9134  22644.573653  x:  0.27379   0.19311   0.03995   0.12609   0.27286   0.16853   0.27701   0.10312   0.10783   0.04128   0.02837   0.01641   0.08051   0.02233   0.04080   0.00546   0.02798   0.02714   0.01981   0.01517   0.03053   0.02556   0.00180   0.02696   0.02138   0.00639   0.00970   0.01674   0.03933   0.02431   0.00195   0.01841   0.00345   0.01979   0.01679   0.00929   0.00190   0.01136   0.00133   0.00029   0.00278   0.00233   0.00924   0.01173   0.04087   0.01622   0.00103   0.08783   0.04092   2.53698   0.27127  
 45 132.2706  22643.228229  x:  0.27688   0.19202   0.03996   0.13033   0.27244   0.17147   0.27920   0.10233   0.10818   0.03963   0.02487   0.01709   0.07935   0.02191   0.03999   0.00563   0.02965   0.02613   0.01668   0.01578   0.03126   0.02648   0.00181   0.02634   0.02178   0.00644   0.00941   0.01661   0.03988   0.02164   0.00199   0.01980   0.00349   0.01915   0.01680   0.00947   0.00195   0.01122   0.00137   0.00028   0.00280   0.00227   0.00973   0.01175   0.04159   0.01557   0.00105   0.08750   0.04222   2.54952   0.27128  
 46 240.3527  22634.763166  x:  0.29524   0.19424   0.04351   0.12802   0.27216   0.17525   0.29503   0.10457   0.12176   0.03372   0.02356   0.01720   0.07829   0.02464   0.03650   0.00511   0.03115   0.02084   0.02540   0.01179   0.02929   0.02776   0.00188   0.02659   0.02357   0.00665   0.00903   0.01700   0.04170   0.02076   0.00218   0.01935   0.00336   0.02050   0.01670   0.00976   0.00205   0.01245   0.00153   0.00023   0.00298   0.00198   0.00961   0.01167   0.04563   0.01699   0.00109   0.08575   0.04728   2.63293   0.27225  
 47 423.4689  22622.937171  x:  0.31936   0.20039   0.04250   0.11776   0.27483   0.17702   0.31651   0.10792   0.13857   0.03266   0.02838   0.01621   0.07657   0.02355   0.03750   0.00533   0.02568   0.02866   0.01734   0.01472   0.02723   0.02595   0.00201   0.02636   0.02519   0.00698   0.00830   0.01595   0.04095   0.02763   0.00242   0.01971   0.00338   0.01905   0.01575   0.01047   0.00218   0.01290   0.00176   0.00016   0.00324   0.00167   0.01019   0.01236   0.04966   0.01548   0.00121   0.08389   0.04602   2.74816   0.27418  
 48 2400.9897  22619.836142  x:  0.32371   0.20492   0.03706   0.11233   0.28007   0.17653   0.32080   0.10722   0.13697   0.03557   0.02698   0.01620   0.07421   0.02070   0.04150   0.00532   0.02749   0.02601   0.01832   0.01376   0.02997   0.02645   0.00202   0.02591   0.02601   0.00704   0.00820   0.01393   0.03872   0.02695   0.00248   0.02086   0.00337   0.01925   0.01544   0.01061   0.00222   0.01307   0.00181   0.00014   0.00330   0.00158   0.01030   0.01258   0.05074   0.01528   0.00124   0.08308   0.03942   2.77747   0.27533  
 49 789.6771  22617.093411  x:  0.32331   0.21529   0.03831   0.10591   0.29479   0.17694   0.32156   0.10314   0.12319   0.03537   0.02541   0.01670   0.06833   0.02467   0.04115   0.00524   0.02673   0.02689   0.01829   0.01332   0.02907   0.02653   0.00206   0.02627   0.02558   0.00715   0.00808   0.01403   0.04062   0.02728   0.00255   0.01952   0.00337   0.01906   0.01559   0.01085   0.00227   0.01342   0.00187   0.00012   0.00337   0.00150   0.01043   0.01260   0.05290   0.01554   0.00126   0.08285   0.03966   2.80391   0.27740  
 50 362.7002  22616.589060  x:  0.32197   0.21796   0.03904   0.10552   0.29915   0.17727   0.32087   0.10245   0.12137   0.03481   0.02684   0.01637   0.06765   0.02155   0.04032   0.00523   0.02681   0.02632   0.01850   0.01366   0.02825   0.02658   0.00206   0.02629   0.02551   0.00715   0.00805   0.01420   0.03964   0.02738   0.00256   0.02080   0.00336   0.01919   0.01556   0.01083   0.00227   0.01347   0.00188   0.00012   0.00337   0.00148   0.01042   0.01257   0.05283   0.01552   0.00126   0.08250   0.04128   2.80860   0.27749  
 51 250.5286  22616.046809  x:  0.31593   0.22292   0.03797   0.10867   0.30909   0.17838   0.31721   0.10294   0.12573   0.03472   0.02668   0.01635   0.07006   0.02161   0.04059   0.00523   0.02701   0.02623   0.01819   0.01358   0.02858   0.02684   0.00206   0.02606   0.02599   0.00716   0.00802   0.01400   0.03991   0.02759   0.00257   0.01954   0.00336   0.01916   0.01539   0.01086   0.00228   0.01349   0.00189   0.00011   0.00338   0.00147   0.01043   0.01263   0.05308   0.01533   0.00126   0.08270   0.04182   2.81316   0.27619  
 52 102.4208  22616.004008  x:  0.31539   0.22333   0.03795   0.10898   0.30992   0.17848   0.31688   0.10309   0.12615   0.03474   0.02651   0.01640   0.07025   0.02190   0.04035   0.00523   0.02675   0.02647   0.01842   0.01352   0.02854   0.02657   0.00206   0.02608   0.02584   0.00716   0.00801   0.01401   0.04009   0.02752   0.00257   0.02054   0.00336   0.01916   0.01546   0.01087   0.00228   0.01345   0.00189   0.00011   0.00338   0.00147   0.01042   0.01261   0.05299   0.01540   0.00126   0.08245   0.04145   2.81351   0.27605  
 53 75.6386  22615.995298  x:  0.31532   0.22336   0.03804   0.10903   0.30998   0.17850   0.31682   0.10335   0.12619   0.03467   0.02651   0.01640   0.07008   0.02184   0.03989   0.00523   0.02681   0.02638   0.01838   0.01363   0.02847   0.02658   0.00206   0.02613   0.02578   0.00716   0.00802   0.01403   0.04015   0.02759   0.00257   0.02044   0.00335   0.01915   0.01544   0.01086   0.00228   0.01348   0.00189   0.00011   0.00338   0.00147   0.01042   0.01262   0.05301   0.01540   0.00126   0.08248   0.04101   2.81355   0.27601  
 54  9.5776  22615.887970  x:  0.31491   0.22345   0.03792   0.10925   0.31008   0.17864   0.31632   0.10705   0.12624   0.03473   0.02648   0.01643   0.06730   0.02173   0.04012   0.00522   0.02671   0.02696   0.01857   0.01343   0.02848   0.02689   0.00206   0.02604   0.02588   0.00716   0.00803   0.01403   0.04007   0.02709   0.00257   0.02034   0.00336   0.01919   0.01540   0.01088   0.00228   0.01347   0.00189   0.00011   0.00339   0.00147   0.01043   0.01262   0.05314   0.01539   0.00126   0.08245   0.04123   2.81399   0.27575  
 55  8.1330  22615.781700  x:  0.31476   0.22349   0.03787   0.10933   0.31012   0.17870   0.31613   0.10856   0.12626   0.03483   0.02635   0.01645   0.06615   0.02210   0.04058   0.00524   0.02678   0.02574   0.01816   0.01366   0.02852   0.02616   0.00207   0.02601   0.02551   0.00716   0.00803   0.01402   0.04016   0.02807   0.00256   0.02059   0.00335   0.01914   0.01541   0.01089   0.00227   0.01338   0.00189   0.00011   0.00338   0.00147   0.01031   0.01260   0.05290   0.01537   0.00126   0.08239   0.04167   2.81446   0.27565  
 56 37.8369  22581.810649  x:  0.32373   0.22973   0.04452   0.10755   0.31783   0.18260   0.32487   0.10327   0.12996   0.04707   0.02415   0.01605   0.06679   0.02001   0.04335   0.00595   0.02675   0.02549   0.01775   0.01375   0.02545   0.02497   0.00227   0.02062   0.01345   0.00737   0.01303   0.02058   0.03868   0.02220   0.00271   0.01856   0.00370   0.02025   0.00758   0.01375   0.00217   0.00886   0.00203   0.00019   0.00366   0.00173   0.00412   0.00918   0.05833   0.01434   0.00139   0.07160   0.03999   2.95877   0.28209  
 57 13.2383  22538.562829  x:  0.32654   0.23035   0.05408   0.10702   0.31825   0.18166   0.31783   0.10224   0.12394   0.06658   0.01551   0.01529   0.06995   0.01542   0.04423   0.00480   0.02431   0.02238   0.01776   0.00543   0.01970   0.02814   0.00244   0.01493   0.01405   0.00769   0.01027   0.03045   0.03701   0.02536   0.00421   0.01742   0.00314   0.01914   0.01251   0.01404   0.00110   0.00847   0.00185   0.00032   0.00564   0.00283   0.01417   0.01736   0.05356   0.00914   0.00238   0.05429   0.03752   3.23625   0.28671  
 58  0.8236  22503.597693  x:  0.32987   0.22652   0.05665   0.10929   0.31565   0.17962   0.31794   0.10321   0.11892   0.08007   0.02334   0.01548   0.07020   0.01962   0.03887   0.00241   0.02713   0.02258   0.01903   0.01389   0.02681   0.02849   0.00242   0.02236   0.02071   0.00743   0.00581   0.03618   0.03923   0.02287   0.00495   0.01730   0.00212   0.01920   0.01342   0.01409   0.00012   0.00782   0.00171   0.00039   0.00649   0.00351   0.01435   0.01816   0.04942   0.00859   0.00277   0.03379   0.04052   3.51828   0.28782  
 59  0.3838  22490.797857  x:  0.32965   0.22260   0.05699   0.11087   0.31195   0.17757   0.31591   0.10398   0.11584   0.08638   0.02785   0.01614   0.07117   0.02227   0.03568   0.00292   0.02932   0.02315   0.01926   0.01782   0.03072   0.02846   0.00257   0.02699   0.02515   0.00791   0.01012   0.03934   0.04039   0.02192   0.00561   0.01775   0.00273   0.01883   0.01411   0.01507   0.00153   0.00642   0.00194   0.00040   0.00747   0.00341   0.01500   0.01931   0.04773   0.00891   0.00328   0.01879   0.04250   3.70937   0.28702  
 60  1.4772  22478.464425  x:  0.32428   0.21917   0.05304   0.11173   0.30903   0.17498   0.31566   0.10596   0.11520   0.08731   0.02692   0.01589   0.07162   0.02206   0.03703   0.00074   0.03046   0.02430   0.01853   0.01518   0.02903   0.02719   0.00255   0.02525   0.02185   0.00755   0.00906   0.04112   0.04094   0.02241   0.00561   0.01714   0.00212   0.01880   0.01340   0.01366   0.00149   0.00961   0.00187   0.00040   0.00745   0.00344   0.01294   0.01774   0.04658   0.01304   0.00325   0.00729   0.04215   3.83297   0.28124  
 61  0.1763  22472.345564  x:  0.31680   0.21748   0.04847   0.11188   0.30658   0.17382   0.31426   0.10642   0.11643   0.08121   0.02477   0.01585   0.07207   0.02117   0.03964   0.00000   0.03080   0.02503   0.01768   0.01248   0.02661   0.02653   0.00249   0.02340   0.01871   0.00728   0.00952   0.03960   0.04063   0.02328   0.00518   0.01498   0.00203   0.01861   0.01301   0.01269   0.00141   0.01080   0.00184   0.00037   0.00691   0.00321   0.01105   0.01546   0.04590   0.01453   0.00303   0.01154   0.04133   3.78238   0.27590  
 62  0.0992  22469.205258  x:  0.31220   0.21796   0.04433   0.11194   0.30684   0.17463   0.31534   0.10573   0.11774   0.07517   0.02247   0.01599   0.07230   0.02002   0.04232   0.00000   0.03112   0.02534   0.01788   0.01035   0.02450   0.02653   0.00252   0.02173   0.01586   0.00725   0.01117   0.03901   0.03997   0.02321   0.00472   0.01533   0.00252   0.01859   0.01298   0.01285   0.00126   0.00896   0.00196   0.00035   0.00641   0.00293   0.00965   0.01286   0.04400   0.01345   0.00292   0.00895   0.04037   3.77102   0.27145  
 63  0.0219  22467.327606  x:  0.31677   0.22114   0.04341   0.11122   0.31065   0.17691   0.31881   0.10484   0.11683   0.06842   0.02243   0.01611   0.07245   0.01979   0.04147   0.00000   0.02960   0.02473   0.01856   0.01073   0.02582   0.02765   0.00253   0.02168   0.01848   0.00719   0.01019   0.03828   0.03949   0.02227   0.00413   0.01484   0.00320   0.01863   0.01231   0.01212   0.00141   0.00890   0.00201   0.00034   0.00572   0.00280   0.00983   0.01214   0.04120   0.01129   0.00279   0.01005   0.04016   3.73634   0.27278  
 64  0.0214  22466.424543  x:  0.31982   0.22094   0.04387   0.11119   0.31082   0.17693   0.31843   0.10527   0.11700   0.06485   0.02392   0.01646   0.07240   0.02072   0.03967   0.00000   0.02914   0.02454   0.01820   0.01109   0.02606   0.02744   0.00260   0.02309   0.01662   0.00728   0.01048   0.03821   0.03995   0.02263   0.00386   0.01478   0.00371   0.01835   0.01360   0.01181   0.00146   0.00864   0.00210   0.00033   0.00546   0.00274   0.01020   0.01368   0.03985   0.01204   0.00282   0.00959   0.04077   3.73243   0.27590  
 65  0.0062  22466.424492  x:  0.31982   0.22094   0.04387   0.11119   0.31082   0.17693   0.31843   0.10527   0.11700   0.06485   0.02392   0.01646   0.07240   0.02072   0.03966   0.00002   0.02914   0.02454   0.01820   0.01109   0.02606   0.02744   0.00260   0.02309   0.01662   0.00728   0.01048   0.03821   0.03995   0.02263   0.00386   0.01478   0.00371   0.01835   0.01360   0.01181   0.00146   0.00864   0.00210   0.00033   0.00546   0.00274   0.01020   0.01368   0.03985   0.01204   0.00282   0.00959   0.04077   3.73243   0.27590  
 66  0.0529  22466.122160  x:  0.31961   0.22037   0.04346   0.11142   0.31035   0.17641   0.31779   0.10543   0.11769   0.06444   0.02351   0.01623   0.07209   0.02065   0.03987   0.00000   0.02931   0.02486   0.01821   0.01117   0.02571   0.02707   0.00264   0.02275   0.01701   0.00725   0.01052   0.03822   0.04016   0.02214   0.00379   0.01467   0.00379   0.01845   0.01332   0.01144   0.00147   0.00901   0.00212   0.00034   0.00541   0.00275   0.01025   0.01397   0.03914   0.01237   0.00287   0.00915   0.04091   3.74672   0.27633  
 67  2.5488  22465.606296  x:  0.31878   0.21956   0.04212   0.11181   0.30997   0.17557   0.31715   0.10548   0.11905   0.06436   0.02272   0.01567   0.07101   0.02020   0.04076   0.00000   0.02972   0.02517   0.01818   0.01111   0.02537   0.02614   0.00282   0.02191   0.01680   0.00715   0.01000   0.03799   0.04046   0.02110   0.00357   0.01474   0.00403   0.01870   0.01270   0.01055   0.00153   0.00941   0.00226   0.00037   0.00518   0.00288   0.01056   0.01430   0.03773   0.01315   0.00313   0.00873   0.04093   3.80135   0.27818  
 68  0.0276  22465.606275  x:  0.31878   0.21956   0.04212   0.11181   0.30997   0.17557   0.31715   0.10548   0.11905   0.06436   0.02272   0.01567   0.07101   0.02020   0.04076   0.00001   0.02972   0.02517   0.01818   0.01111   0.02537   0.02614   0.00282   0.02191   0.01680   0.00715   0.01000   0.03799   0.04046   0.02110   0.00357   0.01474   0.00403   0.01870   0.01270   0.01055   0.00153   0.00941   0.00226   0.00037   0.00518   0.00288   0.01056   0.01430   0.03773   0.01315   0.00313   0.00873   0.04093   3.80135   0.27818  
 69  6.0134  22465.589103  x:  0.31879   0.21957   0.04212   0.11180   0.30998   0.17558   0.31717   0.10548   0.11904   0.06438   0.02272   0.01568   0.07102   0.02020   0.04076   0.00000   0.02972   0.02516   0.01818   0.01110   0.02537   0.02614   0.00282   0.02192   0.01682   0.00715   0.01001   0.03798   0.04046   0.02111   0.00357   0.01473   0.00403   0.01870   0.01270   0.01054   0.00153   0.00940   0.00226   0.00037   0.00518   0.00288   0.01056   0.01430   0.03772   0.01315   0.00313   0.00873   0.04093   3.80213   0.27819  
 70  0.0223  22465.589103  x:  0.31879   0.21957   0.04212   0.11180   0.30998   0.17558   0.31717   0.10548   0.11904   0.06438   0.02272   0.01568   0.07102   0.02020   0.04076   0.00000   0.02972   0.02516   0.01818   0.01110   0.02537   0.02614   0.00282   0.02192   0.01682   0.00715   0.01001   0.03798   0.04046   0.02111   0.00357   0.01473   0.00403   0.01870   0.01270   0.01054   0.00153   0.00940   0.00226   0.00037   0.00518   0.00288   0.01056   0.01430   0.03772   0.01315   0.00313   0.00873   0.04093   3.80213   0.27819  
 71  0.1006  22462.461661  x:  0.31879   0.21957   0.04212   0.11180   0.30998   0.17558   0.31717   0.10548   0.11904   0.06438   0.02273   0.01569   0.07102   0.02020   0.04075   0.00001   0.02971   0.02516   0.01818   0.01110   0.02537   0.02615   0.00301   0.02193   0.01682   0.00710   0.01003   0.03797   0.04046   0.02113   0.00359   0.01474   0.00400   0.01870   0.01272   0.01052   0.00152   0.00937   0.00259   0.00242   0.00516   0.00290   0.01055   0.01428   0.03775   0.01313   0.00324   0.00877   0.04093   3.80213   0.27818  
 72 6761.0516  22461.401991  x:  0.31880   0.21958   0.04216   0.11179   0.30999   0.17560   0.31718   0.10548   0.11901   0.06439   0.02282   0.01578   0.07105   0.02023   0.04071   0.00005   0.02968   0.02512   0.01818   0.01108   0.02542   0.02625   0.00424   0.02202   0.01685   0.00674   0.01017   0.03788   0.04043   0.02128   0.00377   0.01476   0.00374   0.01866   0.01282   0.01032   0.00141   0.00910   0.00439   0.00231   0.00498   0.00300   0.01050   0.01414   0.03792   0.01296   0.00400   0.00900   0.04091   3.80213   0.27815  
 73 1031.2849  22461.257984  x:  0.31882   0.21960   0.04221   0.11178   0.31000   0.17563   0.31719   0.10548   0.11895   0.06441   0.02297   0.01594   0.07110   0.02027   0.04064   0.00027   0.02961   0.02504   0.01818   0.01102   0.02548   0.02639   0.00451   0.02216   0.01689   0.00632   0.01034   0.03771   0.04038   0.02154   0.00383   0.01480   0.00358   0.01860   0.01297   0.01007   0.00163   0.00869   0.00407   0.00232   0.00484   0.00281   0.01040   0.01388   0.03826   0.01270   0.00430   0.00916   0.04088   3.80214   0.27808  
 74 256.8928  22461.203700  x:  0.31883   0.21961   0.04226   0.11178   0.31001   0.17565   0.31721   0.10549   0.11891   0.06442   0.02307   0.01603   0.07114   0.02031   0.04058   0.00010   0.02956   0.02498   0.01814   0.01098   0.02552   0.02649   0.00454   0.02226   0.01691   0.00618   0.01044   0.03759   0.04033   0.02172   0.00384   0.01483   0.00359   0.01856   0.01306   0.00994   0.00139   0.00849   0.00397   0.00232   0.00482   0.00285   0.01035   0.01371   0.03852   0.01255   0.00433   0.00921   0.04086   3.80214   0.27803  
 75 275.9829  22461.157984  x:  0.31886   0.21963   0.04235   0.11176   0.31002   0.17570   0.31724   0.10549   0.11883   0.06444   0.02322   0.01616   0.07122   0.02036   0.04048   0.00005   0.02947   0.02489   0.01811   0.01093   0.02559   0.02663   0.00438   0.02240   0.01694   0.00621   0.01052   0.03738   0.04024   0.02200   0.00380   0.01487   0.00368   0.01850   0.01316   0.00981   0.00153   0.00838   0.00408   0.00232   0.00489   0.00302   0.01028   0.01348   0.03896   0.01236   0.00421   0.00920   0.04083   3.80214   0.27792  
 76 196.2990  22461.138839  x:  0.31889   0.21965   0.04241   0.11175   0.31004   0.17574   0.31726   0.10550   0.11876   0.06446   0.02329   0.01621   0.07128   0.02040   0.04042   0.00020   0.02942   0.02484   0.01810   0.01093   0.02563   0.02671   0.00431   0.02248   0.01695   0.00630   0.01052   0.03725   0.04019   0.02215   0.00378   0.01489   0.00367   0.01847   0.01319   0.00981   0.00144   0.00842   0.00414   0.00232   0.00491   0.00296   0.01026   0.01339   0.03925   0.01231   0.00416   0.00917   0.04081   3.80215   0.27784  
 77 180.3510  22461.122290  x:  0.31892   0.21968   0.04250   0.11173   0.31005   0.17579   0.31729   0.10551   0.11868   0.06448   0.02336   0.01623   0.07137   0.02043   0.04035   0.00012   0.02937   0.02480   0.01809   0.01094   0.02567   0.02679   0.00434   0.02254   0.01695   0.00640   0.01048   0.03709   0.04011   0.02229   0.00379   0.01490   0.00361   0.01846   0.01318   0.00987   0.00148   0.00857   0.00414   0.00232   0.00490   0.00282   0.01026   0.01336   0.03958   0.01233   0.00419   0.00912   0.04078   3.80215   0.27773  
 78 132.0959  22461.112654  x:  0.31896   0.21971   0.04258   0.11171   0.31007   0.17584   0.31732   0.10551   0.11859   0.06450   0.02338   0.01620   0.07145   0.02045   0.04029   0.00015   0.02934   0.02478   0.01809   0.01097   0.02570   0.02684   0.00439   0.02256   0.01694   0.00640   0.01042   0.03696   0.04005   0.02234   0.00381   0.01489   0.00362   0.01846   0.01313   0.00996   0.00147   0.00866   0.00408   0.00232   0.00487   0.00295   0.01028   0.01342   0.03984   0.01241   0.00426   0.00909   0.04076   3.80216   0.27761  
 79 91.5886  22461.106976  x:  0.31901   0.21975   0.04267   0.11169   0.31010   0.17591   0.31736   0.10552   0.11847   0.06453   0.02335   0.01613   0.07155   0.02047   0.04024   0.00015   0.02934   0.02479   0.01810   0.01100   0.02571   0.02684   0.00437   0.02254   0.01692   0.00629   0.01040   0.03688   0.03999   0.02230   0.00378   0.01487   0.00368   0.01848   0.01308   0.00997   0.00147   0.00860   0.00410   0.00232   0.00489   0.00290   0.01030   0.01351   0.04001   0.01249   0.00425   0.00909   0.04075   3.80216   0.27746  
 80 47.7337  22461.103532  x:  0.31906   0.21979   0.04275   0.11166   0.31013   0.17598   0.31741   0.10552   0.11836   0.06455   0.02331   0.01609   0.07165   0.02047   0.04021   0.00014   0.02935   0.02481   0.01811   0.01101   0.02571   0.02681   0.00435   0.02249   0.01691   0.00632   0.01042   0.03684   0.03995   0.02222   0.00381   0.01486   0.00360   0.01850   0.01307   0.00994   0.00147   0.00854   0.00411   0.00232   0.00489   0.00292   0.01031   0.01355   0.04010   0.01250   0.00422   0.00911   0.04074   3.80217   0.27730  
 81 42.5778  22461.100153  x:  0.31914   0.21986   0.04286   0.11162   0.31018   0.17608   0.31749   0.10552   0.11821   0.06459   0.02328   0.01607   0.07178   0.02046   0.04019   0.00015   0.02937   0.02485   0.01812   0.01101   0.02570   0.02677   0.00438   0.02245   0.01691   0.00640   0.01046   0.03683   0.03991   0.02213   0.00381   0.01486   0.00366   0.01852   0.01310   0.00990   0.00147   0.00854   0.00410   0.00232   0.00488   0.00291   0.01030   0.01354   0.04012   0.01245   0.00424   0.00914   0.04074   3.80219   0.27706  
 82 43.6309  22461.096683  x:  0.31924   0.21995   0.04297   0.11156   0.31026   0.17622   0.31761   0.10551   0.11801   0.06464   0.02327   0.01611   0.07195   0.02046   0.04019   0.00014   0.02940   0.02487   0.01811   0.01099   0.02569   0.02674   0.00437   0.02243   0.01693   0.00633   0.01045   0.03686   0.03989   0.02208   0.00377   0.01487   0.00363   0.01851   0.01313   0.00992   0.00147   0.00862   0.00410   0.00232   0.00490   0.00292   0.01030   0.01348   0.04006   0.01239   0.00424   0.00912   0.04074   3.80220   0.27676  
 83 42.1580  22461.094911  x:  0.31931   0.22002   0.04302   0.11152   0.31031   0.17630   0.31769   0.10550   0.11790   0.06466   0.02328   0.01615   0.07203   0.02046   0.04021   0.00014   0.02940   0.02486   0.01811   0.01099   0.02569   0.02674   0.00436   0.02245   0.01694   0.00632   0.01042   0.03689   0.03990   0.02211   0.00384   0.01488   0.00365   0.01850   0.01313   0.00995   0.00147   0.00860   0.00411   0.00232   0.00488   0.00291   0.01031   0.01346   0.03999   0.01241   0.00423   0.00910   0.04075   3.80222   0.27658  
 84 35.2484  22461.093545  x:  0.31938   0.22008   0.04304   0.11149   0.31036   0.17638   0.31777   0.10549   0.11782   0.06468   0.02331   0.01617   0.07209   0.02046   0.04023   0.00014   0.02940   0.02485   0.01810   0.01100   0.02570   0.02675   0.00437   0.02248   0.01694   0.00635   0.01041   0.03693   0.03992   0.02218   0.00379   0.01488   0.00364   0.01849   0.01311   0.00996   0.00147   0.00856   0.00410   0.00232   0.00488   0.00291   0.01031   0.01347   0.03992   0.01246   0.00424   0.00909   0.04076   3.80223   0.27642  
 85 38.1793  22461.092957  x:  0.31942   0.22012   0.04301   0.11147   0.31040   0.17642   0.31783   0.10547   0.11779   0.06469   0.02332   0.01614   0.07210   0.02046   0.04024   0.00014   0.02938   0.02483   0.01811   0.01100   0.02570   0.02678   0.00437   0.02250   0.01693   0.00634   0.01044   0.03694   0.03995   0.02222   0.00381   0.01487   0.00364   0.01849   0.01310   0.00993   0.00147   0.00859   0.00410   0.00232   0.00490   0.00291   0.01030   0.01350   0.03990   0.01246   0.00424   0.00913   0.04076   3.80224   0.27635  
 86 13.4531  22461.092680  x:  0.31945   0.22016   0.04298   0.11146   0.31043   0.17645   0.31789   0.10546   0.11779   0.06469   0.02332   0.01612   0.07209   0.02046   0.04025   0.00014   0.02938   0.02482   0.01811   0.01100   0.02570   0.02679   0.00437   0.02250   0.01692   0.00634   0.01044   0.03694   0.03997   0.02222   0.00380   0.01487   0.00364   0.01850   0.01311   0.00993   0.00147   0.00859   0.00410   0.00232   0.00487   0.00291   0.01029   0.01351   0.03990   0.01245   0.00422   0.00912   0.04076   3.80225   0.27632  
 87 11.4293  22461.092074  x:  0.31952   0.22026   0.04289   0.11145   0.31053   0.17652   0.31803   0.10542   0.11782   0.06469   0.02332   0.01609   0.07204   0.02044   0.04027   0.00014   0.02936   0.02482   0.01812   0.01099   0.02570   0.02682   0.00437   0.02249   0.01691   0.00634   0.01042   0.03693   0.04002   0.02221   0.00380   0.01487   0.00364   0.01851   0.01312   0.00995   0.00147   0.00857   0.00410   0.00232   0.00489   0.00291   0.01029   0.01351   0.03992   0.01242   0.00424   0.00911   0.04077   3.80228   0.27625  
 88 15.4684  22461.091565  x:  0.31959   0.22036   0.04280   0.11144   0.31063   0.17658   0.31818   0.10539   0.11785   0.06469   0.02332   0.01612   0.07198   0.02044   0.04027   0.00014   0.02936   0.02483   0.01812   0.01099   0.02570   0.02681   0.00436   0.02248   0.01693   0.00634   0.01043   0.03692   0.04004   0.02218   0.00380   0.01488   0.00364   0.01850   0.01311   0.00994   0.00147   0.00858   0.00410   0.00232   0.00488   0.00291   0.01031   0.01349   0.03994   0.01245   0.00425   0.00911   0.04077   3.80231   0.27620  
 89 14.9786  22461.091423  x:  0.31961   0.22039   0.04278   0.11144   0.31066   0.17660   0.31823   0.10538   0.11787   0.06469   0.02332   0.01613   0.07197   0.02044   0.04026   0.00014   0.02937   0.02484   0.01812   0.01099   0.02570   0.02680   0.00437   0.02248   0.01693   0.00634   0.01044   0.03692   0.04004   0.02218   0.00380   0.01488   0.00364   0.01850   0.01311   0.00993   0.00147   0.00858   0.00410   0.00232   0.00489   0.00291   0.01031   0.01348   0.03995   0.01246   0.00423   0.00911   0.04077   3.80232   0.27619  
 90 13.8671  22461.091186  x:  0.31964   0.22045   0.04278   0.11146   0.31074   0.17663   0.31835   0.10539   0.11790   0.06469   0.02331   0.01615   0.07194   0.02045   0.04025   0.00014   0.02939   0.02484   0.01811   0.01100   0.02570   0.02677   0.00437   0.02249   0.01693   0.00634   0.01043   0.03692   0.03999   0.02220   0.00380   0.01487   0.00364   0.01849   0.01311   0.00994   0.00147   0.00858   0.00410   0.00232   0.00489   0.00291   0.01029   0.01351   0.03995   0.01244   0.00424   0.00912   0.04076   3.80235   0.27621  
 91  6.7999  22461.091044  x:  0.31966   0.22049   0.04281   0.11147   0.31079   0.17665   0.31843   0.10541   0.11793   0.06469   0.02331   0.01612   0.07194   0.02046   0.04024   0.00014   0.02939   0.02484   0.01811   0.01099   0.02570   0.02677   0.00437   0.02249   0.01692   0.00634   0.01043   0.03693   0.03996   0.02221   0.00380   0.01488   0.00364   0.01850   0.01311   0.00993   0.00147   0.00858   0.00410   0.00232   0.00489   0.00291   0.01031   0.01350   0.03993   0.01245   0.00424   0.00911   0.04076   3.80238   0.27623  
 92  5.7858  22461.090978  x:  0.31966   0.22051   0.04283   0.11148   0.31082   0.17665   0.31849   0.10543   0.11793   0.06469   0.02332   0.01612   0.07194   0.02046   0.04024   0.00014   0.02938   0.02483   0.01811   0.01100   0.02570   0.02679   0.00437   0.02249   0.01693   0.00634   0.01043   0.03693   0.03995   0.02220   0.00380   0.01488   0.00364   0.01850   0.01311   0.00994   0.00147   0.00858   0.00410   0.00232   0.00489   0.00291   0.01029   0.01349   0.03993   0.01245   0.00424   0.00912   0.04076   3.80240   0.27625  
 93  3.6693  22461.090937  x:  0.31965   0.22051   0.04285   0.11149   0.31083   0.17664   0.31853   0.10544   0.11793   0.06468   0.02332   0.01613   0.07195   0.02046   0.04025   0.00014   0.02937   0.02483   0.01811   0.01100   0.02570   0.02679   0.00437   0.02249   0.01693   0.00634   0.01043   0.03693   0.03997   0.02219   0.00380   0.01487   0.00364   0.01850   0.01311   0.00993   0.00147   0.00858   0.00410   0.00232   0.00489   0.00291   0.01030   0.01350   0.03993   0.01245   0.00424   0.00911   0.04076   3.80243   0.27626  
 94  2.9668  22461.090903  x:  0.31963   0.22051   0.04286   0.11149   0.31085   0.17662   0.31857   0.10546   0.11793   0.06468   0.02331   0.01613   0.07195   0.02045   0.04025   0.00014   0.02938   0.02484   0.01811   0.01099   0.02570   0.02679   0.00437   0.02249   0.01693   0.00634   0.01044   0.03692   0.03999   0.02219   0.00380   0.01488   0.00364   0.01849   0.01311   0.00994   0.00147   0.00858   0.00410   0.00232   0.00489   0.00291   0.01030   0.01350   0.03993   0.01245   0.00424   0.00912   0.04076   3.80246   0.27627  
 95  2.3539  22461.090881  x:  0.31962   0.22051   0.04286   0.11148   0.31086   0.17660   0.31860   0.10547   0.11792   0.06468   0.02331   0.01613   0.07196   0.02045   0.04025   0.00014   0.02938   0.02484   0.01811   0.01099   0.02570   0.02678   0.00437   0.02249   0.01693   0.00634   0.01043   0.03692   0.04000   0.02220   0.00380   0.01488   0.00364   0.01850   0.01311   0.00993   0.00147   0.00858   0.00410   0.00232   0.00489   0.00291   0.01030   0.01349   0.03994   0.01245   0.00424   0.00911   0.04076   3.80249   0.27627  
 96  2.8846  22461.090831  x:  0.31957   0.22049   0.04285   0.11147   0.31087   0.17655   0.31867   0.10548   0.11790   0.06468   0.02332   0.01613   0.07195   0.02045   0.04024   0.00014   0.02939   0.02483   0.01812   0.01100   0.02571   0.02678   0.00437   0.02249   0.01693   0.00634   0.01043   0.03693   0.03999   0.02220   0.00380   0.01487   0.00364   0.01850   0.01311   0.00994   0.00147   0.00858   0.00410   0.00232   0.00489   0.00291   0.01030   0.01350   0.03994   0.01245   0.00424   0.00911   0.04076   3.80258   0.27626  
 97  2.4114  22461.090809  x:  0.31954   0.22048   0.04284   0.11146   0.31088   0.17653   0.31870   0.10548   0.11789   0.06468   0.02332   0.01613   0.07195   0.02045   0.04024   0.00014   0.02938   0.02483   0.01811   0.01099   0.02570   0.02679   0.00437   0.02249   0.01693   0.00634   0.01043   0.03693   0.03998   0.02219   0.00380   0.01488   0.00364   0.01850   0.01311   0.00994   0.00147   0.00858   0.00410   0.00232   0.00489   0.00291   0.01030   0.01350   0.03993   0.01245   0.00424   0.00911   0.04076   3.80263   0.27625  
 98  3.3553  22461.090790  x:  0.31952   0.22048   0.04285   0.11146   0.31087   0.17653   0.31872   0.10547   0.11789   0.06469   0.02331   0.01613   0.07194   0.02046   0.04025   0.00014   0.02937   0.02484   0.01811   0.01100   0.02569   0.02679   0.00437   0.02249   0.01693   0.00634   0.01043   0.03693   0.03997   0.02219   0.00380   0.01488   0.00364   0.01849   0.01311   0.00994   0.00147   0.00858   0.00410   0.00232   0.00489   0.00291   0.01030   0.01350   0.03993   0.01245   0.00424   0.00911   0.04076   3.80269   0.27624  
 99  1.9727  22461.090752  x:  0.31948   0.22046   0.04287   0.11147   0.31086   0.17653   0.31875   0.10545   0.11790   0.06470   0.02331   0.01613   0.07192   0.02046   0.04026   0.00014   0.02937   0.02484   0.01811   0.01100   0.02569   0.02678   0.00437   0.02249   0.01693   0.00634   0.01043   0.03692   0.03997   0.02220   0.00380   0.01487   0.00364   0.01850   0.01311   0.00994   0.00147   0.00858   0.00410   0.00232   0.00489   0.00291   0.01030   0.01350   0.03993   0.01245   0.00423   0.00912   0.04077   3.80283   0.27623  
100  2.8880  22461.090716  x:  0.31945   0.22046   0.04288   0.11148   0.31085   0.17655   0.31877   0.10543   0.11791   0.06470   0.02331   0.01613   0.07191   0.02045   0.04026   0.00014   0.02938   0.02483   0.01812   0.01099   0.02570   0.02678   0.00437   0.02249   0.01693   0.00634   0.01044   0.03692   0.03998   0.02220   0.00380   0.01487   0.00364   0.01850   0.01311   0.00994   0.00147   0.00858   0.00410   0.00232   0.00489   0.00291   0.01030   0.01350   0.03993   0.01245   0.00424   0.00911   0.04077   3.80297   0.27621  
101  6.6300  22461.090669  x:  0.31941   0.22045   0.04289   0.11149   0.31083   0.17657   0.31879   0.10541   0.11793   0.06470   0.02332   0.01612   0.07191   0.02045   0.04025   0.00014   0.02939   0.02483   0.01811   0.01100   0.02571   0.02678   0.00437   0.02248   0.01693   0.00634   0.01043   0.03693   0.03999   0.02219   0.00380   0.01488   0.00364   0.01849   0.01311   0.00994   0.00147   0.00858   0.00410   0.00232   0.00489   0.00291   0.01030   0.01350   0.03994   0.01245   0.00424   0.00912   0.04076   3.80316   0.27621  
102  6.2929  22461.090536  x:  0.31934   0.22045   0.04287   0.11150   0.31079   0.17663   0.31883   0.10541   0.11795   0.06468   0.02332   0.01613   0.07195   0.02045   0.04022   0.00014   0.02939   0.02484   0.01810   0.01100   0.02570   0.02679   0.00437   0.02250   0.01692   0.00634   0.01043   0.03695   0.04000   0.02219   0.00380   0.01486   0.00364   0.01850   0.01312   0.00994   0.00147   0.00858   0.00410   0.00232   0.00489   0.00291   0.01030   0.01349   0.03994   0.01246   0.00424   0.00911   0.04075   3.80374   0.27621  
103  7.7194  22461.090389  x:  0.31928   0.22046   0.04284   0.11150   0.31075   0.17669   0.31885   0.10542   0.11796   0.06466   0.02331   0.01614   0.07199   0.02045   0.04021   0.00014   0.02937   0.02484   0.01812   0.01099   0.02569   0.02679   0.00437   0.02250   0.01693   0.00634   0.01043   0.03695   0.04000   0.02220   0.00380   0.01488   0.00364   0.01851   0.01310   0.00994   0.00147   0.00858   0.00410   0.00232   0.00489   0.00291   0.01030   0.01350   0.03994   0.01244   0.00424   0.00911   0.04075   3.80439   0.27622  
104 22.1024  22461.090211  x:  0.31925   0.22049   0.04280   0.11150   0.31071   0.17674   0.31886   0.10544   0.11796   0.06465   0.02331   0.01613   0.07202   0.02045   0.04025   0.00014   0.02937   0.02483   0.01812   0.01100   0.02569   0.02678   0.00437   0.02248   0.01693   0.00634   0.01043   0.03692   0.03997   0.02220   0.00380   0.01488   0.00364   0.01849   0.01312   0.00994   0.00147   0.00858   0.00410   0.00232   0.00489   0.00291   0.01030   0.01350   0.03993   0.01245   0.00424   0.00911   0.04077   3.80520   0.27625  
105 18.5493  22461.090033  x:  0.31925   0.22052   0.04279   0.11149   0.31069   0.17676   0.31886   0.10546   0.11794   0.06466   0.02332   0.01613   0.07202   0.02046   0.04029   0.00014   0.02938   0.02483   0.01810   0.01099   0.02571   0.02678   0.00437   0.02248   0.01693   0.00634   0.01043   0.03690   0.03995   0.02219   0.00380   0.01486   0.00364   0.01850   0.01310   0.00994   0.00147   0.00858   0.00410   0.00232   0.00489   0.00291   0.01030   0.01349   0.03993   0.01245   0.00424   0.00911   0.04077   3.80601   0.27627  
106 21.8153  22461.089590  x:  0.31930   0.22059   0.04280   0.11147   0.31068   0.17674   0.31880   0.10549   0.11787   0.06469   0.02332   0.01614   0.07195   0.02045   0.04030   0.00014   0.02940   0.02485   0.01809   0.01100   0.02573   0.02680   0.00437   0.02251   0.01692   0.00634   0.01043   0.03692   0.03995   0.02218   0.00380   0.01490   0.00364   0.01853   0.01312   0.00994   0.00147   0.00858   0.00410   0.00232   0.00489   0.00291   0.01030   0.01350   0.03994   0.01245   0.00424   0.00911   0.04077   3.80805   0.27632  
107 30.5706  22461.089107  x:  0.31939   0.22066   0.04283   0.11144   0.31069   0.17669   0.31874   0.10551   0.11781   0.06473   0.02331   0.01613   0.07187   0.02045   0.04026   0.00014   0.02939   0.02485   0.01813   0.01099   0.02571   0.02679   0.00437   0.02250   0.01693   0.00634   0.01043   0.03694   0.03998   0.02219   0.00380   0.01487   0.00364   0.01848   0.01311   0.00994   0.00147   0.00858   0.00410   0.00232   0.00489   0.00291   0.01030   0.01349   0.03994   0.01245   0.00424   0.00911   0.04075   3.81030   0.27637  
108 68.2443  22461.088983  x:  0.31943   0.22067   0.04284   0.11145   0.31070   0.17666   0.31872   0.10550   0.11782   0.06472   0.02331   0.01613   0.07187   0.02045   0.04024   0.00014   0.02937   0.02482   0.01810   0.01099   0.02569   0.02678   0.00437   0.02248   0.01693   0.00634   0.01043   0.03693   0.03999   0.02220   0.00380   0.01488   0.00364   0.01850   0.01311   0.00994   0.00147   0.00858   0.00410   0.00232   0.00489   0.00291   0.01030   0.01350   0.03993   0.01245   0.00424   0.00911   0.04076   3.81087   0.27636  
109 19.3718  22461.088784  x:  0.31952   0.22062   0.04285   0.11148   0.31078   0.17657   0.31868   0.10548   0.11790   0.06467   0.02332   0.01613   0.07192   0.02045   0.04023   0.00014   0.02938   0.02483   0.01811   0.01100   0.02570   0.02678   0.00437   0.02250   0.01693   0.00634   0.01043   0.03690   0.03998   0.02219   0.00380   0.01487   0.00364   0.01850   0.01311   0.00994   0.00147   0.00858   0.00410   0.00232   0.00489   0.00291   0.01030   0.01350   0.03992   0.01245   0.00424   0.00911   0.04078   3.81180   0.27632  
110 11.5611  22461.088735  x:  0.31954   0.22059   0.04285   0.11149   0.31080   0.17655   0.31867   0.10547   0.11792   0.06467   0.02331   0.01613   0.07194   0.02045   0.04024   0.00014   0.02938   0.02484   0.01811   0.01099   0.02570   0.02679   0.00437   0.02248   0.01692   0.00634   0.01043   0.03692   0.03998   0.02220   0.00380   0.01487   0.00364   0.01850   0.01311   0.00994   0.00147   0.00858   0.00410   0.00232   0.00489   0.00291   0.01030   0.01350   0.03993   0.01245   0.00424   0.00911   0.04076   3.81203   0.27631  
111  7.5263  22461.088723  x:  0.31955   0.22058   0.04285   0.11149   0.31082   0.17655   0.31866   0.10546   0.11792   0.06467   0.02331   0.01613   0.07194   0.02045   0.04025   0.00014   0.02938   0.02483   0.01811   0.01099   0.02570   0.02678   0.00437   0.02249   0.01693   0.00634   0.01043   0.03693   0.03998   0.02220   0.00380   0.01487   0.00364   0.01850   0.01311   0.00994   0.00147   0.00858   0.00410   0.00232   0.00489   0.00291   0.01030   0.01350   0.03994   0.01245   0.00424   0.00911   0.04076   3.81208   0.27631  
112  2.1162  22461.088711  x:  0.31956   0.22055   0.04285   0.11149   0.31084   0.17656   0.31866   0.10546   0.11792   0.06468   0.02332   0.01613   0.07195   0.02045   0.04025   0.00014   0.02938   0.02483   0.01811   0.01099   0.02570   0.02678   0.00437   0.02249   0.01692   0.00634   0.01043   0.03693   0.03998   0.02219   0.00380   0.01487   0.00364   0.01850   0.01311   0.00994   0.00147   0.00858   0.00410   0.00232   0.00489   0.00291   0.01030   0.01350   0.03994   0.01245   0.00424   0.00911   0.04076   3.81214   0.27632  
113  1.3252  22461.088699  x:  0.31957   0.22051   0.04284   0.11148   0.31086   0.17658   0.31867   0.10545   0.11791   0.06469   0.02331   0.01613   0.07195   0.02045   0.04025   0.00014   0.02938   0.02483   0.01811   0.01099   0.02570   0.02678   0.00437   0.02249   0.01693   0.00634   0.01043   0.03692   0.03998   0.02219   0.00380   0.01487   0.00364   0.01850   0.01311   0.00994   0.00147   0.00858   0.00410   0.00232   0.00489   0.00291   0.01030   0.01350   0.03993   0.01245   0.00424   0.00911   0.04076   3.81219   0.27633  
114  1.9434  22461.088696  x:  0.31957   0.22049   0.04285   0.11148   0.31087   0.17659   0.31867   0.10545   0.11791   0.06468   0.02331   0.01613   0.07195   0.02045   0.04025   0.00014   0.02938   0.02483   0.01811   0.01099   0.02570   0.02678   0.00437   0.02249   0.01693   0.00634   0.01043   0.03693   0.03998   0.02219   0.00380   0.01487   0.00364   0.01850   0.01311   0.00994   0.00147   0.00858   0.00410   0.00232   0.00489   0.00291   0.01030   0.01350   0.03993   0.01245   0.00424   0.00911   0.04076   3.81221   0.27634  
115  0.3992  22461.088694  x:  0.31958   0.22049   0.04285   0.11148   0.31087   0.17659   0.31867   0.10545   0.11791   0.06468   0.02331   0.01613   0.07194   0.02045   0.04025   0.00014   0.02938   0.02483   0.01811   0.01099   0.02570   0.02678   0.00437   0.02249   0.01693   0.00634   0.01043   0.03693   0.03998   0.02219   0.00380   0.01487   0.00364   0.01850   0.01311   0.00994   0.00147   0.00858   0.00410   0.00232   0.00489   0.00291   0.01030   0.01350   0.03993   0.01245   0.00424   0.00911   0.04076   3.81221   0.27634  
116  0.3039  22461.088692  x:  0.31958   0.22048   0.04285   0.11147   0.31087   0.17660   0.31867   0.10546   0.11791   0.06468   0.02331   0.01613   0.07194   0.02045   0.04025   0.00014   0.02938   0.02483   0.01811   0.01099   0.02570   0.02678   0.00437   0.02249   0.01693   0.00634   0.01043   0.03693   0.03998   0.02219   0.00380   0.01487   0.00364   0.01850   0.01311   0.00994   0.00147   0.00858   0.00410   0.00232   0.00489   0.00291   0.01030   0.01350   0.03993   0.01245   0.00424   0.00911   0.04076   3.81221   0.27633  
117  0.1254  22461.088691  x:  0.31958   0.22047   0.04285   0.11147   0.31086   0.17660   0.31867   0.10547   0.11792   0.06468   0.02331   0.01613   0.07193   0.02045   0.04025   0.00014   0.02938   0.02483   0.01811   0.01099   0.02570   0.02678   0.00437   0.02249   0.01693   0.00634   0.01043   0.03693   0.03998   0.02219   0.00380   0.01487   0.00364   0.01850   0.01311   0.00994   0.00147   0.00858   0.00410   0.00232   0.00489   0.00291   0.01030   0.01350   0.03993   0.01245   0.00424   0.00911   0.04076   3.81221   0.27633  
118  0.2443  22461.088683  x:  0.31959   0.22047   0.04285   0.11148   0.31085   0.17660   0.31867   0.10548   0.11792   0.06469   0.02331   0.01613   0.07193   0.02045   0.04025   0.00014   0.02938   0.02483   0.01811   0.01099   0.02570   0.02678   0.00437   0.02249   0.01693   0.00634   0.01043   0.03693   0.03998   0.02219   0.00380   0.01487   0.00364   0.01850   0.01311   0.00994   0.00147   0.00858   0.00410   0.00232   0.00489   0.00291   0.01030   0.01350   0.03994   0.01245   0.00424   0.00911   0.04078   3.81221   0.27633  
119  0.1061  22461.088562  x:  0.31971   0.22041   0.04283   0.11156   0.31071   0.17658   0.31876   0.10548   0.11789   0.06469   0.02332   0.01613   0.07192   0.02044   0.04025   0.00014   0.02938   0.02484   0.01811   0.01099   0.02570   0.02678   0.00437   0.02249   0.01693   0.00634   0.01043   0.03693   0.03998   0.02220   0.00380   0.01487   0.00364   0.01850   0.01311   0.00994   0.00147   0.00858   0.00410   0.00232   0.00489   0.00291   0.01030   0.01350   0.03993   0.01245   0.00423   0.00911   0.04076   3.81221   0.27633  
120  0.4615  22461.088494  x:  0.31974   0.22040   0.04284   0.11155   0.31067   0.17657   0.31879   0.10547   0.11789   0.06469   0.02331   0.01613   0.07193   0.02049   0.04025   0.00014   0.02938   0.02483   0.01811   0.01099   0.02570   0.02678   0.00437   0.02249   0.01693   0.00634   0.01043   0.03692   0.03999   0.02219   0.00380   0.01487   0.00364   0.01850   0.01311   0.00994   0.00147   0.00858   0.00410   0.00232   0.00489   0.00291   0.01030   0.01350   0.03993   0.01245   0.00423   0.00911   0.04075   3.81221   0.27634  
121  0.9204  22461.087890  x:  0.31988   0.22038   0.04290   0.11131   0.31049   0.17653   0.31891   0.10535   0.11796   0.06469   0.02332   0.01613   0.07200   0.02045   0.04024   0.00014   0.02937   0.02484   0.01811   0.01099   0.02570   0.02678   0.00436   0.02249   0.01693   0.00634   0.01043   0.03693   0.03998   0.02219   0.00380   0.01487   0.00364   0.01850   0.01311   0.00994   0.00147   0.00858   0.00409   0.00231   0.00489   0.00291   0.01030   0.01350   0.03993   0.01245   0.00423   0.00911   0.04076   3.81218   0.27643  
122  1.5264  22461.076177  x:  0.31953   0.22075   0.04281   0.11152   0.31071   0.17644   0.31868   0.10543   0.11801   0.06492   0.02336   0.01610   0.07207   0.02046   0.04024   0.00011   0.02932   0.02490   0.01810   0.01099   0.02575   0.02674   0.00427   0.02246   0.01694   0.00635   0.01043   0.03691   0.04000   0.02221   0.00379   0.01487   0.00365   0.01850   0.01311   0.00994   0.00146   0.00858   0.00393   0.00220   0.00489   0.00291   0.01030   0.01350   0.03991   0.01245   0.00418   0.00911   0.04073   3.81159   0.27632  
123  0.3174  22461.071166  x:  0.31960   0.22040   0.04286   0.11147   0.31091   0.17665   0.31867   0.10547   0.11789   0.06460   0.02329   0.01614   0.07191   0.02045   0.04025   0.00014   0.02940   0.02481   0.01810   0.01100   0.02569   0.02679   0.00427   0.02250   0.01693   0.00636   0.01043   0.03694   0.03996   0.02218   0.00380   0.01488   0.00367   0.01851   0.01311   0.00995   0.00149   0.00859   0.00393   0.00213   0.00491   0.00292   0.01031   0.01351   0.03993   0.01246   0.00418   0.00911   0.04077   3.81179   0.27634  
124  0.0006  22461.068709  x:  0.31957   0.22048   0.04284   0.11148   0.31087   0.17659   0.31866   0.10546   0.11791   0.06467   0.02331   0.01612   0.07193   0.02045   0.04025   0.00013   0.02938   0.02483   0.01811   0.01099   0.02569   0.02678   0.00430   0.02248   0.01692   0.00635   0.01043   0.03693   0.03998   0.02219   0.00379   0.01487   0.00365   0.01850   0.01310   0.00994   0.00147   0.00859   0.00400   0.00208   0.00489   0.00291   0.01030   0.01350   0.03992   0.01245   0.00420   0.00910   0.04076   3.81177   0.27634  
125  0.0001  22461.068686  x:  0.31958   0.22049   0.04285   0.11148   0.31086   0.17659   0.31867   0.10546   0.11791   0.06468   0.02331   0.01613   0.07194   0.02045   0.04025   0.00013   0.02938   0.02483   0.01811   0.01099   0.02570   0.02678   0.00431   0.02249   0.01693   0.00635   0.01043   0.03693   0.03998   0.02219   0.00380   0.01487   0.00365   0.01850   0.01311   0.00994   0.00147   0.00858   0.00400   0.00208   0.00489   0.00291   0.01030   0.01350   0.03993   0.01245   0.00420   0.00911   0.04076   3.81178   0.27634  
126  0.0000  22461.068686  x:  0.31957   0.22049   0.04284   0.11148   0.31086   0.17659   0.31867   0.10546   0.11791   0.06468   0.02331   0.01613   0.07194   0.02045   0.04025   0.00013   0.02938   0.02483   0.01811   0.01099   0.02570   0.02678   0.00431   0.02249   0.01693   0.00635   0.01043   0.03693   0.03998   0.02219   0.00380   0.01487   0.00365   0.01850   0.01311   0.00994   0.00147   0.00858   0.00400   0.00208   0.00489   0.00291   0.01030   0.01350   0.03993   0.01245   0.00420   0.00911   0.04076   3.81178   0.27634  